173,1,557.9457397460938,671.351318359375,-1,-1,1,-1,-1,-1
186,1,430.0113525390625,557.91748046875,-1,-1,1,-1,-1,-1
189,1,429.83343505859375,543.758544921875,-1,-1,1,-1,-1,-1
192,1,422.62518310546875,536.572021484375,-1,-1,1,-1,-1,-1
194,1,415.4622802734375,536.6084594726562,-1,-1,1,-1,-1,-1
195,1,415.8438415527344,536.27783203125,-1,-1,1,-1,-1,-1
196,1,408.540771484375,536.3987426757812,-1,-1,1,-1,-1,-1
197,1,408.60552978515625,529.211181640625,-1,-1,1,-1,-1,-1
198,1,408.57183837890625,522.1572265625,-1,-1,1,-1,-1,-1
199,1,401.36627197265625,529.2630615234375,-1,-1,1,-1,-1,-1
200,1,408.70660400390625,529.1749267578125,-1,-1,1,-1,-1,-1
201,1,401.3848571777344,536.45458984375,-1,-1,1,-1,-1,-1
201,2,1197.5296630859375,642.5947265625,-1,-1,1,-1,-1,-1
202,1,401.4400634765625,536.5358276367188,-1,-1,1,-1,-1,-1
203,1,401.62188720703125,536.3983764648438,-1,-1,1,-1,-1,-1
204,1,394.4549865722656,543.611572265625,-1,-1,1,-1,-1,-1
205,1,380.0975036621094,557.8695068359375,-1,-1,1,-1,-1,-1
206,1,380.3099670410156,550.7896728515625,-1,-1,1,-1,-1,-1
211,2,1183.069091796875,685.478515625,-1,-1,1,-1,-1,-1
212,2,1176.06787109375,685.10498046875,-1,-1,1,-1,-1,-1
214,2,1161.92041015625,692.51953125,-1,-1,1,-1,-1,-1
224,2,1090.908935546875,713.6323852539062,-1,-1,1,-1,-1,-1
225,2,1076.767822265625,720.67138671875,-1,-1,1,-1,-1,-1
226,2,1069.57568359375,713.7354736328125,-1,-1,1,-1,-1,-1
228,2,1048.1455078125,713.6844482421875,-1,-1,1,-1,-1,-1
229,2,1041.05126953125,713.679931640625,-1,-1,1,-1,-1,-1
230,2,1026.863525390625,713.7657470703125,-1,-1,1,-1,-1,-1
231,2,1019.83984375,713.8482666015625,-1,-1,1,-1,-1,-1
232,2,1012.5953979492188,706.7376098632812,-1,-1,1,-1,-1,-1
233,2,1005.659912109375,713.670166015625,-1,-1,1,-1,-1,-1
234,2,991.61181640625,713.8275146484375,-1,-1,1,-1,-1,-1
235,2,984.3488159179688,713.6522216796875,-1,-1,1,-1,-1,-1
236,2,970.1452026367188,713.6036376953125,-1,-1,1,-1,-1,-1
237,2,955.9113159179688,713.68701171875,-1,-1,1,-1,-1,-1
238,2,941.7872314453125,720.7801513671875,-1,-1,1,-1,-1,-1
239,2,927.5382080078125,727.86376953125,-1,-1,1,-1,-1,-1
240,2,913.2579345703125,727.6485595703125,-1,-1,1,-1,-1,-1
242,2,877.7708740234375,727.7431640625,-1,-1,1,-1,-1,-1
243,2,863.4605102539062,713.8676147460938,-1,-1,1,-1,-1,-1
245,2,827.8983154296875,706.6708984375,-1,-1,1,-1,-1,-1
247,2,792.322021484375,706.568603515625,-1,-1,1,-1,-1,-1
248,2,771.12109375,713.9107666015625,-1,-1,1,-1,-1,-1
249,2,749.8826904296875,713.8692016601562,-1,-1,1,-1,-1,-1
251,2,714.344970703125,713.8480224609375,-1,-1,1,-1,-1,-1
252,2,699.9288330078125,706.5858764648438,-1,-1,1,-1,-1,-1
253,2,678.84375,713.8540649414062,-1,-1,1,-1,-1,-1
254,2,657.5848388671875,713.8660888671875,-1,-1,1,-1,-1,-1
255,2,643.2540283203125,706.8128051757812,-1,-1,1,-1,-1,-1
256,2,621.998779296875,713.81396484375,-1,-1,1,-1,-1,-1
257,2,600.8272705078125,706.7366943359375,-1,-1,1,-1,-1,-1
258,2,586.3639526367188,699.6094970703125,-1,-1,1,-1,-1,-1
259,2,565.1251220703125,699.6126098632812,-1,-1,1,-1,-1,-1
357,3,707.415771484375,770.4078369140625,-1,-1,1,-1,-1,-1
360,3,629.0496826171875,770.3495483398438,-1,-1,1,-1,-1,-1
361,3,607.8561401367188,777.6199340820312,-1,-1,1,-1,-1,-1
362,3,579.53662109375,777.491943359375,-1,-1,1,-1,-1,-1
363,3,550.8922119140625,777.48388671875,-1,-1,1,-1,-1,-1
364,3,529.540283203125,784.7161865234375,-1,-1,1,-1,-1,-1
365,3,501.07574462890625,784.6558837890625,-1,-1,1,-1,-1,-1
366,3,479.88482666015625,791.9009399414062,-1,-1,1,-1,-1,-1
367,3,451.5074462890625,798.9232788085938,-1,-1,1,-1,-1,-1
368,3,422.9912414550781,806.108642578125,-1,-1,1,-1,-1,-1
369,3,387.5483703613281,805.7487182617188,-1,-1,1,-1,-1,-1
370,3,359.0035400390625,813.0310668945312,-1,-1,1,-1,-1,-1
371,3,330.6246337890625,813.0569458007812,-1,-1,1,-1,-1,-1
372,3,295.02410888671875,820.221923828125,-1,-1,1,-1,-1,-1
373,3,259.37652587890625,820.1627197265625,-1,-1,1,-1,-1,-1
374,3,223.8905029296875,827.261962890625,-1,-1,1,-1,-1,-1
375,3,181.29043579101562,826.9171142578125,-1,-1,1,-1,-1,-1
376,3,145.68679809570312,834.290283203125,-1,-1,1,-1,-1,-1
377,3,103.22669219970703,834.056396484375,-1,-1,1,-1,-1,-1
378,3,67.79369354248047,841.382080078125,-1,-1,1,-1,-1,-1
464,4,1247.421630859375,656.8426513671875,-1,-1,1,-1,-1,-1
465,4,1211.860595703125,664.015380859375,-1,-1,1,-1,-1,-1
466,4,1169.4039306640625,671.1846923828125,-1,-1,1,-1,-1,-1
467,4,1133.7259521484375,670.9775390625,-1,-1,1,-1,-1,-1
468,4,1091.1904296875,678.29345703125,-1,-1,1,-1,-1,-1
469,4,1048.5379638671875,677.9840698242188,-1,-1,1,-1,-1,-1
470,4,1005.9971923828125,678.0350952148438,-1,-1,1,-1,-1,-1
471,4,956.2554931640625,677.89306640625,-1,-1,1,-1,-1,-1
472,4,906.5817260742188,677.8443603515625,-1,-1,1,-1,-1,-1
473,4,849.8060302734375,677.7918090820312,-1,-1,1,-1,-1,-1
474,4,800.07275390625,685.3134765625,-1,-1,1,-1,-1,-1
475,4,743.09716796875,685.1187744140625,-1,-1,1,-1,-1,-1
476,4,693.3268432617188,692.1181640625,-1,-1,1,-1,-1,-1
477,4,636.508544921875,699.356689453125,-1,-1,1,-1,-1,-1
478,4,579.8224487304688,713.6962280273438,-1,-1,1,-1,-1,-1
480,4,466.1654968261719,742.487548828125,-1,-1,1,-1,-1,-1
482,4,338.18927001953125,763.6641845703125,-1,-1,1,-1,-1,-1
497,5,1374.9775390625,798.877197265625,-1,-1,1,-1,-1,-1
499,5,1296.911865234375,798.8798217773438,-1,-1,1,-1,-1,-1
500,5,1254.40869140625,791.6941528320312,-1,-1,1,-1,-1,-1
501,5,1218.8372802734375,791.7987060546875,-1,-1,1,-1,-1,-1
502,5,1176.30029296875,791.57763671875,-1,-1,1,-1,-1,-1
503,5,1140.6611328125,784.5125732421875,-1,-1,1,-1,-1,-1
504,5,1105.206787109375,784.5108032226562,-1,-1,1,-1,-1,-1
505,5,1062.5587158203125,791.5570678710938,-1,-1,1,-1,-1,-1
506,5,1033.99462890625,784.5457763671875,-1,-1,1,-1,-1,-1
507,5,991.423583984375,784.4713134765625,-1,-1,1,-1,-1,-1
508,5,955.7911376953125,784.476806640625,-1,-1,1,-1,-1,-1
509,5,920.4061279296875,784.490966796875,-1,-1,1,-1,-1,-1
510,5,877.8035888671875,784.5919189453125,-1,-1,1,-1,-1,-1
511,5,835.0570068359375,784.5308227539062,-1,-1,1,-1,-1,-1
512,5,792.4930419921875,784.6912841796875,-1,-1,1,-1,-1,-1
513,5,749.886474609375,784.6484985351562,-1,-1,1,-1,-1,-1
514,5,707.26220703125,777.7542724609375,-1,-1,1,-1,-1,-1
515,5,664.583984375,777.8416137695312,-1,-1,1,-1,-1,-1
516,5,622.1142578125,784.7915649414062,-1,-1,1,-1,-1,-1
517,5,579.2626953125,784.7365112304688,-1,-1,1,-1,-1,-1
518,5,536.73828125,791.9459228515625,-1,-1,1,-1,-1,-1
519,5,494.03411865234375,799.06201171875,-1,-1,1,-1,-1,-1
520,5,451.4093017578125,798.9486083984375,-1,-1,1,-1,-1,-1
521,5,408.79412841796875,806.1619873046875,-1,-1,1,-1,-1,-1
522,5,366.16839599609375,805.9752197265625,-1,-1,1,-1,-1,-1
523,5,316.4583740234375,806.0322265625,-1,-1,1,-1,-1,-1
524,5,259.41363525390625,806.030517578125,-1,-1,1,-1,-1,-1
525,5,209.76614379882812,805.9862060546875,-1,-1,1,-1,-1,-1
526,5,159.95059204101562,806.02294921875,-1,-1,1,-1,-1,-1
527,5,110.268798828125,805.987548828125,-1,-1,1,-1,-1,-1
531,6,1865.577392578125,777.3773193359375,-1,-1,1,-1,-1,-1
535,6,1744.7001953125,770.5174560546875,-1,-1,1,-1,-1,-1
542,6,1517.27880859375,734.706787109375,-1,-1,1,-1,-1,-1
543,6,1481.72021484375,727.6698608398438,-1,-1,1,-1,-1,-1
544,6,1453.1600341796875,727.87255859375,-1,-1,1,-1,-1,-1
546,6,1389.469970703125,713.4117431640625,-1,-1,1,-1,-1,-1
548,6,1332.6619873046875,706.2567138671875,-1,-1,1,-1,-1,-1
550,6,1275.8031005859375,699.06298828125,-1,-1,1,-1,-1,-1
551,6,1247.3819580078125,699.0789794921875,-1,-1,1,-1,-1,-1
552,6,1225.934814453125,692.041015625,-1,-1,1,-1,-1,-1
553,6,1190.59130859375,692.1322631835938,-1,-1,1,-1,-1,-1
554,6,1162.07958984375,692.1943359375,-1,-1,1,-1,-1,-1
555,6,1133.671142578125,692.16015625,-1,-1,1,-1,-1,-1
556,6,1098.1551513671875,692.0178833007812,-1,-1,1,-1,-1,-1
557,6,1069.71435546875,692.1615600585938,-1,-1,1,-1,-1,-1
558,6,1034.157958984375,692.2208251953125,-1,-1,1,-1,-1,-1
559,6,991.5015258789062,692.27783203125,-1,-1,1,-1,-1,-1
559,7,1233.27880859375,486.276611328125,-1,-1,1,-1,-1,-1
560,6,941.6075439453125,692.404052734375,-1,-1,1,-1,-1,-1
560,7,1226.198486328125,486.30303955078125,-1,-1,1,-1,-1,-1
561,6,891.8070678710938,685.1456298828125,-1,-1,1,-1,-1,-1
561,7,1226.23828125,486.24267578125,-1,-1,1,-1,-1,-1
562,6,842.2110595703125,685.2322998046875,-1,-1,1,-1,-1,-1
562,7,1219.10205078125,486.0380859375,-1,-1,1,-1,-1,-1
563,6,792.60986328125,685.265625,-1,-1,1,-1,-1,-1
563,7,1218.850830078125,493.4810791015625,-1,-1,1,-1,-1,-1
564,6,735.6834716796875,692.4083251953125,-1,-1,1,-1,-1,-1
564,7,1175.9501953125,564.035400390625,-1,-1,1,-1,-1,-1
565,7,1204.7451171875,500.43963623046875,-1,-1,1,-1,-1,-1
566,7,1154.78662109375,571.1126708984375,-1,-1,1,-1,-1,-1
567,7,1197.738525390625,507.46514892578125,-1,-1,1,-1,-1,-1
568,7,1190.64306640625,514.7240600585938,-1,-1,1,-1,-1,-1
569,7,1176.3055419921875,528.9754638671875,-1,-1,1,-1,-1,-1
570,7,1169.365478515625,535.8134155273438,-1,-1,1,-1,-1,-1
571,7,1162.148193359375,550.0546264648438,-1,-1,1,-1,-1,-1
572,7,1140.7476806640625,564.55810546875,-1,-1,1,-1,-1,-1
573,7,1126.574951171875,578.6810302734375,-1,-1,1,-1,-1,-1
574,7,1112.3837890625,585.60400390625,-1,-1,1,-1,-1,-1
575,7,1091.085205078125,599.953857421875,-1,-1,1,-1,-1,-1
577,7,1041.306884765625,621.2259521484375,-1,-1,1,-1,-1,-1
578,7,1012.9660034179688,628.5079345703125,-1,-1,1,-1,-1,-1
579,7,984.52490234375,642.5443725585938,-1,-1,1,-1,-1,-1
580,7,963.3497314453125,649.580810546875,-1,-1,1,-1,-1,-1
581,7,934.908935546875,656.6777954101562,-1,-1,1,-1,-1,-1
582,7,906.517578125,663.7967529296875,-1,-1,1,-1,-1,-1
583,7,878.1143798828125,671.0029296875,-1,-1,1,-1,-1,-1
584,7,849.723876953125,671.0563354492188,-1,-1,1,-1,-1,-1
585,7,821.2967529296875,678.0491333007812,-1,-1,1,-1,-1,-1
586,7,792.85693359375,678.01953125,-1,-1,1,-1,-1,-1
587,7,764.4293212890625,685.2127685546875,-1,-1,1,-1,-1,-1
589,7,707.6229248046875,692.0672607421875,-1,-1,1,-1,-1,-1
590,7,664.914306640625,699.4993896484375,-1,-1,1,-1,-1,-1
591,7,629.324951171875,699.3130493164062,-1,-1,1,-1,-1,-1
592,7,593.952880859375,706.4627075195312,-1,-1,1,-1,-1,-1
593,7,558.4496459960938,706.220703125,-1,-1,1,-1,-1,-1
594,7,515.5970458984375,706.423095703125,-1,-1,1,-1,-1,-1
595,7,472.89801025390625,713.3001708984375,-1,-1,1,-1,-1,-1
596,7,430.2607727050781,720.458251953125,-1,-1,1,-1,-1,-1
601,8,1531.15478515625,629.06982421875,-1,-1,1,-1,-1,-1
603,8,1452.892822265625,629.0416259765625,-1,-1,1,-1,-1,-1
604,8,1417.2359619140625,635.84326171875,-1,-1,1,-1,-1,-1
605,8,1367.5552978515625,635.9950561523438,-1,-1,1,-1,-1,-1
606,8,1339.1580810546875,635.958251953125,-1,-1,1,-1,-1,-1
607,8,1303.6822509765625,635.846435546875,-1,-1,1,-1,-1,-1
608,8,1268.103271484375,628.5723266601562,-1,-1,1,-1,-1,-1
609,8,1239.71630859375,635.62890625,-1,-1,1,-1,-1,-1
610,8,1204.3665771484375,614.0510864257812,-1,-1,1,-1,-1,-1
611,8,1176.068359375,614.0623779296875,-1,-1,1,-1,-1,-1
1026,9,1368.2509765625,493.1942138671875,-1,-1,1,-1,-1,-1
1029,9,1311.197509765625,493.42041015625,-1,-1,1,-1,-1,-1
1030,9,1289.6748046875,493.49053955078125,-1,-1,1,-1,-1,-1
1031,9,1268.47314453125,486.1143493652344,-1,-1,1,-1,-1,-1
1032,9,1239.99462890625,486.03277587890625,-1,-1,1,-1,-1,-1
1033,9,1218.849609375,486.0738525390625,-1,-1,1,-1,-1,-1
1034,9,1190.4013671875,486.1553955078125,-1,-1,1,-1,-1,-1
1035,9,1162.097412109375,485.94573974609375,-1,-1,1,-1,-1,-1
1036,9,1140.819580078125,485.911865234375,-1,-1,1,-1,-1,-1
1037,9,1105.2900390625,485.97662353515625,-1,-1,1,-1,-1,-1
1038,9,1076.809814453125,486.0203857421875,-1,-1,1,-1,-1,-1
1042,9,955.9280395507812,464.7674255371094,-1,-1,1,-1,-1,-1
1043,9,920.3099975585938,464.76611328125,-1,-1,1,-1,-1,-1
1044,9,877.7694702148438,457.75885009765625,-1,-1,1,-1,-1,-1
1046,9,799.4835815429688,450.8658142089844,-1,-1,1,-1,-1,-1
1241,10,1083.677490234375,685.121337890625,-1,-1,1,-1,-1,-1
1242,10,1062.473876953125,685.078125,-1,-1,1,-1,-1,-1
1271,10,550.764404296875,635.6109619140625,-1,-1,1,-1,-1,-1
1276,10,451.29022216796875,628.5679931640625,-1,-1,1,-1,-1,-1
1284,10,309.2477111816406,628.632568359375,-1,-1,1,-1,-1,-1
1288,10,252.39175415039062,628.5513916015625,-1,-1,1,-1,-1,-1
1289,10,245.27468872070312,635.6884765625,-1,-1,1,-1,-1,-1
1290,10,238.10153198242188,635.738037109375,-1,-1,1,-1,-1,-1
1291,10,231.17449951171875,628.7166748046875,-1,-1,1,-1,-1,-1
1292,10,216.889892578125,628.5888671875,-1,-1,1,-1,-1,-1
1293,10,216.91517639160156,628.6126708984375,-1,-1,1,-1,-1,-1
1294,10,209.80307006835938,628.6367797851562,-1,-1,1,-1,-1,-1
1295,10,202.67645263671875,628.6119384765625,-1,-1,1,-1,-1,-1
1296,10,195.62161254882812,628.5235595703125,-1,-1,1,-1,-1,-1
1297,10,181.3701171875,628.6759033203125,-1,-1,1,-1,-1,-1
1298,10,174.2261962890625,628.66259765625,-1,-1,1,-1,-1,-1
1299,10,167.11517333984375,628.7373046875,-1,-1,1,-1,-1,-1
1300,10,152.91192626953125,628.5988159179688,-1,-1,1,-1,-1,-1
1301,10,145.8369140625,621.5038452148438,-1,-1,1,-1,-1,-1
1302,10,131.54624938964844,621.4863891601562,-1,-1,1,-1,-1,-1
1303,10,117.37617492675781,621.5284423828125,-1,-1,1,-1,-1,-1
1304,10,96.09072875976562,621.4346313476562,-1,-1,1,-1,-1,-1
1305,10,81.77268981933594,621.4345092773438,-1,-1,1,-1,-1,-1
1306,10,67.6048355102539,621.4722900390625,-1,-1,1,-1,-1,-1
1307,10,46.468257904052734,621.443115234375,-1,-1,1,-1,-1,-1
1458,11,693.009521484375,372.09820556640625,-1,-1,1,-1,-1,-1
1462,11,579.177978515625,365.1982421875,-1,-1,1,-1,-1,-1
1463,11,544.1387939453125,379.34027099609375,-1,-1,1,-1,-1,-1
1464,11,515.0639038085938,364.93487548828125,-1,-1,1,-1,-1,-1
1465,11,479.65386962890625,365.06829833984375,-1,-1,1,-1,-1,-1
1466,11,429.90191650390625,365.1170654296875,-1,-1,1,-1,-1,-1
1467,11,394.5992431640625,364.9365234375,-1,-1,1,-1,-1,-1
1468,11,344.58392333984375,365.06219482421875,-1,-1,1,-1,-1,-1
1578,12,1730.277099609375,664.0371704101562,-1,-1,1,-1,-1,-1
1580,12,1701.97412109375,663.7958374023438,-1,-1,1,-1,-1,-1
1582,12,1673.5877685546875,671.0661010742188,-1,-1,1,-1,-1,-1
1584,12,1645.29443359375,671.0924072265625,-1,-1,1,-1,-1,-1
1587,12,1616.75732421875,663.7183837890625,-1,-1,1,-1,-1,-1
1589,12,1595.4599609375,656.8468017578125,-1,-1,1,-1,-1,-1
1592,12,1567.13427734375,642.3486938476562,-1,-1,1,-1,-1,-1
1603,12,1488.771484375,642.4231567382812,-1,-1,1,-1,-1,-1
1605,12,1453.170654296875,649.5599365234375,-1,-1,1,-1,-1,-1
1606,12,1439.092041015625,649.572021484375,-1,-1,1,-1,-1,-1
1607,12,1417.60107421875,656.860107421875,-1,-1,1,-1,-1,-1
1608,12,1403.4415283203125,663.8350830078125,-1,-1,1,-1,-1,-1
1609,12,1382.1378173828125,663.821044921875,-1,-1,1,-1,-1,-1
1610,12,1367.919921875,671.0235595703125,-1,-1,1,-1,-1,-1
1611,12,1346.6561279296875,670.8660888671875,-1,-1,1,-1,-1,-1
1612,12,1325.299560546875,678.1348876953125,-1,-1,1,-1,-1,-1
1613,12,1304.042236328125,677.9908447265625,-1,-1,1,-1,-1,-1
1614,12,1282.69921875,685.2069091796875,-1,-1,1,-1,-1,-1
1615,12,1268.42138671875,692.146240234375,-1,-1,1,-1,-1,-1
1616,12,1247.216064453125,692.0369873046875,-1,-1,1,-1,-1,-1
1617,12,1225.959228515625,699.2205810546875,-1,-1,1,-1,-1,-1
1618,12,1204.5263671875,706.41064453125,-1,-1,1,-1,-1,-1
1619,12,1183.275634765625,706.2748413085938,-1,-1,1,-1,-1,-1
1620,12,1168.964111328125,713.5783081054688,-1,-1,1,-1,-1,-1
1621,12,1147.64111328125,713.3438720703125,-1,-1,1,-1,-1,-1
1622,12,1126.4610595703125,713.3463134765625,-1,-1,1,-1,-1,-1
1623,12,1105.137451171875,713.3446044921875,-1,-1,1,-1,-1,-1
1624,12,1083.666015625,720.6097412109375,-1,-1,1,-1,-1,-1
1625,12,1069.47998046875,720.4296875,-1,-1,1,-1,-1,-1
1626,12,1048.1348876953125,713.279296875,-1,-1,1,-1,-1,-1
1627,12,1019.8900756835938,713.4451904296875,-1,-1,1,-1,-1,-1
1628,12,1005.58544921875,713.2724609375,-1,-1,1,-1,-1,-1
1629,12,984.3199462890625,713.4818115234375,-1,-1,1,-1,-1,-1
1630,12,963.0201416015625,713.3232421875,-1,-1,1,-1,-1,-1
1631,12,941.5615234375,713.6151123046875,-1,-1,1,-1,-1,-1
1632,12,920.2711181640625,713.6322021484375,-1,-1,1,-1,-1,-1
1634,12,884.8623046875,706.238525390625,-1,-1,1,-1,-1,-1
1636,12,849.190673828125,706.2120971679688,-1,-1,1,-1,-1,-1
1637,12,828.0428466796875,706.22021484375,-1,-1,1,-1,-1,-1
1638,12,806.78662109375,706.32568359375,-1,-1,1,-1,-1,-1
1643,12,707.2779541015625,706.348388671875,-1,-1,1,-1,-1,-1
1644,12,693.0712890625,706.387451171875,-1,-1,1,-1,-1,-1
1646,12,650.3648681640625,699.0752563476562,-1,-1,1,-1,-1,-1
1647,12,622.0530395507812,699.213623046875,-1,-1,1,-1,-1,-1
1649,12,565.189697265625,692.1100463867188,-1,-1,1,-1,-1,-1
1651,12,515.3225708007812,685.1190795898438,-1,-1,1,-1,-1,-1
1652,12,480.019775390625,677.643798828125,-1,-1,1,-1,-1,-1
1653,12,451.38665771484375,670.613525390625,-1,-1,1,-1,-1,-1
1656,12,345.01068115234375,663.6439208984375,-1,-1,1,-1,-1,-1
1943,13,1502.775146484375,315.8011474609375,-1,-1,1,-1,-1,-1
1944,13,1481.25830078125,315.8463439941406,-1,-1,1,-1,-1,-1
1948,13,1410.331787109375,301.66259765625,-1,-1,1,-1,-1,-1
1949,13,1389.1412353515625,294.485595703125,-1,-1,1,-1,-1,-1
1951,13,1353.25048828125,294.4197692871094,-1,-1,1,-1,-1,-1
1953,13,1310.801025390625,287.4281311035156,-1,-1,1,-1,-1,-1
1955,13,1268.230224609375,280.1667785644531,-1,-1,1,-1,-1,-1
1959,13,1197.182861328125,266.05999755859375,-1,-1,1,-1,-1,-1
1960,13,1175.742919921875,265.8955383300781,-1,-1,1,-1,-1,-1
1961,13,1161.608642578125,258.9548645019531,-1,-1,1,-1,-1,-1
1962,13,1140.2650146484375,258.8880310058594,-1,-1,1,-1,-1,-1
1963,13,1126.217041015625,258.8269958496094,-1,-1,1,-1,-1,-1
1964,13,1104.9189453125,251.8779296875,-1,-1,1,-1,-1,-1
1965,13,1090.689208984375,251.88363647460938,-1,-1,1,-1,-1,-1
1966,13,1076.44140625,251.8671875,-1,-1,1,-1,-1,-1
1967,13,1055.236572265625,251.636962890625,-1,-1,1,-1,-1,-1
1968,13,1040.913818359375,251.73895263671875,-1,-1,1,-1,-1,-1
1969,13,1026.8935546875,251.62136840820312,-1,-1,1,-1,-1,-1
1970,13,1012.4276123046875,251.68313598632812,-1,-1,1,-1,-1,-1
1972,13,983.9337158203125,251.7635498046875,-1,-1,1,-1,-1,-1
1973,13,969.764404296875,251.79981994628906,-1,-1,1,-1,-1,-1
1974,13,962.5438842773438,251.7698974609375,-1,-1,1,-1,-1,-1
1992,13,735.56396484375,187.81039428710938,-1,-1,1,-1,-1,-1
1993,13,714.236083984375,187.82534790039062,-1,-1,1,-1,-1,-1
1994,13,692.7015380859375,187.75587463378906,-1,-1,1,-1,-1,-1
1995,13,678.6738891601562,180.6007080078125,-1,-1,1,-1,-1,-1
1996,13,628.9974365234375,216.25802612304688,-1,-1,1,-1,-1,-1
2008,13,401.85498046875,123.84091186523438,-1,-1,1,-1,-1,-1
2017,13,188.54611206054688,152.05535888671875,-1,-1,1,-1,-1,-1
2018,13,160.08045959472656,152.34381103515625,-1,-1,1,-1,-1,-1
2019,13,124.5731201171875,159.3949737548828,-1,-1,1,-1,-1,-1
2020,13,96.17522430419922,159.42465209960938,-1,-1,1,-1,-1,-1
2272,14,1666.07470703125,699.5601806640625,-1,-1,1,-1,-1,-1
2273,14,1644.805419921875,699.4431762695312,-1,-1,1,-1,-1,-1
2277,14,1552.5130615234375,699.303955078125,-1,-1,1,-1,-1,-1
2280,14,1460.363037109375,692.2388916015625,-1,-1,1,-1,-1,-1
2283,14,1367.640869140625,685.314208984375,-1,-1,1,-1,-1,-1
2284,14,1332.269287109375,685.1199951171875,-1,-1,1,-1,-1,-1
2285,14,1296.658935546875,685.2537841796875,-1,-1,1,-1,-1,-1
2286,14,1261.2183837890625,685.1022338867188,-1,-1,1,-1,-1,-1
2287,14,1225.7347412109375,685.1032104492188,-1,-1,1,-1,-1,-1
2288,14,1190.22021484375,685.2442626953125,-1,-1,1,-1,-1,-1
2289,14,1154.5546875,692.474365234375,-1,-1,1,-1,-1,-1
2290,14,1119.021484375,692.3617553710938,-1,-1,1,-1,-1,-1
2291,14,1090.52734375,699.5181884765625,-1,-1,1,-1,-1,-1
2293,14,1012.4676513671875,706.7514038085938,-1,-1,1,-1,-1,-1
2294,14,977.1771240234375,706.4603881835938,-1,-1,1,-1,-1,-1
2295,14,934.05712890625,706.450439453125,-1,-1,1,-1,-1,-1
2296,14,891.501953125,713.8270263671875,-1,-1,1,-1,-1,-1
2297,14,834.69775390625,713.5469970703125,-1,-1,1,-1,-1,-1
2297,15,1410.5313720703125,720.5493774414062,-1,-1,1,-1,-1,-1
2298,14,799.1409912109375,720.7059326171875,-1,-1,1,-1,-1,-1
2298,15,1375.080078125,720.57373046875,-1,-1,1,-1,-1,-1
2299,14,756.7415771484375,720.6658325195312,-1,-1,1,-1,-1,-1
2299,15,1346.7421875,720.7996826171875,-1,-1,1,-1,-1,-1
2300,14,721.0438842773438,720.669189453125,-1,-1,1,-1,-1,-1
2300,15,1311.11181640625,720.4976806640625,-1,-1,1,-1,-1,-1
2301,14,678.6270751953125,727.8350830078125,-1,-1,1,-1,-1,-1
2302,14,635.5831298828125,727.8018188476562,-1,-1,1,-1,-1,-1
2302,15,1247.291015625,727.8150634765625,-1,-1,1,-1,-1,-1
2303,15,1211.664794921875,727.9898071289062,-1,-1,1,-1,-1,-1
2304,14,550.51513671875,735.0125732421875,-1,-1,1,-1,-1,-1
2305,15,1147.73291015625,734.884033203125,-1,-1,1,-1,-1,-1
2306,14,458.0391845703125,742.1129760742188,-1,-1,1,-1,-1,-1
2306,15,1112.22021484375,734.7068481445312,-1,-1,1,-1,-1,-1
2307,15,1076.799072265625,734.9151000976562,-1,-1,1,-1,-1,-1
2308,15,1048.07666015625,742.0823974609375,-1,-1,1,-1,-1,-1
2309,15,1012.5442504882812,741.95947265625,-1,-1,1,-1,-1,-1
2319,15,700.0103149414062,741.9412841796875,-1,-1,1,-1,-1,-1
2320,15,664.376708984375,741.98876953125,-1,-1,1,-1,-1,-1
2322,15,586.465087890625,735.169921875,-1,-1,1,-1,-1,-1
2323,15,550.8847045898438,735.1190185546875,-1,-1,1,-1,-1,-1
2324,15,508.38128662109375,735.072021484375,-1,-1,1,-1,-1,-1
2963,16,1382.200439453125,742.068359375,-1,-1,1,-1,-1,-1
2971,16,1048.52783203125,756.084228515625,-1,-1,1,-1,-1,-1
2972,16,1013.1156005859375,763.343505859375,-1,-1,1,-1,-1,-1
2973,16,977.3624267578125,763.075439453125,-1,-1,1,-1,-1,-1
2974,16,941.8953857421875,755.9925537109375,-1,-1,1,-1,-1,-1
2975,16,913.48779296875,756.2514038085938,-1,-1,1,-1,-1,-1
2976,16,877.8931884765625,749.027099609375,-1,-1,1,-1,-1,-1
2977,16,842.407958984375,749.2171630859375,-1,-1,1,-1,-1,-1
2978,16,821.3403930664062,748.9815673828125,-1,-1,1,-1,-1,-1
2979,16,778.076904296875,734.9935302734375,-1,-1,1,-1,-1,-1
2980,16,749.716796875,742.309814453125,-1,-1,1,-1,-1,-1
2981,16,721.46337890625,742.1848754882812,-1,-1,1,-1,-1,-1
2982,16,678.7745971679688,734.9712524414062,-1,-1,1,-1,-1,-1
2983,16,650.7001953125,734.8091430664062,-1,-1,1,-1,-1,-1
2984,16,607.6383056640625,742.207275390625,-1,-1,1,-1,-1,-1
2985,16,565.1241455078125,735.0054321289062,-1,-1,1,-1,-1,-1
2986,16,515.337890625,727.6896362304688,-1,-1,1,-1,-1,-1
2987,16,465.589599609375,720.7210693359375,-1,-1,1,-1,-1,-1
2990,16,330.8731994628906,741.8802490234375,-1,-1,1,-1,-1,-1
3152,17,1652.280517578125,670.67724609375,-1,-1,1,-1,-1,-1
3155,17,1588.1951904296875,677.982421875,-1,-1,1,-1,-1,-1
3156,17,1574.19384765625,678.1132202148438,-1,-1,1,-1,-1,-1
3157,17,1545.649169921875,677.8436279296875,-1,-1,1,-1,-1,-1
3158,17,1531.37744140625,677.6630859375,-1,-1,1,-1,-1,-1
3162,17,1466.87255859375,670.8922119140625,-1,-1,1,-1,-1,-1
3163,17,1452.92626953125,670.821533203125,-1,-1,1,-1,-1,-1
3164,17,1431.591796875,670.8902587890625,-1,-1,1,-1,-1,-1
3165,17,1417.431396484375,663.8349609375,-1,-1,1,-1,-1,-1
3166,17,1403.2874755859375,663.9716796875,-1,-1,1,-1,-1,-1
3167,17,1388.933349609375,656.6431884765625,-1,-1,1,-1,-1,-1
3175,17,1296.5645751953125,650.326416015625,-1,-1,1,-1,-1,-1
3180,17,1211.2716064453125,628.4254760742188,-1,-1,1,-1,-1,-1
3182,17,1168.603515625,621.5777587890625,-1,-1,1,-1,-1,-1
3183,17,1140.137939453125,614.431884765625,-1,-1,1,-1,-1,-1
3184,17,1118.8360595703125,614.65625,-1,-1,1,-1,-1,-1
3185,17,1090.57568359375,614.9403686523438,-1,-1,1,-1,-1,-1
3187,17,1047.9605712890625,607.4718017578125,-1,-1,1,-1,-1,-1
3193,17,920.2691650390625,621.82861328125,-1,-1,1,-1,-1,-1
3194,17,892.027587890625,614.297119140625,-1,-1,1,-1,-1,-1
3195,17,870.7518310546875,614.44775390625,-1,-1,1,-1,-1,-1
3196,17,841.97900390625,614.4917602539062,-1,-1,1,-1,-1,-1
3197,17,821.0781860351562,614.4367065429688,-1,-1,1,-1,-1,-1
3198,17,792.4669189453125,614.544921875,-1,-1,1,-1,-1,-1
3199,17,763.918212890625,621.5438232421875,-1,-1,1,-1,-1,-1
3200,17,742.414306640625,621.4437255859375,-1,-1,1,-1,-1,-1
3201,17,714.2392578125,621.5357666015625,-1,-1,1,-1,-1,-1
3202,17,685.9044189453125,621.3502197265625,-1,-1,1,-1,-1,-1
3203,17,657.4857788085938,621.4631958007812,-1,-1,1,-1,-1,-1
3204,17,636.3380126953125,621.4632568359375,-1,-1,1,-1,-1,-1
3207,17,536.6007690429688,614.468505859375,-1,-1,1,-1,-1,-1
3208,17,500.88983154296875,614.4813232421875,-1,-1,1,-1,-1,-1
4064,18,1446.431640625,664.615234375,-1,-1,1,-1,-1,-1
4065,18,1411.0450439453125,664.4244995117188,-1,-1,1,-1,-1,-1
4066,18,1375.333984375,664.5276489257812,-1,-1,1,-1,-1,-1
4067,18,1325.383544921875,656.9293212890625,-1,-1,1,-1,-1,-1
4068,18,1289.90234375,657.2344970703125,-1,-1,1,-1,-1,-1
4082,18,707.0968017578125,628.9449462890625,-1,-1,1,-1,-1,-1
4083,18,657.6778564453125,621.4981079101562,-1,-1,1,-1,-1,-1
4084,18,614.8228759765625,614.6175537109375,-1,-1,1,-1,-1,-1
4085,18,572.1012573242188,607.6336669921875,-1,-1,1,-1,-1,-1
4185,19,1396.599609375,621.2415161132812,-1,-1,1,-1,-1,-1
4186,19,1361.100830078125,621.249267578125,-1,-1,1,-1,-1,-1
4187,19,1318.520751953125,628.219482421875,-1,-1,1,-1,-1,-1
4188,19,1275.8367919921875,628.3348388671875,-1,-1,1,-1,-1,-1
4189,19,1239.94287109375,628.6251220703125,-1,-1,1,-1,-1,-1
4190,19,1204.32861328125,635.6138916015625,-1,-1,1,-1,-1,-1
4191,19,1154.4407958984375,635.6919555664062,-1,-1,1,-1,-1,-1
4196,19,1048.3294677734375,741.8433837890625,-1,-1,1,-1,-1,-1
4201,19,828.1708984375,756.205810546875,-1,-1,1,-1,-1,-1
4202,19,778.2955322265625,763.3023681640625,-1,-1,1,-1,-1,-1
4203,19,735.7579345703125,770.4134521484375,-1,-1,1,-1,-1,-1
4204,19,686.0149536132812,777.5193481445312,-1,-1,1,-1,-1,-1
4205,19,629.1961669921875,784.4674072265625,-1,-1,1,-1,-1,-1
4206,19,572.3493041992188,784.4578247070312,-1,-1,1,-1,-1,-1
4207,19,515.42041015625,784.6083984375,-1,-1,1,-1,-1,-1
4208,19,451.63482666015625,777.35791015625,-1,-1,1,-1,-1,-1
4209,19,373.46044921875,777.3621826171875,-1,-1,1,-1,-1,-1
4211,19,217.2989501953125,756.3272705078125,-1,-1,1,-1,-1,-1
4212,19,124.81940460205078,749.0310668945312,-1,-1,1,-1,-1,-1
4226,20,1297.182373046875,876.7740478515625,-1,-1,1,-1,-1,-1
4227,20,1254.599365234375,884.1329345703125,-1,-1,1,-1,-1,-1
4228,20,1211.868896484375,883.993408203125,-1,-1,1,-1,-1,-1
4229,20,1176.485595703125,891.1838989257812,-1,-1,1,-1,-1,-1
4312,21,1126.09765625,792.2518310546875,-1,-1,1,-1,-1,-1
4313,21,1090.797607421875,792.194580078125,-1,-1,1,-1,-1,-1
4314,21,1033.888427734375,799.15283203125,-1,-1,1,-1,-1,-1
4315,21,1005.1834716796875,792.2667846679688,-1,-1,1,-1,-1,-1
4316,21,941.6712646484375,799.231201171875,-1,-1,1,-1,-1,-1
4317,21,891.7158203125,799.2462158203125,-1,-1,1,-1,-1,-1
4318,21,841.8935546875,799.3348999023438,-1,-1,1,-1,-1,-1
4327,21,443.9591064453125,848.6045532226562,-1,-1,1,-1,-1,-1
4328,21,380.3701477050781,855.789794921875,-1,-1,1,-1,-1,-1
4329,21,316.5742492675781,862.80859375,-1,-1,1,-1,-1,-1
4330,21,295.13067626953125,862.4873046875,-1,-1,1,-1,-1,-1
4557,22,1318.38525390625,862.76904296875,-1,-1,1,-1,-1,-1
4560,22,1232.927734375,863.0423583984375,-1,-1,1,-1,-1,-1
4562,22,1183.17578125,863.06005859375,-1,-1,1,-1,-1,-1
4563,22,1154.72802734375,863.0020751953125,-1,-1,1,-1,-1,-1
4564,22,1119.00634765625,855.8731689453125,-1,-1,1,-1,-1,-1
4565,22,1090.625244140625,848.5790405273438,-1,-1,1,-1,-1,-1
4566,22,1069.3359375,855.9483642578125,-1,-1,1,-1,-1,-1
4567,22,1040.99462890625,848.969970703125,-1,-1,1,-1,-1,-1
4576,22,714.2859497070312,841.6658935546875,-1,-1,1,-1,-1,-1
4577,22,657.292236328125,820.3011474609375,-1,-1,1,-1,-1,-1
4578,22,643.1632690429688,841.72998046875,-1,-1,1,-1,-1,-1
4579,22,579.1865844726562,820.1000366210938,-1,-1,1,-1,-1,-1
4580,22,565.05712890625,841.6971435546875,-1,-1,1,-1,-1,-1
4581,22,522.2628173828125,841.7769775390625,-1,-1,1,-1,-1,-1
4888,23,1879.8912353515625,621.161376953125,-1,-1,1,-1,-1,-1
4889,23,1872.5115966796875,621.1490478515625,-1,-1,1,-1,-1,-1
4890,23,1858.26220703125,621.384521484375,-1,-1,1,-1,-1,-1
4891,23,1843.875244140625,621.5694580078125,-1,-1,1,-1,-1,-1
4892,23,1837.030517578125,614.1290893554688,-1,-1,1,-1,-1,-1
4893,23,1829.83544921875,621.3648681640625,-1,-1,1,-1,-1,-1
4894,23,1822.583251953125,628.4793090820312,-1,-1,1,-1,-1,-1
4895,23,1808.5050048828125,621.1757202148438,-1,-1,1,-1,-1,-1
4896,23,1801.33984375,620.9990234375,-1,-1,1,-1,-1,-1
4897,23,1787.095458984375,621.1612548828125,-1,-1,1,-1,-1,-1
4898,23,1779.853271484375,628.412109375,-1,-1,1,-1,-1,-1
4899,23,1765.767578125,628.47412109375,-1,-1,1,-1,-1,-1
4900,23,1758.7979736328125,628.5452270507812,-1,-1,1,-1,-1,-1
4901,23,1758.728515625,635.659423828125,-1,-1,1,-1,-1,-1
4902,23,1758.8016357421875,635.54638671875,-1,-1,1,-1,-1,-1
4903,23,1751.640625,642.7694091796875,-1,-1,1,-1,-1,-1
4904,23,1744.64208984375,642.9003295898438,-1,-1,1,-1,-1,-1
4905,23,1737.54638671875,642.82861328125,-1,-1,1,-1,-1,-1
4906,23,1730.401611328125,642.7513427734375,-1,-1,1,-1,-1,-1
4907,23,1723.35693359375,642.7455444335938,-1,-1,1,-1,-1,-1
4908,23,1709.09619140625,642.8589477539062,-1,-1,1,-1,-1,-1
4909,23,1702.126220703125,642.9313354492188,-1,-1,1,-1,-1,-1
4910,23,1687.888916015625,642.947509765625,-1,-1,1,-1,-1,-1
4911,23,1680.7100830078125,635.593505859375,-1,-1,1,-1,-1,-1
4912,23,1673.625,635.7034912109375,-1,-1,1,-1,-1,-1
4913,23,1659.4837646484375,635.7357177734375,-1,-1,1,-1,-1,-1
4914,23,1645.1571044921875,628.2833251953125,-1,-1,1,-1,-1,-1
4915,23,1631.070068359375,628.46728515625,-1,-1,1,-1,-1,-1
4916,23,1616.804931640625,628.5452880859375,-1,-1,1,-1,-1,-1
4917,23,1602.5400390625,628.6336669921875,-1,-1,1,-1,-1,-1
4918,23,1588.3375244140625,621.2001953125,-1,-1,1,-1,-1,-1
4919,23,1574.19775390625,621.3944702148438,-1,-1,1,-1,-1,-1
4920,23,1559.87353515625,621.644775390625,-1,-1,1,-1,-1,-1
4921,23,1545.730712890625,621.5431518554688,-1,-1,1,-1,-1,-1
4922,23,1531.50634765625,614.141845703125,-1,-1,1,-1,-1,-1
4923,23,1517.263916015625,621.5775146484375,-1,-1,1,-1,-1,-1
4924,23,1495.848388671875,621.462158203125,-1,-1,1,-1,-1,-1
4925,23,1481.723876953125,621.5140380859375,-1,-1,1,-1,-1,-1
4926,23,1460.423583984375,621.4048461914062,-1,-1,1,-1,-1,-1
4927,23,1446.30615234375,621.3162841796875,-1,-1,1,-1,-1,-1
4928,23,1432.1146240234375,621.2860717773438,-1,-1,1,-1,-1,-1
4929,23,1410.638427734375,628.6683959960938,-1,-1,1,-1,-1,-1
4930,23,1396.3203125,628.6921997070312,-1,-1,1,-1,-1,-1
4931,23,1382.265869140625,628.7415161132812,-1,-1,1,-1,-1,-1
4932,23,1360.879638671875,628.6561889648438,-1,-1,1,-1,-1,-1
4933,23,1346.7840576171875,628.612060546875,-1,-1,1,-1,-1,-1
4934,23,1325.4246826171875,628.619873046875,-1,-1,1,-1,-1,-1
4935,23,1311.253662109375,628.661865234375,-1,-1,1,-1,-1,-1
4936,23,1297.048583984375,628.6585693359375,-1,-1,1,-1,-1,-1
4937,23,1275.666259765625,628.6069946289062,-1,-1,1,-1,-1,-1
4938,23,1261.4674072265625,628.6660766601562,-1,-1,1,-1,-1,-1
4939,23,1247.2764892578125,628.5963134765625,-1,-1,1,-1,-1,-1
4940,23,1225.9273681640625,628.5829467773438,-1,-1,1,-1,-1,-1
4941,23,1211.7647705078125,628.5278930664062,-1,-1,1,-1,-1,-1
4942,23,1197.54052734375,628.562255859375,-1,-1,1,-1,-1,-1
4943,23,1183.30224609375,628.6046752929688,-1,-1,1,-1,-1,-1
4944,23,1169.114990234375,628.7293090820312,-1,-1,1,-1,-1,-1
4945,23,1154.8687744140625,628.6478881835938,-1,-1,1,-1,-1,-1
4946,23,1133.58251953125,621.5092163085938,-1,-1,1,-1,-1,-1
4947,23,1119.3426513671875,621.6233520507812,-1,-1,1,-1,-1,-1
4948,23,1105.104736328125,621.7305297851562,-1,-1,1,-1,-1,-1
4949,23,1091.012451171875,614.2592163085938,-1,-1,1,-1,-1,-1
4950,23,1076.774658203125,614.3511962890625,-1,-1,1,-1,-1,-1
4951,23,1062.5919189453125,614.5089111328125,-1,-1,1,-1,-1,-1
4952,23,1048.369384765625,607.06201171875,-1,-1,1,-1,-1,-1
4953,23,1034.2757568359375,607.2864990234375,-1,-1,1,-1,-1,-1
4954,23,1012.861083984375,607.44140625,-1,-1,1,-1,-1,-1
4955,23,998.6820068359375,600.0826416015625,-1,-1,1,-1,-1,-1
4956,23,984.4380493164062,600.2093505859375,-1,-1,1,-1,-1,-1
4957,23,970.1669921875,600.2044067382812,-1,-1,1,-1,-1,-1
4958,23,956.0053100585938,592.9453735351562,-1,-1,1,-1,-1,-1
4959,23,941.8009643554688,593.12353515625,-1,-1,1,-1,-1,-1
4960,23,927.4901123046875,585.6651611328125,-1,-1,1,-1,-1,-1
4961,23,906.227783203125,585.841064453125,-1,-1,1,-1,-1,-1
4962,23,892.0308837890625,585.965087890625,-1,-1,1,-1,-1,-1
4963,23,877.84130859375,585.947265625,-1,-1,1,-1,-1,-1
4964,23,863.5911865234375,585.9075927734375,-1,-1,1,-1,-1,-1
4965,23,849.4277954101562,585.86181640625,-1,-1,1,-1,-1,-1
4966,23,835.099853515625,585.8695678710938,-1,-1,1,-1,-1,-1
4967,23,828.0133056640625,593.1412353515625,-1,-1,1,-1,-1,-1
4968,23,813.756103515625,593.1148681640625,-1,-1,1,-1,-1,-1
4969,23,806.72314453125,593.1279296875,-1,-1,1,-1,-1,-1
4970,23,799.5850219726562,593.0283203125,-1,-1,1,-1,-1,-1
4971,23,792.5086669921875,592.8863525390625,-1,-1,1,-1,-1,-1
4972,23,778.148193359375,600.3436279296875,-1,-1,1,-1,-1,-1
4973,23,771.2392578125,600.220458984375,-1,-1,1,-1,-1,-1
4974,23,756.9390258789062,600.115478515625,-1,-1,1,-1,-1,-1
4975,23,749.852294921875,607.2916259765625,-1,-1,1,-1,-1,-1
4976,23,735.6417236328125,607.4494018554688,-1,-1,1,-1,-1,-1
4977,23,728.6029052734375,607.3291625976562,-1,-1,1,-1,-1,-1
4978,23,714.3589477539062,607.2945556640625,-1,-1,1,-1,-1,-1
4979,23,707.2041015625,607.063232421875,-1,-1,1,-1,-1,-1
4980,23,693.028076171875,607.225830078125,-1,-1,1,-1,-1,-1
4981,23,678.7898559570312,607.23193359375,-1,-1,1,-1,-1,-1
4982,23,671.6668701171875,607.1566162109375,-1,-1,1,-1,-1,-1
4983,23,657.470703125,614.5584716796875,-1,-1,1,-1,-1,-1
4984,23,650.3980102539062,614.3902587890625,-1,-1,1,-1,-1,-1
4985,23,636.15576171875,614.4749755859375,-1,-1,1,-1,-1,-1
4986,23,622.013671875,614.4813842773438,-1,-1,1,-1,-1,-1
4987,23,614.8367919921875,614.429443359375,-1,-1,1,-1,-1,-1
4988,23,607.7332153320312,614.4188232421875,-1,-1,1,-1,-1,-1
4989,23,593.61083984375,614.1785888671875,-1,-1,1,-1,-1,-1
4990,23,579.3755493164062,614.3426513671875,-1,-1,1,-1,-1,-1
4991,23,565.08056640625,621.60400390625,-1,-1,1,-1,-1,-1
4992,23,550.8693237304688,621.7365112304688,-1,-1,1,-1,-1,-1
4993,23,536.7569580078125,614.219482421875,-1,-1,1,-1,-1,-1
4994,23,522.4600830078125,614.376708984375,-1,-1,1,-1,-1,-1
4995,23,501.23468017578125,607.2842407226562,-1,-1,1,-1,-1,-1
4996,23,486.9720153808594,607.3886108398438,-1,-1,1,-1,-1,-1
4997,23,472.6583251953125,607.3902587890625,-1,-1,1,-1,-1,-1
4998,23,465.6845397949219,600.0960693359375,-1,-1,1,-1,-1,-1
4999,23,444.2026062011719,600.324951171875,-1,-1,1,-1,-1,-1
5000,23,429.73052978515625,600.022216796875,-1,-1,1,-1,-1,-1
5001,23,415.824462890625,593.0863037109375,-1,-1,1,-1,-1,-1
5002,23,401.7778625488281,585.7916259765625,-1,-1,1,-1,-1,-1
5003,23,380.44683837890625,585.9497680664062,-1,-1,1,-1,-1,-1
5004,23,366.15740966796875,585.941650390625,-1,-1,1,-1,-1,-1
5005,23,344.87103271484375,578.5933837890625,-1,-1,1,-1,-1,-1
5006,23,323.69293212890625,578.6444702148438,-1,-1,1,-1,-1,-1
5007,23,302.18511962890625,578.715576171875,-1,-1,1,-1,-1,-1
5008,23,288.04815673828125,578.4825439453125,-1,-1,1,-1,-1,-1
5009,23,266.6287841796875,585.98193359375,-1,-1,1,-1,-1,-1
5010,23,245.3260498046875,585.9982299804688,-1,-1,1,-1,-1,-1
5011,23,224.04986572265625,585.955078125,-1,-1,1,-1,-1,-1
5012,23,202.68515014648438,585.9105224609375,-1,-1,1,-1,-1,-1
5013,23,181.45748901367188,585.828369140625,-1,-1,1,-1,-1,-1
5014,23,153.04489135742188,585.804443359375,-1,-1,1,-1,-1,-1
5015,23,131.53652954101562,578.5570068359375,-1,-1,1,-1,-1,-1
5016,23,110.30462646484375,578.6735229492188,-1,-1,1,-1,-1,-1
5017,23,81.96637725830078,578.79248046875,-1,-1,1,-1,-1,-1
5018,23,60.71169662475586,578.9366455078125,-1,-1,1,-1,-1,-1
5066,24,1808.4041748046875,798.7093505859375,-1,-1,1,-1,-1,-1
5068,24,1772.999755859375,798.7879638671875,-1,-1,1,-1,-1,-1
5069,24,1758.79248046875,798.7330322265625,-1,-1,1,-1,-1,-1
5070,24,1744.4473876953125,798.7601318359375,-1,-1,1,-1,-1,-1
5071,24,1730.4417724609375,798.6224365234375,-1,-1,1,-1,-1,-1
5072,24,1709.230224609375,798.5618896484375,-1,-1,1,-1,-1,-1
5073,24,1695.0521240234375,798.5693359375,-1,-1,1,-1,-1,-1
5074,24,1680.680419921875,798.7236328125,-1,-1,1,-1,-1,-1
5075,24,1659.445556640625,798.8434448242188,-1,-1,1,-1,-1,-1
5076,24,1638.091796875,798.7130126953125,-1,-1,1,-1,-1,-1
5077,24,1623.69970703125,798.6612548828125,-1,-1,1,-1,-1,-1
5078,24,1609.76123046875,798.8233032226562,-1,-1,1,-1,-1,-1
5079,24,1588.4566650390625,798.5255126953125,-1,-1,1,-1,-1,-1
5080,24,1567.109619140625,791.556884765625,-1,-1,1,-1,-1,-1
5081,24,1545.846923828125,791.6484375,-1,-1,1,-1,-1,-1
5082,24,1517.475830078125,791.4243774414062,-1,-1,1,-1,-1,-1
5083,24,1503.33984375,791.3743896484375,-1,-1,1,-1,-1,-1
5084,24,1481.910400390625,784.5078125,-1,-1,1,-1,-1,-1
5085,24,1460.4775390625,784.5234375,-1,-1,1,-1,-1,-1
5086,24,1446.22607421875,784.3653564453125,-1,-1,1,-1,-1,-1
5087,24,1424.61181640625,777.4923706054688,-1,-1,1,-1,-1,-1
5088,24,1403.4921875,777.2500610351562,-1,-1,1,-1,-1,-1
5089,24,1375.075439453125,777.3280029296875,-1,-1,1,-1,-1,-1
5090,24,1353.598388671875,770.2484130859375,-1,-1,1,-1,-1,-1
5091,24,1332.224365234375,770.2193603515625,-1,-1,1,-1,-1,-1
5092,24,1318.174560546875,770.2286987304688,-1,-1,1,-1,-1,-1
5093,24,1296.62158203125,763.2200317382812,-1,-1,1,-1,-1,-1
5094,24,1275.439208984375,763.2332153320312,-1,-1,1,-1,-1,-1
5095,24,1247.1104736328125,763.29638671875,-1,-1,1,-1,-1,-1
5096,24,1225.399658203125,756.4046630859375,-1,-1,1,-1,-1,-1
5097,24,1204.21923828125,756.3169555664062,-1,-1,1,-1,-1,-1
5098,24,1182.91796875,756.2227783203125,-1,-1,1,-1,-1,-1
5099,24,1161.67333984375,756.0836181640625,-1,-1,1,-1,-1,-1
5100,24,1133.31689453125,756.0262451171875,-1,-1,1,-1,-1,-1
5101,24,1111.8896484375,756.0272216796875,-1,-1,1,-1,-1,-1
5102,24,1083.467041015625,756.0588989257812,-1,-1,1,-1,-1,-1
5103,24,1062.29736328125,756.1651000976562,-1,-1,1,-1,-1,-1
5105,24,1012.2813720703125,749.0474853515625,-1,-1,1,-1,-1,-1
5106,24,983.9598388671875,749.05615234375,-1,-1,1,-1,-1,-1
5107,24,962.83203125,749.054443359375,-1,-1,1,-1,-1,-1
5111,24,870.3719482421875,742.2353515625,-1,-1,1,-1,-1,-1
5112,24,842.291748046875,742.185791015625,-1,-1,1,-1,-1,-1
5114,24,792.2694091796875,734.9176025390625,-1,-1,1,-1,-1,-1
5115,24,764.018798828125,734.88134765625,-1,-1,1,-1,-1,-1
5116,24,735.3952026367188,727.6796875,-1,-1,1,-1,-1,-1
5117,24,713.9088134765625,727.778564453125,-1,-1,1,-1,-1,-1
5118,24,685.8203125,727.6494140625,-1,-1,1,-1,-1,-1
5119,24,657.6043701171875,727.834716796875,-1,-1,1,-1,-1,-1
5120,24,636.0865478515625,720.6046142578125,-1,-1,1,-1,-1,-1
5121,24,607.52197265625,720.4564819335938,-1,-1,1,-1,-1,-1
5122,24,586.2127075195312,720.5362548828125,-1,-1,1,-1,-1,-1
5123,24,557.9061279296875,720.4523315429688,-1,-1,1,-1,-1,-1
5124,24,522.39501953125,720.6754760742188,-1,-1,1,-1,-1,-1
5125,24,494.0518798828125,720.6446533203125,-1,-1,1,-1,-1,-1
5126,24,472.79876708984375,720.5564575195312,-1,-1,1,-1,-1,-1
5127,24,444.27398681640625,720.7017822265625,-1,-1,1,-1,-1,-1
5128,24,415.9048156738281,720.7433471679688,-1,-1,1,-1,-1,-1
5129,24,387.7345886230469,720.6934204101562,-1,-1,1,-1,-1,-1
5130,24,359.0914306640625,720.61376953125,-1,-1,1,-1,-1,-1
5131,24,330.9940490722656,720.6100463867188,-1,-1,1,-1,-1,-1
5132,24,309.54168701171875,720.6325073242188,-1,-1,1,-1,-1,-1
5133,24,280.9029235839844,720.5604248046875,-1,-1,1,-1,-1,-1
5134,24,252.57888793945312,720.7828369140625,-1,-1,1,-1,-1,-1
5231,25,1872.218505859375,642.219482421875,-1,-1,1,-1,-1,-1
5232,25,1865.0030517578125,635.0948486328125,-1,-1,1,-1,-1,-1
5244,25,1716.8189697265625,535.7100830078125,-1,-1,1,-1,-1,-1
5246,25,1751.663818359375,464.93701171875,-1,-1,1,-1,-1,-1
5248,25,1652.6832275390625,535.9599609375,-1,-1,1,-1,-1,-1
5249,25,1638.4365234375,535.9776000976562,-1,-1,1,-1,-1,-1
5250,25,1624.288818359375,535.8984985351562,-1,-1,1,-1,-1,-1
5252,25,1595.63916015625,535.967041015625,-1,-1,1,-1,-1,-1
5254,25,1574.0386962890625,535.8883056640625,-1,-1,1,-1,-1,-1
5256,25,1538.5687255859375,542.9060668945312,-1,-1,1,-1,-1,-1
5257,25,1524.273193359375,543.0609741210938,-1,-1,1,-1,-1,-1
5258,25,1510.2373046875,549.927978515625,-1,-1,1,-1,-1,-1
5259,25,1495.8140869140625,550.0174560546875,-1,-1,1,-1,-1,-1
5260,25,1481.7366943359375,550.02880859375,-1,-1,1,-1,-1,-1
5261,25,1474.499267578125,550.0888671875,-1,-1,1,-1,-1,-1
5262,25,1460.28955078125,550.0553588867188,-1,-1,1,-1,-1,-1
5263,25,1446.01220703125,550.0980834960938,-1,-1,1,-1,-1,-1
5264,25,1431.779541015625,557.0869140625,-1,-1,1,-1,-1,-1
5265,25,1424.537353515625,557.032958984375,-1,-1,1,-1,-1,-1
5268,25,1403.28369140625,557.089599609375,-1,-1,1,-1,-1,-1
5269,25,1403.3697509765625,550.1661987304688,-1,-1,1,-1,-1,-1
5270,25,1389.19970703125,557.3129272460938,-1,-1,1,-1,-1,-1
5279,25,1318.13134765625,550.3399047851562,-1,-1,1,-1,-1,-1
5280,25,1303.796142578125,550.2042236328125,-1,-1,1,-1,-1,-1
5281,25,1296.8165283203125,557.210693359375,-1,-1,1,-1,-1,-1
5281,26,1147.786865234375,649.8077392578125,-1,-1,1,-1,-1,-1
5282,25,1289.6646728515625,557.12353515625,-1,-1,1,-1,-1,-1
5283,25,1282.51123046875,557.162109375,-1,-1,1,-1,-1,-1
5283,26,1119.3883056640625,649.80859375,-1,-1,1,-1,-1,-1
5284,25,1275.4903564453125,557.3330078125,-1,-1,1,-1,-1,-1
5284,26,1105.10498046875,649.7518310546875,-1,-1,1,-1,-1,-1
5285,25,1261.16015625,557.0648193359375,-1,-1,1,-1,-1,-1
5285,26,1090.951171875,649.7078857421875,-1,-1,1,-1,-1,-1
5286,25,1254.125732421875,557.3294677734375,-1,-1,1,-1,-1,-1
5286,26,1076.52294921875,642.6358642578125,-1,-1,1,-1,-1,-1
5287,25,1246.897705078125,557.5778198242188,-1,-1,1,-1,-1,-1
5287,26,1062.399658203125,642.7404174804688,-1,-1,1,-1,-1,-1
5288,25,1239.79345703125,557.0979614257812,-1,-1,1,-1,-1,-1
5289,26,1034.071044921875,635.527587890625,-1,-1,1,-1,-1,-1
5291,25,1211.47021484375,543.2001953125,-1,-1,1,-1,-1,-1
5292,25,1197.5550537109375,542.8406982421875,-1,-1,1,-1,-1,-1
5294,25,1183.134521484375,535.9655151367188,-1,-1,1,-1,-1,-1
5319,26,593.9381103515625,543.0302734375,-1,-1,1,-1,-1,-1
5320,26,565.6758422851562,543.088134765625,-1,-1,1,-1,-1,-1
5321,26,529.970947265625,543.1043090820312,-1,-1,1,-1,-1,-1
5322,26,515.85400390625,543.1668090820312,-1,-1,1,-1,-1,-1
5323,26,487.52325439453125,550.189697265625,-1,-1,1,-1,-1,-1
5324,26,466.21978759765625,550.2455444335938,-1,-1,1,-1,-1,-1
5325,26,444.82073974609375,550.2542114257812,-1,-1,1,-1,-1,-1
