1,1,1490.5068359375,736.9902954101562,-1,-1,1,-1,-1,-1
2,1,1531.8333740234375,737.0967407226562,-1,-1,1,-1,-1,-1
4,1,1610.6502685546875,736.987060546875,-1,-1,1,-1,-1,-1
5,1,1646.319580078125,736.9193725585938,-1,-1,1,-1,-1,-1
6,1,1681.43994140625,736.6607666015625,-1,-1,1,-1,-1,-1
42,2,1195.964599609375,635.3367919921875,-1,-1,1,-1,-1,-1
43,2,1212.1055908203125,634.48876953125,-1,-1,1,-1,-1,-1
44,2,1233.48583984375,641.601318359375,-1,-1,1,-1,-1,-1
45,2,1260.498046875,643.3194580078125,-1,-1,1,-1,-1,-1
46,2,1282.015380859375,642.7122802734375,-1,-1,1,-1,-1,-1
48,2,1318.623046875,643.320068359375,-1,-1,1,-1,-1,-1
92,3,1254.486328125,607.76806640625,-1,-1,1,-1,-1,-1
93,3,1347.371826171875,612.3480224609375,-1,-1,1,-1,-1,-1
94,3,1440.080810546875,622.060546875,-1,-1,1,-1,-1,-1
97,4,437.20635986328125,644.6270751953125,-1,-1,1,-1,-1,-1
100,4,429.8604736328125,659.281005859375,-1,-1,1,-1,-1,-1
101,4,422.97283935546875,662.5509033203125,-1,-1,1,-1,-1,-1
103,4,415.6636657714844,669.2886962890625,-1,-1,1,-1,-1,-1
104,4,408.9722900390625,672.6777954101562,-1,-1,1,-1,-1,-1
107,4,408.61773681640625,672.2860107421875,-1,-1,1,-1,-1,-1
108,4,408.630859375,672.285888671875,-1,-1,1,-1,-1,-1
109,4,408.72503662109375,672.453369140625,-1,-1,1,-1,-1,-1
110,4,408.68072509765625,672.2843017578125,-1,-1,1,-1,-1,-1
111,4,408.61993408203125,671.6237182617188,-1,-1,1,-1,-1,-1
112,4,408.6180419921875,671.4354248046875,-1,-1,1,-1,-1,-1
113,4,415.4844970703125,672.1993408203125,-1,-1,1,-1,-1,-1
114,4,415.85028076171875,672.5979614257812,-1,-1,1,-1,-1,-1
115,4,415.6698303222656,671.24853515625,-1,-1,1,-1,-1,-1
116,4,422.69122314453125,671.6276245117188,-1,-1,1,-1,-1,-1
117,4,429.51220703125,672.210205078125,-1,-1,1,-1,-1,-1
118,4,436.76983642578125,672.7745361328125,-1,-1,1,-1,-1,-1
119,4,444.0147705078125,678.2605590820312,-1,-1,1,-1,-1,-1
120,4,451.12762451171875,683.9703369140625,-1,-1,1,-1,-1,-1
121,4,465.19561767578125,687.608154296875,-1,-1,1,-1,-1,-1
122,4,472.6275634765625,694.0030517578125,-1,-1,1,-1,-1,-1
123,4,486.6481018066406,697.8572387695312,-1,-1,1,-1,-1,-1
124,4,501.1630859375,701.184326171875,-1,-1,1,-1,-1,-1
125,4,522.2277221679688,704.63623046875,-1,-1,1,-1,-1,-1
126,4,536.4559936523438,704.651611328125,-1,-1,1,-1,-1,-1
127,4,550.7155151367188,704.853271484375,-1,-1,1,-1,-1,-1
128,4,565.0381469726562,701.1824951171875,-1,-1,1,-1,-1,-1
129,4,579.068115234375,704.71484375,-1,-1,1,-1,-1,-1
130,4,600.3748168945312,707.5513305664062,-1,-1,1,-1,-1,-1
131,4,614.5831298828125,713.3506469726562,-1,-1,1,-1,-1,-1
132,4,636.0007934570312,714.0291137695312,-1,-1,1,-1,-1,-1
133,4,650.19677734375,705.9744873046875,-1,-1,1,-1,-1,-1
134,4,671.2120971679688,698.606201171875,-1,-1,1,-1,-1,-1
135,4,678.4989013671875,690.5629272460938,-1,-1,1,-1,-1,-1
136,4,692.6463012695312,678.7115478515625,-1,-1,1,-1,-1,-1
137,4,713.9527587890625,672.143310546875,-1,-1,1,-1,-1,-1
138,4,728.3659057617188,665.0767211914062,-1,-1,1,-1,-1,-1
139,4,742.217041015625,657.4865112304688,-1,-1,1,-1,-1,-1
140,4,749.6572875976562,650.4249877929688,-1,-1,1,-1,-1,-1
141,4,756.8515625,643.8579711914062,-1,-1,1,-1,-1,-1
142,4,764.0224609375,630.9734497070312,-1,-1,1,-1,-1,-1
143,4,771.0914306640625,622.8109130859375,-1,-1,1,-1,-1,-1
144,4,770.908203125,615.6168212890625,-1,-1,1,-1,-1,-1
145,4,785.108154296875,613.5902709960938,-1,-1,1,-1,-1,-1
146,4,792.211181640625,612.4395751953125,-1,-1,1,-1,-1,-1
147,4,799.254638671875,612.3651123046875,-1,-1,1,-1,-1,-1
148,4,813.4398193359375,612.3106689453125,-1,-1,1,-1,-1,-1
149,4,820.6163330078125,612.7642822265625,-1,-1,1,-1,-1,-1
150,4,827.7662963867188,612.7952880859375,-1,-1,1,-1,-1,-1
151,4,842.1237182617188,615.072021484375,-1,-1,1,-1,-1,-1
152,4,842.351318359375,619.3956298828125,-1,-1,1,-1,-1,-1
153,4,849.1784057617188,622.5641479492188,-1,-1,1,-1,-1,-1
154,4,849.3915405273438,626.3707275390625,-1,-1,1,-1,-1,-1
155,4,856.3096313476562,626.8140869140625,-1,-1,1,-1,-1,-1
156,4,856.3482055664062,626.7906494140625,-1,-1,1,-1,-1,-1
157,4,856.4525756835938,623.944091796875,-1,-1,1,-1,-1,-1
158,4,856.7933349609375,622.3677978515625,-1,-1,1,-1,-1,-1
159,4,863.52197265625,619.5426025390625,-1,-1,1,-1,-1,-1
160,4,863.647705078125,614.1117553710938,-1,-1,1,-1,-1,-1
161,4,870.624267578125,612.3353271484375,-1,-1,1,-1,-1,-1
162,4,877.572509765625,607.740478515625,-1,-1,1,-1,-1,-1
163,4,884.6763916015625,607.8232421875,-1,-1,1,-1,-1,-1
164,4,891.934814453125,605.1473388671875,-1,-1,1,-1,-1,-1
165,4,899.2276000976562,605.017333984375,-1,-1,1,-1,-1,-1
166,4,906.296142578125,601.9371337890625,-1,-1,1,-1,-1,-1
167,4,920.69287109375,601.99853515625,-1,-1,1,-1,-1,-1
168,4,935.131591796875,605.1737060546875,-1,-1,1,-1,-1,-1
169,4,956.1100463867188,606.271484375,-1,-1,1,-1,-1,-1
170,4,970.5005493164062,608.524658203125,-1,-1,1,-1,-1,-1
171,4,991.8619384765625,612.469482421875,-1,-1,1,-1,-1,-1
172,4,1013.109619140625,614.2251586914062,-1,-1,1,-1,-1,-1
173,4,1034.2603759765625,615.1824340820312,-1,-1,1,-1,-1,-1
174,4,1055.62548828125,616.2801513671875,-1,-1,1,-1,-1,-1
175,4,1076.68798828125,620.202392578125,-1,-1,1,-1,-1,-1
176,4,1098.1346435546875,630.0604248046875,-1,-1,1,-1,-1,-1
177,4,1119.4583740234375,641.96142578125,-1,-1,1,-1,-1,-1
178,4,1141.0914306640625,654.8246459960938,-1,-1,1,-1,-1,-1
179,4,1162.3336181640625,668.8253173828125,-1,-1,1,-1,-1,-1
180,4,1190.442626953125,683.0953369140625,-1,-1,1,-1,-1,-1
181,4,1212.114501953125,697.8670654296875,-1,-1,1,-1,-1,-1
182,4,1240.488037109375,712.2462158203125,-1,-1,1,-1,-1,-1
183,4,1275.751220703125,727.07861328125,-1,-1,1,-1,-1,-1
184,4,1311.32275390625,749.6981201171875,-1,-1,1,-1,-1,-1
185,4,1360.6580810546875,763.5784912109375,-1,-1,1,-1,-1,-1
186,4,1403.5126953125,762.795166015625,-1,-1,1,-1,-1,-1
187,4,1438.991455078125,756.53759765625,-1,-1,1,-1,-1,-1
188,4,1474.91064453125,747.8478393554688,-1,-1,1,-1,-1,-1
189,4,1517.317138671875,740.490478515625,-1,-1,1,-1,-1,-1
190,4,1552.5780029296875,728.7755126953125,-1,-1,1,-1,-1,-1
191,4,1595.3175048828125,720.5892333984375,-1,-1,1,-1,-1,-1
192,4,1644.8267822265625,708.527587890625,-1,-1,1,-1,-1,-1
193,4,1694.802734375,697.8173828125,-1,-1,1,-1,-1,-1
194,4,1751.359375,686.7310180664062,-1,-1,1,-1,-1,-1
195,4,1794.616455078125,698.2968139648438,-1,-1,1,-1,-1,-1
196,4,1858.741943359375,705.197998046875,-1,-1,1,-1,-1,-1
257,5,39.43678665161133,608.061279296875,-1,-1,1,-1,-1,-1
258,5,60.330204010009766,605.6602783203125,-1,-1,1,-1,-1,-1
259,5,81.8971939086914,605.2076416015625,-1,-1,1,-1,-1,-1
260,5,103.08370971679688,605.0717163085938,-1,-1,1,-1,-1,-1
261,5,123.99568176269531,605.1875,-1,-1,1,-1,-1,-1
262,5,139.26025390625,606.2311401367188,-1,-1,1,-1,-1,-1
263,5,159.7814178466797,606.97021484375,-1,-1,1,-1,-1,-1
264,5,174.9811553955078,607.905029296875,-1,-1,1,-1,-1,-1
265,5,196.02870178222656,608.1737060546875,-1,-1,1,-1,-1,-1
266,5,216.77626037597656,608.8001708984375,-1,-1,1,-1,-1,-1
267,5,238.12686157226562,613.250732421875,-1,-1,1,-1,-1,-1
268,5,259.3645324707031,614.721435546875,-1,-1,1,-1,-1,-1
269,5,288.0552978515625,615.6746215820312,-1,-1,1,-1,-1,-1
270,5,309.4847412109375,615.7266845703125,-1,-1,1,-1,-1,-1
270,6,970.8433837890625,748.4034423828125,-1,-1,1,-1,-1,-1
271,5,330.1100769042969,615.7068481445312,-1,-1,1,-1,-1,-1
271,6,999.636474609375,749.49462890625,-1,-1,1,-1,-1,-1
272,5,345.03125,615.263916015625,-1,-1,1,-1,-1,-1
272,6,1028.442626953125,742.1151123046875,-1,-1,1,-1,-1,-1
273,5,359.3983154296875,615.7031860351562,-1,-1,1,-1,-1,-1
273,6,1056.8985595703125,748.8101806640625,-1,-1,1,-1,-1,-1
273,7,466.1585388183594,722.1124267578125,-1,-1,1,-1,-1,-1
274,5,373.64569091796875,615.1651611328125,-1,-1,1,-1,-1,-1
274,6,1085.50244140625,747.824462890625,-1,-1,1,-1,-1,-1
274,7,479.87445068359375,721.6464233398438,-1,-1,1,-1,-1,-1
275,5,387.53033447265625,614.8328857421875,-1,-1,1,-1,-1,-1
275,6,1113.13232421875,749.0555419921875,-1,-1,1,-1,-1,-1
275,7,500.6956787109375,720.789306640625,-1,-1,1,-1,-1,-1
276,5,401.8562927246094,608.56396484375,-1,-1,1,-1,-1,-1
276,6,1141.5712890625,748.6495361328125,-1,-1,1,-1,-1,-1
276,7,515.927001953125,720.3504028320312,-1,-1,1,-1,-1,-1
277,5,416.223876953125,608.2984008789062,-1,-1,1,-1,-1,-1
277,6,1174.938232421875,742.2384643554688,-1,-1,1,-1,-1,-1
277,7,529.7236938476562,719.9990234375,-1,-1,1,-1,-1,-1
278,5,436.8973388671875,608.1649169921875,-1,-1,1,-1,-1,-1
278,7,550.4163208007812,720.684814453125,-1,-1,1,-1,-1,-1
279,5,458.44781494140625,607.4756469726562,-1,-1,1,-1,-1,-1
279,6,1240.697998046875,742.174072265625,-1,-1,1,-1,-1,-1
279,7,572.3274536132812,719.4190673828125,-1,-1,1,-1,-1,-1
280,5,472.7398681640625,606.6009521484375,-1,-1,1,-1,-1,-1
280,6,1269.53125,741.6668701171875,-1,-1,1,-1,-1,-1
280,7,593.4522705078125,726.7144775390625,-1,-1,1,-1,-1,-1
281,5,494.169677734375,606.0828857421875,-1,-1,1,-1,-1,-1
281,6,1304.4991455078125,756.3182373046875,-1,-1,1,-1,-1,-1
281,7,615.1494750976562,720.982421875,-1,-1,1,-1,-1,-1
282,5,515.8524169921875,607.988037109375,-1,-1,1,-1,-1,-1
282,7,637.1754760742188,728.066162109375,-1,-1,1,-1,-1,-1
283,5,543.6177368164062,615.5091552734375,-1,-1,1,-1,-1,-1
284,5,557.75,621.8287353515625,-1,-1,1,-1,-1,-1
285,5,579.1632080078125,629.655517578125,-1,-1,1,-1,-1,-1
286,5,586.953857421875,635.2588500976562,-1,-1,1,-1,-1,-1
287,5,607.7349853515625,637.5945434570312,-1,-1,1,-1,-1,-1
287,7,736.0018310546875,770.6404418945312,-1,-1,1,-1,-1,-1
288,5,628.7725830078125,643.0521850585938,-1,-1,1,-1,-1,-1
289,5,643.5680541992188,644.353271484375,-1,-1,1,-1,-1,-1
290,5,665.0852661132812,651.04052734375,-1,-1,1,-1,-1,-1
291,5,685.9765014648438,655.3489379882812,-1,-1,1,-1,-1,-1
292,5,713.79541015625,656.993896484375,-1,-1,1,-1,-1,-1
293,5,735.4412841796875,662.5599365234375,-1,-1,1,-1,-1,-1
294,5,756.7562255859375,664.2320556640625,-1,-1,1,-1,-1,-1
295,5,771.8528442382812,668.912841796875,-1,-1,1,-1,-1,-1
296,5,792.843505859375,670.79345703125,-1,-1,1,-1,-1,-1
297,5,814.2501220703125,671.8255615234375,-1,-1,1,-1,-1,-1
298,5,828.822998046875,669.7925415039062,-1,-1,1,-1,-1,-1
299,5,849.2408447265625,663.8822021484375,-1,-1,1,-1,-1,-1
300,5,864.0587158203125,658.5358276367188,-1,-1,1,-1,-1,-1
301,5,878.3269653320312,651.555908203125,-1,-1,1,-1,-1,-1
302,5,899.0491943359375,644.111328125,-1,-1,1,-1,-1,-1
303,5,921.3793334960938,637.2505493164062,-1,-1,1,-1,-1,-1
304,5,949.7447509765625,635.851806640625,-1,-1,1,-1,-1,-1
304,8,96.49700164794922,761.9387817382812,-1,-1,1,-1,-1,-1
305,5,970.9859619140625,629.9014282226562,-1,-1,1,-1,-1,-1
305,8,109.5980453491211,762.8424072265625,-1,-1,1,-1,-1,-1
306,5,998.52392578125,628.7623901367188,-1,-1,1,-1,-1,-1
306,8,130.50686645507812,761.754150390625,-1,-1,1,-1,-1,-1
307,5,1026.58642578125,623.021240234375,-1,-1,1,-1,-1,-1
307,8,151.5139617919922,757.6614990234375,-1,-1,1,-1,-1,-1
308,5,1055.0963134765625,615.556396484375,-1,-1,1,-1,-1,-1
308,8,172.96566772460938,757.0955200195312,-1,-1,1,-1,-1,-1
310,5,1125.7548828125,606.3185424804688,-1,-1,1,-1,-1,-1
311,5,1154.7198486328125,599.499267578125,-1,-1,1,-1,-1,-1
313,5,1219.98388671875,600.1810913085938,-1,-1,1,-1,-1,-1
314,5,1254.16064453125,599.427001953125,-1,-1,1,-1,-1,-1
315,5,1290.0654296875,599.6177978515625,-1,-1,1,-1,-1,-1
316,5,1332.305419921875,599.2186279296875,-1,-1,1,-1,-1,-1
316,8,465.2220458984375,748.094970703125,-1,-1,1,-1,-1,-1
317,5,1369.8470458984375,600.2557373046875,-1,-1,1,-1,-1,-1
317,8,507.428466796875,740.3250122070312,-1,-1,1,-1,-1,-1
318,5,1412.8720703125,601.8072509765625,-1,-1,1,-1,-1,-1
319,5,1454.930908203125,607.0379638671875,-1,-1,1,-1,-1,-1
320,5,1497.7391357421875,613.3426513671875,-1,-1,1,-1,-1,-1
321,5,1540.020263671875,619.311767578125,-1,-1,1,-1,-1,-1
322,5,1588.952392578125,626.2681274414062,-1,-1,1,-1,-1,-1
323,5,1632.430908203125,629.1492919921875,-1,-1,1,-1,-1,-1
324,5,1675.493896484375,636.8345947265625,-1,-1,1,-1,-1,-1
325,5,1722.143798828125,642.162841796875,-1,-1,1,-1,-1,-1
328,5,1859.13427734375,650.0048828125,-1,-1,1,-1,-1,-1
355,9,1246.4716796875,920.1580810546875,-1,-1,1,-1,-1,-1
357,9,1324.6624755859375,927.076904296875,-1,-1,1,-1,-1,-1
358,9,1354.331787109375,903.9195556640625,-1,-1,1,-1,-1,-1
359,9,1404.674560546875,905.864013671875,-1,-1,1,-1,-1,-1
