75,1,372.98333740234375,740.9970703125,-1,-1,1,-1,-1,-1
80,1,444.2137451171875,747.2085571289062,-1,-1,1,-1,-1,-1
82,1,473.4053955078125,742.5704345703125,-1,-1,1,-1,-1,-1
83,1,494.69677734375,748.0841064453125,-1,-1,1,-1,-1,-1
85,1,536.773681640625,748.6907958984375,-1,-1,1,-1,-1,-1
86,1,557.8193359375,750.1614379882812,-1,-1,1,-1,-1,-1
87,1,585.2769775390625,755.7711791992188,-1,-1,1,-1,-1,-1
88,1,607.4298095703125,757.22900390625,-1,-1,1,-1,-1,-1
89,1,621.8795166015625,748.2891235351562,-1,-1,1,-1,-1,-1
90,1,642.8968505859375,749.8497314453125,-1,-1,1,-1,-1,-1
91,1,665.151611328125,749.434814453125,-1,-1,1,-1,-1,-1
94,2,422.708740234375,636.849609375,-1,-1,1,-1,-1,-1
96,2,457.89593505859375,636.4796752929688,-1,-1,1,-1,-1,-1
97,1,878.2455444335938,770.027587890625,-1,-1,1,-1,-1,-1
97,2,478.15234375,635.9154052734375,-1,-1,1,-1,-1,-1
98,2,493.9360046386719,637.674072265625,-1,-1,1,-1,-1,-1
100,1,991.3665771484375,771.46240234375,-1,-1,1,-1,-1,-1
102,1,1076.642578125,775.4190673828125,-1,-1,1,-1,-1,-1
103,1,1119.5771484375,777.0075073242188,-1,-1,1,-1,-1,-1
104,1,1167.881103515625,779.26708984375,-1,-1,1,-1,-1,-1
105,1,1211.388427734375,784.46923828125,-1,-1,1,-1,-1,-1
107,1,1310.292724609375,793.16162109375,-1,-1,1,-1,-1,-1
109,1,1411.107666015625,805.783447265625,-1,-1,1,-1,-1,-1
110,1,1468.678466796875,811.1444091796875,-1,-1,1,-1,-1,-1
111,1,1531.705810546875,818.6173095703125,-1,-1,1,-1,-1,-1
126,3,1362.0819091796875,237.61395263671875,-1,-1,1,-1,-1,-1
129,3,1439.714599609375,244.9075927734375,-1,-1,1,-1,-1,-1
130,3,1459.99755859375,244.19183349609375,-1,-1,1,-1,-1,-1
130,4,820.8861694335938,544.142578125,-1,-1,1,-1,-1,-1
131,4,834.9805908203125,544.86669921875,-1,-1,1,-1,-1,-1
133,4,870.066650390625,552.4139404296875,-1,-1,1,-1,-1,-1
134,4,884.8915405273438,557.6856689453125,-1,-1,1,-1,-1,-1
166,5,1412.316162109375,621.9176025390625,-1,-1,1,-1,-1,-1
168,5,1489.220458984375,628.4349975585938,-1,-1,1,-1,-1,-1
169,5,1530.865234375,628.9546508789062,-1,-1,1,-1,-1,-1
177,6,642.990234375,405.950439453125,-1,-1,1,-1,-1,-1
178,6,656.7122802734375,415.85003662109375,-1,-1,1,-1,-1,-1
179,6,664.81982421875,426.9307861328125,-1,-1,1,-1,-1,-1
180,6,678.82763671875,434.4638977050781,-1,-1,1,-1,-1,-1
181,6,692.957763671875,439.1181945800781,-1,-1,1,-1,-1,-1
182,6,707.0575561523438,441.974853515625,-1,-1,1,-1,-1,-1
183,6,714.6171875,443.18798828125,-1,-1,1,-1,-1,-1
186,6,749.680908203125,448.6588134765625,-1,-1,1,-1,-1,-1
187,6,757.1700439453125,449.2408447265625,-1,-1,1,-1,-1,-1
188,6,770.9652099609375,450.46636962890625,-1,-1,1,-1,-1,-1
189,6,778.2589111328125,450.3912353515625,-1,-1,1,-1,-1,-1
190,6,785.3929443359375,450.4215087890625,-1,-1,1,-1,-1,-1
191,6,792.3783569335938,451.0015869140625,-1,-1,1,-1,-1,-1
192,6,799.53173828125,449.8807373046875,-1,-1,1,-1,-1,-1
193,6,806.7779541015625,453.75775146484375,-1,-1,1,-1,-1,-1
194,6,813.7232666015625,457.484375,-1,-1,1,-1,-1,-1
195,6,820.9760131835938,463.093017578125,-1,-1,1,-1,-1,-1
196,6,827.9918823242188,467.5487365722656,-1,-1,1,-1,-1,-1
197,6,835.0609741210938,471.9212646484375,-1,-1,1,-1,-1,-1
198,6,841.9682006835938,477.5960998535156,-1,-1,1,-1,-1,-1
199,6,842.50927734375,483.9161071777344,-1,-1,1,-1,-1,-1
200,6,849.5826416015625,488.7789306640625,-1,-1,1,-1,-1,-1
201,6,856.506103515625,495.0132141113281,-1,-1,1,-1,-1,-1
202,6,863.4352416992188,501.45965576171875,-1,-1,1,-1,-1,-1
203,6,870.7154541015625,509.334716796875,-1,-1,1,-1,-1,-1
204,6,884.3604125976562,515.6109008789062,-1,-1,1,-1,-1,-1
205,6,891.9891357421875,523.1104736328125,-1,-1,1,-1,-1,-1
207,6,913.3082275390625,537.8248291015625,-1,-1,1,-1,-1,-1
208,6,920.4931030273438,544.1575927734375,-1,-1,1,-1,-1,-1
209,6,934.5799560546875,548.6519775390625,-1,-1,1,-1,-1,-1
210,6,941.61962890625,554.86572265625,-1,-1,1,-1,-1,-1
211,6,948.9515380859375,557.0783081054688,-1,-1,1,-1,-1,-1
212,6,955.820068359375,561.77685546875,-1,-1,1,-1,-1,-1
213,6,963.3094482421875,564.152099609375,-1,-1,1,-1,-1,-1
214,6,970.0601806640625,568.988037109375,-1,-1,1,-1,-1,-1
215,6,977.4134521484375,569.9610595703125,-1,-1,1,-1,-1,-1
216,6,984.755126953125,573.1015625,-1,-1,1,-1,-1,-1
217,6,991.9552001953125,574.2794799804688,-1,-1,1,-1,-1,-1
218,6,1005.7806396484375,576.9146728515625,-1,-1,1,-1,-1,-1
219,6,1012.90185546875,578.08642578125,-1,-1,1,-1,-1,-1
220,6,1020.1592407226562,578.1214599609375,-1,-1,1,-1,-1,-1
221,6,1034.287841796875,577.4722290039062,-1,-1,1,-1,-1,-1
222,6,1041.42431640625,577.2283935546875,-1,-1,1,-1,-1,-1
223,6,1055.560302734375,576.9115600585938,-1,-1,1,-1,-1,-1
224,6,1069.72021484375,576.6060180664062,-1,-1,1,-1,-1,-1
225,6,1076.9471435546875,576.3936157226562,-1,-1,1,-1,-1,-1
226,6,1091.04736328125,576.1136474609375,-1,-1,1,-1,-1,-1
227,6,1098.29931640625,577.2482299804688,-1,-1,1,-1,-1,-1
228,6,1112.3817138671875,578.803466796875,-1,-1,1,-1,-1,-1
229,6,1119.6318359375,581.1280517578125,-1,-1,1,-1,-1,-1
230,6,1126.7987060546875,583.949951171875,-1,-1,1,-1,-1,-1
231,6,1133.89697265625,583.8836669921875,-1,-1,1,-1,-1,-1
232,6,1141.1287841796875,584.1995849609375,-1,-1,1,-1,-1,-1
233,6,1148.1851806640625,583.4810180664062,-1,-1,1,-1,-1,-1
234,6,1155.29541015625,583.4814453125,-1,-1,1,-1,-1,-1
235,6,1162.408935546875,580.7003784179688,-1,-1,1,-1,-1,-1
236,6,1169.318603515625,579.54931640625,-1,-1,1,-1,-1,-1
237,6,1176.265625,577.8724365234375,-1,-1,1,-1,-1,-1
238,6,1183.458251953125,577.29150390625,-1,-1,1,-1,-1,-1
239,6,1190.627197265625,576.2064208984375,-1,-1,1,-1,-1,-1
240,6,1197.7884521484375,574.1278686523438,-1,-1,1,-1,-1,-1
241,6,1204.928955078125,572.767333984375,-1,-1,1,-1,-1,-1
242,6,1218.668212890625,571.203369140625,-1,-1,1,-1,-1,-1
243,6,1226.023681640625,569.938720703125,-1,-1,1,-1,-1,-1
244,6,1239.6181640625,566.590576171875,-1,-1,1,-1,-1,-1
245,6,1247.637939453125,564.6345825195312,-1,-1,1,-1,-1,-1
246,6,1261.67041015625,563.273681640625,-1,-1,1,-1,-1,-1
247,6,1276.133544921875,560.0340576171875,-1,-1,1,-1,-1,-1
248,6,1290.275634765625,557.2651977539062,-1,-1,1,-1,-1,-1
249,6,1304.744140625,555.6302490234375,-1,-1,1,-1,-1,-1
250,6,1325.6241455078125,552.3751220703125,-1,-1,1,-1,-1,-1
251,6,1340.01708984375,549.66162109375,-1,-1,1,-1,-1,-1
252,6,1361.192138671875,545.70556640625,-1,-1,1,-1,-1,-1
253,6,1375.22314453125,547.890625,-1,-1,1,-1,-1,-1
254,6,1389.8414306640625,544.706298828125,-1,-1,1,-1,-1,-1
255,6,1404.0576171875,543.6316528320312,-1,-1,1,-1,-1,-1
256,6,1418.3519287109375,543.5164794921875,-1,-1,1,-1,-1,-1
257,6,1432.5908203125,543.351318359375,-1,-1,1,-1,-1,-1
258,6,1452.9110107421875,543.18603515625,-1,-1,1,-1,-1,-1
259,6,1467.01025390625,543.87841796875,-1,-1,1,-1,-1,-1
260,6,1481.721923828125,544.0626220703125,-1,-1,1,-1,-1,-1
261,6,1496.055908203125,542.6375122070312,-1,-1,1,-1,-1,-1
262,6,1510.2900390625,541.0552978515625,-1,-1,1,-1,-1,-1
263,6,1524.0517578125,538.6229248046875,-1,-1,1,-1,-1,-1
264,6,1531.938232421875,541.0684814453125,-1,-1,1,-1,-1,-1
265,6,1545.731201171875,542.0386962890625,-1,-1,1,-1,-1,-1
266,6,1553.01904296875,544.3870849609375,-1,-1,1,-1,-1,-1
267,6,1559.77880859375,545.07666015625,-1,-1,1,-1,-1,-1
268,6,1567.0103759765625,545.753662109375,-1,-1,1,-1,-1,-1
269,6,1567.6044921875,548.873291015625,-1,-1,1,-1,-1,-1
270,6,1574.0546875,549.9519653320312,-1,-1,1,-1,-1,-1
271,6,1574.20556640625,551.5599365234375,-1,-1,1,-1,-1,-1
272,6,1574.0811767578125,551.9085083007812,-1,-1,1,-1,-1,-1
273,6,1573.96240234375,552.109375,-1,-1,1,-1,-1,-1
274,6,1573.919921875,552.5245361328125,-1,-1,1,-1,-1,-1
275,6,1573.8892822265625,556.0525512695312,-1,-1,1,-1,-1,-1
276,6,1574.113037109375,558.8123779296875,-1,-1,1,-1,-1,-1
277,6,1580.8450927734375,559.6385498046875,-1,-1,1,-1,-1,-1
278,6,1581.80224609375,559.5802612304688,-1,-1,1,-1,-1,-1
279,6,1595.4764404296875,556.9549560546875,-1,-1,1,-1,-1,-1
280,6,1609.51025390625,552.8328857421875,-1,-1,1,-1,-1,-1
281,6,1630.57421875,548.7513427734375,-1,-1,1,-1,-1,-1
282,6,1645.587890625,544.7553100585938,-1,-1,1,-1,-1,-1
283,6,1666.743896484375,541.157958984375,-1,-1,1,-1,-1,-1
284,6,1688.42626953125,537.2720947265625,-1,-1,1,-1,-1,-1
285,6,1716.27392578125,534.0391235351562,-1,-1,1,-1,-1,-1
286,6,1744.46484375,529.9615478515625,-1,-1,1,-1,-1,-1
287,6,1766.04296875,528.262451171875,-1,-1,1,-1,-1,-1
288,6,1794.27392578125,527.0200805664062,-1,-1,1,-1,-1,-1
289,6,1822.696533203125,529.55615234375,-1,-1,1,-1,-1,-1
290,6,1851.1915283203125,531.4550170898438,-1,-1,1,-1,-1,-1
291,6,1879.622314453125,531.47802734375,-1,-1,1,-1,-1,-1
339,7,983.781494140625,756.8204345703125,-1,-1,1,-1,-1,-1
340,7,1041.4482421875,756.7639770507812,-1,-1,1,-1,-1,-1
341,7,1104.6895751953125,750.085693359375,-1,-1,1,-1,-1,-1
342,7,1168.4151611328125,751.0136108398438,-1,-1,1,-1,-1,-1
342,8,145.95111083984375,343.5450439453125,-1,-1,1,-1,-1,-1
343,7,1226.656982421875,757.2640380859375,-1,-1,1,-1,-1,-1
343,8,223.55430603027344,345.3046875,-1,-1,1,-1,-1,-1
345,8,394.4731750488281,337.39263916015625,-1,-1,1,-1,-1,-1
346,8,536.7020874023438,351.84552001953125,-1,-1,1,-1,-1,-1
347,8,628.4640502929688,357.7908935546875,-1,-1,1,-1,-1,-1
348,8,720.90673828125,367.1484375,-1,-1,1,-1,-1,-1
349,8,814.2608032226562,373.9876403808594,-1,-1,1,-1,-1,-1
352,8,1105.59814453125,379.3738098144531,-1,-1,1,-1,-1,-1
