96,1,1218.7515869140625,102.64643859863281,-1,-1,1,-1,-1,-1
97,1,1226.1912841796875,95.60537719726562,-1,-1,1,-1,-1,-1
98,1,1233.21923828125,95.60826110839844,-1,-1,1,-1,-1,-1
99,1,1247.332275390625,88.14559936523438,-1,-1,1,-1,-1,-1
130,2,117.30401611328125,642.739501953125,-1,-1,1,-1,-1,-1
131,2,145.89614868164062,642.938232421875,-1,-1,1,-1,-1,-1
132,2,166.99978637695312,635.6192626953125,-1,-1,1,-1,-1,-1
133,2,188.48147583007812,635.7767333984375,-1,-1,1,-1,-1,-1
134,2,216.90249633789062,628.39990234375,-1,-1,1,-1,-1,-1
135,2,238.220458984375,628.6949462890625,-1,-1,1,-1,-1,-1
136,2,259.61224365234375,621.4008178710938,-1,-1,1,-1,-1,-1
137,2,280.814453125,621.5209350585938,-1,-1,1,-1,-1,-1
138,2,302.0833740234375,621.5712890625,-1,-1,1,-1,-1,-1
139,2,323.5259094238281,614.2747192382812,-1,-1,1,-1,-1,-1
140,2,337.71893310546875,614.364013671875,-1,-1,1,-1,-1,-1
141,2,351.86676025390625,614.45068359375,-1,-1,1,-1,-1,-1
142,2,359.07379150390625,614.4232177734375,-1,-1,1,-1,-1,-1
143,2,366.2015380859375,614.4901123046875,-1,-1,1,-1,-1,-1
144,2,373.1922912597656,607.1815185546875,-1,-1,1,-1,-1,-1
146,2,366.1111755371094,607.26416015625,-1,-1,1,-1,-1,-1
147,2,359.1305847167969,600.0927734375,-1,-1,1,-1,-1,-1
148,2,344.9837951660156,600.0855102539062,-1,-1,1,-1,-1,-1
149,2,337.6373596191406,607.3900756835938,-1,-1,1,-1,-1,-1
150,2,323.45318603515625,607.359375,-1,-1,1,-1,-1,-1
151,2,316.41925048828125,607.3682250976562,-1,-1,1,-1,-1,-1
152,2,302.08721923828125,607.414794921875,-1,-1,1,-1,-1,-1
153,2,295.02752685546875,607.3114013671875,-1,-1,1,-1,-1,-1
154,2,287.9432067871094,607.3567504882812,-1,-1,1,-1,-1,-1
155,2,273.70379638671875,607.233154296875,-1,-1,1,-1,-1,-1
156,2,266.6121520996094,607.2846069335938,-1,-1,1,-1,-1,-1
157,2,266.664306640625,607.1851806640625,-1,-1,1,-1,-1,-1
158,2,259.3771667480469,614.4453735351562,-1,-1,1,-1,-1,-1
159,2,259.38958740234375,614.4033813476562,-1,-1,1,-1,-1,-1
160,2,259.33544921875,614.30615234375,-1,-1,1,-1,-1,-1
161,2,252.45639038085938,607.210693359375,-1,-1,1,-1,-1,-1
162,2,252.3790283203125,607.0741577148438,-1,-1,1,-1,-1,-1
163,2,245.3134765625,607.3056640625,-1,-1,1,-1,-1,-1
164,2,252.33583068847656,607.196533203125,-1,-1,1,-1,-1,-1
165,2,252.32015991210938,607.2611083984375,-1,-1,1,-1,-1,-1
166,2,259.5904541015625,600.12646484375,-1,-1,1,-1,-1,-1
167,2,266.5867919921875,599.985107421875,-1,-1,1,-1,-1,-1
168,2,273.69256591796875,593.098388671875,-1,-1,1,-1,-1,-1
169,2,280.82781982421875,585.8759765625,-1,-1,1,-1,-1,-1
170,2,280.93182373046875,578.849609375,-1,-1,1,-1,-1,-1
171,2,287.87896728515625,578.8035888671875,-1,-1,1,-1,-1,-1
172,2,288.0098876953125,571.8997802734375,-1,-1,1,-1,-1,-1
173,2,288.0693359375,564.5856323242188,-1,-1,1,-1,-1,-1
174,2,295.12548828125,557.5465087890625,-1,-1,1,-1,-1,-1
175,2,302.3489074707031,557.4857177734375,-1,-1,1,-1,-1,-1
176,2,309.1670837402344,557.29931640625,-1,-1,1,-1,-1,-1
177,2,309.3619689941406,550.3014526367188,-1,-1,1,-1,-1,-1
178,2,323.39306640625,550.3409423828125,-1,-1,1,-1,-1,-1
179,2,330.520751953125,543.2572631835938,-1,-1,1,-1,-1,-1
180,2,330.5224609375,536.0999145507812,-1,-1,1,-1,-1,-1
181,2,330.449462890625,536.0418701171875,-1,-1,1,-1,-1,-1
182,2,323.5079650878906,528.9713134765625,-1,-1,1,-1,-1,-1
183,2,323.55767822265625,528.9722900390625,-1,-1,1,-1,-1,-1
184,2,330.6988525390625,528.9498291015625,-1,-1,1,-1,-1,-1
185,2,337.73052978515625,535.9481201171875,-1,-1,1,-1,-1,-1
186,2,352.0431213378906,535.9906616210938,-1,-1,1,-1,-1,-1
187,2,359.2380065917969,536.02197265625,-1,-1,1,-1,-1,-1
188,2,373.3177490234375,543.0654296875,-1,-1,1,-1,-1,-1
189,2,380.62640380859375,543.0196533203125,-1,-1,1,-1,-1,-1
190,2,387.6258239746094,550.0586547851562,-1,-1,1,-1,-1,-1
191,2,402.00811767578125,550.1553955078125,-1,-1,1,-1,-1,-1
192,2,416.0390319824219,557.18017578125,-1,-1,1,-1,-1,-1
193,2,437.4378662109375,557.1594848632812,-1,-1,1,-1,-1,-1
194,2,458.6966552734375,557.198486328125,-1,-1,1,-1,-1,-1
195,2,473.02020263671875,557.192626953125,-1,-1,1,-1,-1,-1
196,2,494.21697998046875,557.1483764648438,-1,-1,1,-1,-1,-1
197,2,515.5804443359375,557.1466064453125,-1,-1,1,-1,-1,-1
198,2,536.986328125,557.1490478515625,-1,-1,1,-1,-1,-1
199,2,558.1707763671875,557.0723876953125,-1,-1,1,-1,-1,-1
200,2,579.6885986328125,550.0639038085938,-1,-1,1,-1,-1,-1
201,2,600.93798828125,550.1254272460938,-1,-1,1,-1,-1,-1
202,2,622.0737915039062,549.9471435546875,-1,-1,1,-1,-1,-1
203,2,643.4339599609375,543.00927734375,-1,-1,1,-1,-1,-1
204,2,664.853271484375,542.9296875,-1,-1,1,-1,-1,-1
205,2,686.1396484375,535.916015625,-1,-1,1,-1,-1,-1
206,2,714.6531982421875,535.9789428710938,-1,-1,1,-1,-1,-1
207,2,735.8697509765625,535.8253784179688,-1,-1,1,-1,-1,-1
208,2,764.41015625,528.8235473632812,-1,-1,1,-1,-1,-1
209,2,785.6624755859375,528.6973266601562,-1,-1,1,-1,-1,-1
210,2,814.0123901367188,528.8072509765625,-1,-1,1,-1,-1,-1
211,2,842.4473876953125,528.811767578125,-1,-1,1,-1,-1,-1
212,2,863.7933349609375,528.78125,-1,-1,1,-1,-1,-1
213,2,892.1473999023438,528.81005859375,-1,-1,1,-1,-1,-1
214,2,913.5111694335938,528.747802734375,-1,-1,1,-1,-1,-1
215,2,941.83056640625,528.7218017578125,-1,-1,1,-1,-1,-1
216,2,970.2408447265625,528.68994140625,-1,-1,1,-1,-1,-1
217,2,998.7966918945312,528.7398071289062,-1,-1,1,-1,-1,-1
218,2,1027.1826171875,521.7781372070312,-1,-1,1,-1,-1,-1
219,2,1062.761474609375,528.7354736328125,-1,-1,1,-1,-1,-1
220,2,1083.975830078125,528.7164306640625,-1,-1,1,-1,-1,-1
221,2,1119.5648193359375,528.7509155273438,-1,-1,1,-1,-1,-1
222,2,1147.934326171875,528.7816162109375,-1,-1,1,-1,-1,-1
223,2,1176.438720703125,528.7781982421875,-1,-1,1,-1,-1,-1
224,2,1204.8028564453125,528.7581176757812,-1,-1,1,-1,-1,-1
225,2,1233.14794921875,528.8084716796875,-1,-1,1,-1,-1,-1
226,2,1261.5596923828125,521.8236083984375,-1,-1,1,-1,-1,-1
227,2,1290.086181640625,521.7716064453125,-1,-1,1,-1,-1,-1
228,2,1318.53466796875,521.7802734375,-1,-1,1,-1,-1,-1
229,2,1346.880859375,521.6737060546875,-1,-1,1,-1,-1,-1
230,2,1375.269775390625,514.512451171875,-1,-1,1,-1,-1,-1
231,2,1410.9521484375,514.66015625,-1,-1,1,-1,-1,-1
232,2,1439.4178466796875,507.4378662109375,-1,-1,1,-1,-1,-1
233,2,1467.686279296875,500.54742431640625,-1,-1,1,-1,-1,-1
235,2,1531.617919921875,493.487548828125,-1,-1,1,-1,-1,-1
505,3,515.132080078125,791.8026123046875,-1,-1,1,-1,-1,-1
506,3,557.6710205078125,806.1075439453125,-1,-1,1,-1,-1,-1
507,3,593.481201171875,813.2413330078125,-1,-1,1,-1,-1,-1
514,3,870.4131469726562,856.0048828125,-1,-1,1,-1,-1,-1
515,3,905.957763671875,856.2200927734375,-1,-1,1,-1,-1,-1
516,3,941.4619140625,848.7861328125,-1,-1,1,-1,-1,-1
517,3,970.0994873046875,841.7361450195312,-1,-1,1,-1,-1,-1
518,3,1005.6339111328125,834.6068115234375,-1,-1,1,-1,-1,-1
520,3,1076.55908203125,827.6629638671875,-1,-1,1,-1,-1,-1
521,3,1111.928466796875,827.629150390625,-1,-1,1,-1,-1,-1
523,3,1183.0870361328125,813.4443359375,-1,-1,1,-1,-1,-1
524,3,1218.5914306640625,806.4990234375,-1,-1,1,-1,-1,-1
526,3,1296.64697265625,799.292236328125,-1,-1,1,-1,-1,-1
672,4,224.17083740234375,415.02960205078125,-1,-1,1,-1,-1,-1
673,4,231.14942932128906,422.19293212890625,-1,-1,1,-1,-1,-1
675,4,231.37081909179688,429.54510498046875,-1,-1,1,-1,-1,-1
751,5,1196.8604736328125,792.0516357421875,-1,-1,1,-1,-1,-1
752,5,1218.00634765625,791.9903564453125,-1,-1,1,-1,-1,-1
754,5,1260.723388671875,792.0404052734375,-1,-1,1,-1,-1,-1
755,5,1274.762939453125,785.3150634765625,-1,-1,1,-1,-1,-1
757,5,1317.6572265625,792.1474609375,-1,-1,1,-1,-1,-1
758,5,1339.1044921875,791.914794921875,-1,-1,1,-1,-1,-1
759,5,1353.0220947265625,791.9842529296875,-1,-1,1,-1,-1,-1
821,6,1232.875,749.285888671875,-1,-1,1,-1,-1,-1
823,6,1289.57568359375,748.9385375976562,-1,-1,1,-1,-1,-1
824,6,1310.797119140625,748.98193359375,-1,-1,1,-1,-1,-1
825,6,1339.480224609375,749.0225219726562,-1,-1,1,-1,-1,-1
847,7,1183.4114990234375,237.54444885253906,-1,-1,1,-1,-1,-1
848,7,1219.077392578125,237.74441528320312,-1,-1,1,-1,-1,-1
849,7,1261.63818359375,237.74441528320312,-1,-1,1,-1,-1,-1
851,7,1346.88232421875,244.87796020507812,-1,-1,1,-1,-1,-1
1091,8,89.14385986328125,372.40777587890625,-1,-1,1,-1,-1,-1
1092,8,131.79393005371094,372.44805908203125,-1,-1,1,-1,-1,-1
1093,8,181.56307983398438,372.51953125,-1,-1,1,-1,-1,-1
1094,8,224.04086303710938,365.2774658203125,-1,-1,1,-1,-1,-1
1095,8,266.6795959472656,365.2755126953125,-1,-1,1,-1,-1,-1
1096,8,316.47784423828125,372.5111389160156,-1,-1,1,-1,-1,-1
1097,8,359.158447265625,372.5279235839844,-1,-1,1,-1,-1,-1
1098,8,394.6251220703125,372.33795166015625,-1,-1,1,-1,-1,-1
1099,8,444.33428955078125,372.5277099609375,-1,-1,1,-1,-1,-1
1100,8,479.86767578125,372.4173889160156,-1,-1,1,-1,-1,-1
1101,8,522.4219360351562,365.2896728515625,-1,-1,1,-1,-1,-1
1102,8,565.09716796875,365.3316650390625,-1,-1,1,-1,-1,-1
1103,8,607.8140869140625,365.47540283203125,-1,-1,1,-1,-1,-1
1104,8,650.3857421875,358.2376708984375,-1,-1,1,-1,-1,-1
1105,8,693.1153564453125,358.3756103515625,-1,-1,1,-1,-1,-1
1106,8,735.7288818359375,350.99932861328125,-1,-1,1,-1,-1,-1
1107,8,785.7518310546875,351.1679992675781,-1,-1,1,-1,-1,-1
1108,8,828.322998046875,351.2618103027344,-1,-1,1,-1,-1,-1
1109,8,877.99267578125,351.26727294921875,-1,-1,1,-1,-1,-1
1110,8,927.75146484375,351.22418212890625,-1,-1,1,-1,-1,-1
1111,8,977.3819580078125,351.2833557128906,-1,-1,1,-1,-1,-1
1112,8,1020.1982421875,351.1937561035156,-1,-1,1,-1,-1,-1
1113,8,1069.6630859375,343.8744201660156,-1,-1,1,-1,-1,-1
1114,8,1112.4423828125,343.9383239746094,-1,-1,1,-1,-1,-1
1115,8,1154.8419189453125,336.7423095703125,-1,-1,1,-1,-1,-1
1116,8,1204.6961669921875,336.95904541015625,-1,-1,1,-1,-1,-1
1117,8,1247.3858642578125,329.7520446777344,-1,-1,1,-1,-1,-1
1133,9,89.1823501586914,166.508056640625,-1,-1,1,-1,-1,-1
1134,9,146.0828857421875,152.2679443359375,-1,-1,1,-1,-1,-1
1135,9,202.9685516357422,152.2415313720703,-1,-1,1,-1,-1,-1
1136,9,266.7760314941406,145.12001037597656,-1,-1,1,-1,-1,-1
1138,9,380.4322509765625,130.75045776367188,-1,-1,1,-1,-1,-1
1139,9,444.44146728515625,123.61663055419922,-1,-1,1,-1,-1,-1
1140,9,508.5328369140625,116.62513732910156,-1,-1,1,-1,-1,-1
1140,10,643.39111328125,422.39727783203125,-1,-1,1,-1,-1,-1
1141,9,572.4314575195312,116.56983184814453,-1,-1,1,-1,-1,-1
1141,10,721.473876953125,422.37939453125,-1,-1,1,-1,-1,-1
1142,9,629.1228637695312,109.5478515625,-1,-1,1,-1,-1,-1
1142,10,785.6001586914062,429.32318115234375,-1,-1,1,-1,-1,-1
1143,9,700.245361328125,109.6953125,-1,-1,1,-1,-1,-1
1143,10,877.58544921875,415.286376953125,-1,-1,1,-1,-1,-1
1144,9,756.965576171875,109.64353942871094,-1,-1,1,-1,-1,-1
1144,10,969.8204345703125,415.14129638671875,-1,-1,1,-1,-1,-1
1145,9,828.08642578125,109.55184936523438,-1,-1,1,-1,-1,-1
1145,10,1034.2215576171875,422.4032897949219,-1,-1,1,-1,-1,-1
1146,9,899.143798828125,109.728515625,-1,-1,1,-1,-1,-1
1146,10,1140.3226318359375,408.06854248046875,-1,-1,1,-1,-1,-1
1147,9,963.2544555664062,102.47220611572266,-1,-1,1,-1,-1,-1
1147,10,1225.577880859375,407.98577880859375,-1,-1,1,-1,-1,-1
1148,9,1034.3973388671875,102.51020812988281,-1,-1,1,-1,-1,-1
1148,10,1310.919189453125,400.8614196777344,-1,-1,1,-1,-1,-1
1149,9,1098.3140869140625,102.52661895751953,-1,-1,1,-1,-1,-1
1149,10,1396.2415771484375,400.98419189453125,-1,-1,1,-1,-1,-1
1150,9,1169.398193359375,95.35185241699219,-1,-1,1,-1,-1,-1
1150,10,1488.569091796875,401.0038757324219,-1,-1,1,-1,-1,-1
1151,9,1240.3250732421875,131.04347229003906,-1,-1,1,-1,-1,-1
1151,10,1580.957763671875,400.8669738769531,-1,-1,1,-1,-1,-1
1152,9,1311.3017578125,102.37521362304688,-1,-1,1,-1,-1,-1
1152,10,1666.16796875,400.90576171875,-1,-1,1,-1,-1,-1
1153,10,1758.231201171875,400.80352783203125,-1,-1,1,-1,-1,-1
1154,9,1460.55517578125,95.37763977050781,-1,-1,1,-1,-1,-1
1154,10,1850.820068359375,400.9465026855469,-1,-1,1,-1,-1,-1
1155,9,1531.636962890625,95.53044128417969,-1,-1,1,-1,-1,-1
1156,9,1602.6025390625,95.22686767578125,-1,-1,1,-1,-1,-1
1157,9,1680.7119140625,95.48101043701172,-1,-1,1,-1,-1,-1
1158,9,1751.646484375,88.55035400390625,-1,-1,1,-1,-1,-1
1167,11,501.4462890625,749.0623779296875,-1,-1,1,-1,-1,-1
1168,11,551.056884765625,749.291015625,-1,-1,1,-1,-1,-1
1169,11,600.8030395507812,741.71435546875,-1,-1,1,-1,-1,-1
1170,11,650.5546875,741.7998046875,-1,-1,1,-1,-1,-1
1171,11,707.3685302734375,741.8892822265625,-1,-1,1,-1,-1,-1
1172,11,757.123046875,742.010498046875,-1,-1,1,-1,-1,-1
1173,11,813.9678955078125,742.1385498046875,-1,-1,1,-1,-1,-1
1174,11,870.6962280273438,742.1424560546875,-1,-1,1,-1,-1,-1
1175,11,920.6209106445312,734.7552490234375,-1,-1,1,-1,-1,-1
1177,11,1041.6026611328125,720.469970703125,-1,-1,1,-1,-1,-1
1178,11,1098.3603515625,713.5003662109375,-1,-1,1,-1,-1,-1
1179,11,1155.1685791015625,706.3839111328125,-1,-1,1,-1,-1,-1
1180,11,1212.036865234375,699.365234375,-1,-1,1,-1,-1,-1
1181,11,1275.9796142578125,692.1217041015625,-1,-1,1,-1,-1,-1
1182,11,1339.63232421875,692.4302978515625,-1,-1,1,-1,-1,-1
1183,11,1403.812744140625,685.292236328125,-1,-1,1,-1,-1,-1
1184,11,1467.9287109375,677.8162841796875,-1,-1,1,-1,-1,-1
1185,11,1538.949462890625,678.1893310546875,-1,-1,1,-1,-1,-1
1186,12,1183.506591796875,678.103515625,-1,-1,1,-1,-1,-1
1188,11,1666.4840087890625,585.5555419921875,-1,-1,1,-1,-1,-1
1188,12,1318.5218505859375,671.1128540039062,-1,-1,1,-1,-1,-1
1189,11,1858.632080078125,656.4495849609375,-1,-1,1,-1,-1,-1
1189,12,1389.693603515625,663.9195556640625,-1,-1,1,-1,-1,-1
1190,12,1467.846435546875,656.7240600585938,-1,-1,1,-1,-1,-1
1197,13,1218.7437744140625,677.9595947265625,-1,-1,1,-1,-1,-1
1198,13,1296.874267578125,677.9850463867188,-1,-1,1,-1,-1,-1
1199,13,1375.1087646484375,685.1639404296875,-1,-1,1,-1,-1,-1
1200,13,1460.572509765625,685.12841796875,-1,-1,1,-1,-1,-1
1217,15,1346.685302734375,670.7386474609375,-1,-1,1,-1,-1,-1
1218,14,1233.119140625,656.6452026367188,-1,-1,1,-1,-1,-1
1218,15,1417.5963134765625,670.7648315429688,-1,-1,1,-1,-1,-1
1219,14,1289.869873046875,656.7396850585938,-1,-1,1,-1,-1,-1
1219,15,1488.76953125,670.6702880859375,-1,-1,1,-1,-1,-1
1220,14,1353.770751953125,656.912353515625,-1,-1,1,-1,-1,-1
1220,15,1566.8212890625,663.70654296875,-1,-1,1,-1,-1,-1
1221,14,1417.72412109375,649.6717529296875,-1,-1,1,-1,-1,-1
1221,15,1652.19140625,663.597412109375,-1,-1,1,-1,-1,-1
1222,14,1488.8106689453125,642.5308227539062,-1,-1,1,-1,-1,-1
1222,15,1737.3905029296875,656.4957275390625,-1,-1,1,-1,-1,-1
1223,14,1559.877197265625,642.6691284179688,-1,-1,1,-1,-1,-1
1300,16,1034.2423095703125,891.3468017578125,-1,-1,1,-1,-1,-1
1301,16,1083.898193359375,890.9931640625,-1,-1,1,-1,-1,-1
1305,16,1311.54150390625,905.4027099609375,-1,-1,1,-1,-1,-1
1306,16,1382.560791015625,905.4212646484375,-1,-1,1,-1,-1,-1
1373,17,991.3905029296875,749.2186279296875,-1,-1,1,-1,-1,-1
1374,17,1019.8780517578125,756.2415771484375,-1,-1,1,-1,-1,-1
1379,17,1183.3189697265625,777.5457763671875,-1,-1,1,-1,-1,-1
1380,17,1218.884765625,777.53759765625,-1,-1,1,-1,-1,-1
1385,18,785.114501953125,699.433349609375,-1,-1,1,-1,-1,-1
1386,18,813.4296875,706.7308349609375,-1,-1,1,-1,-1,-1
1388,18,863.0828247070312,706.8394775390625,-1,-1,1,-1,-1,-1
1575,19,316.2645568847656,671.3016967773438,-1,-1,1,-1,-1,-1
1582,19,437.4915771484375,670.9705810546875,-1,-1,1,-1,-1,-1
1583,19,451.54425048828125,671.2500610351562,-1,-1,1,-1,-1,-1
1590,19,600.5596923828125,657.0383911132812,-1,-1,1,-1,-1,-1
1591,19,614.8648681640625,656.3396606445312,-1,-1,1,-1,-1,-1
1592,19,636.180908203125,656.5003662109375,-1,-1,1,-1,-1,-1
1593,19,664.6070556640625,656.612548828125,-1,-1,1,-1,-1,-1
1597,19,764.164306640625,649.5482788085938,-1,-1,1,-1,-1,-1
1598,19,799.709228515625,649.4703979492188,-1,-1,1,-1,-1,-1
1599,19,821.0978393554688,649.601318359375,-1,-1,1,-1,-1,-1
1600,19,849.539306640625,642.2861938476562,-1,-1,1,-1,-1,-1
1601,19,885.0570678710938,642.40087890625,-1,-1,1,-1,-1,-1
1602,19,913.4551391601562,642.5701904296875,-1,-1,1,-1,-1,-1
1603,19,948.9366455078125,635.2408447265625,-1,-1,1,-1,-1,-1
1604,19,984.4074096679688,635.5096435546875,-1,-1,1,-1,-1,-1
1605,19,1012.7959594726562,635.5196533203125,-1,-1,1,-1,-1,-1
1606,19,1048.321044921875,628.4180908203125,-1,-1,1,-1,-1,-1
1607,19,1098.1591796875,628.5326538085938,-1,-1,1,-1,-1,-1
1608,19,1140.66748046875,628.7343139648438,-1,-1,1,-1,-1,-1
1609,19,1183.307861328125,628.7354125976562,-1,-1,1,-1,-1,-1
1610,19,1225.9423828125,628.6926879882812,-1,-1,1,-1,-1,-1
1611,19,1282.736083984375,635.6614379882812,-1,-1,1,-1,-1,-1
1717,20,1019.890869140625,940.1705932617188,-1,-1,1,-1,-1,-1
1718,20,1076.6822509765625,919.361572265625,-1,-1,1,-1,-1,-1
1719,20,1133.381591796875,897.941162109375,-1,-1,1,-1,-1,-1
1720,20,1190.1817626953125,890.743408203125,-1,-1,1,-1,-1,-1
1891,21,458.5655517578125,422.238525390625,-1,-1,1,-1,-1,-1
1892,21,480.03521728515625,422.1681823730469,-1,-1,1,-1,-1,-1
1893,21,501.4171142578125,414.9331970214844,-1,-1,1,-1,-1,-1
1894,21,515.8047485351562,414.996337890625,-1,-1,1,-1,-1,-1
1895,21,536.9820556640625,407.77752685546875,-1,-1,1,-1,-1,-1
1896,21,551.1707153320312,407.92401123046875,-1,-1,1,-1,-1,-1
1897,21,579.5948486328125,393.6976318359375,-1,-1,1,-1,-1,-1
1898,21,593.7537231445312,393.82763671875,-1,-1,1,-1,-1,-1
1899,21,614.9098510742188,386.6551513671875,-1,-1,1,-1,-1,-1
1902,21,671.7059326171875,372.4567565917969,-1,-1,1,-1,-1,-1
1903,21,686.1280517578125,365.4853820800781,-1,-1,1,-1,-1,-1
1904,21,707.49951171875,358.3042297363281,-1,-1,1,-1,-1,-1
1954,22,1254.328369140625,677.9713134765625,-1,-1,1,-1,-1,-1
1955,22,1275.50146484375,685.3662109375,-1,-1,1,-1,-1,-1
1956,22,1310.9599609375,678.42578125,-1,-1,1,-1,-1,-1
1957,22,1332.9476318359375,670.7200927734375,-1,-1,1,-1,-1,-1
2196,24,1019.9638061523438,656.49462890625,-1,-1,1,-1,-1,-1
2198,24,1091.037109375,656.541259765625,-1,-1,1,-1,-1,-1
2199,24,1126.505126953125,656.679931640625,-1,-1,1,-1,-1,-1
2201,24,1211.6474609375,649.4929809570312,-1,-1,1,-1,-1,-1
2202,24,1254.29150390625,642.4249267578125,-1,-1,1,-1,-1,-1
2203,23,877.3826904296875,535.7611083984375,-1,-1,1,-1,-1,-1
2204,23,920.2012939453125,528.64013671875,-1,-1,1,-1,-1,-1
2205,23,955.4675903320312,528.8536376953125,-1,-1,1,-1,-1,-1
2205,24,1403.4697265625,628.2847900390625,-1,-1,1,-1,-1,-1
2206,23,998.3053588867188,528.6544189453125,-1,-1,1,-1,-1,-1
2206,24,1453.262451171875,628.3060302734375,-1,-1,1,-1,-1,-1
2207,23,1040.814697265625,528.7031860351562,-1,-1,1,-1,-1,-1
2208,23,1083.62744140625,521.5926513671875,-1,-1,1,-1,-1,-1
2210,23,1175.8056640625,521.6534423828125,-1,-1,1,-1,-1,-1
2211,23,1225.710693359375,521.6114501953125,-1,-1,1,-1,-1,-1
2212,23,1268.0936279296875,521.7442626953125,-1,-1,1,-1,-1,-1
2212,24,1850.935546875,628.1012573242188,-1,-1,1,-1,-1,-1
2213,23,1317.850830078125,521.69189453125,-1,-1,1,-1,-1,-1
2236,25,231.14578247070312,663.6529541015625,-1,-1,1,-1,-1,-1
2237,25,259.5908203125,656.4304809570312,-1,-1,1,-1,-1,-1
2238,25,295.08087158203125,656.52734375,-1,-1,1,-1,-1,-1
2239,25,330.3373718261719,656.6981201171875,-1,-1,1,-1,-1,-1
2240,25,358.7807922363281,663.8956909179688,-1,-1,1,-1,-1,-1
2345,26,614.921630859375,394.05010986328125,-1,-1,1,-1,-1,-1
2346,26,621.840576171875,393.65533447265625,-1,-1,1,-1,-1,-1
2347,26,629.1112060546875,386.82879638671875,-1,-1,1,-1,-1,-1
2367,27,1680.85498046875,223.34146118164062,-1,-1,1,-1,-1,-1
2368,27,1687.9345703125,223.42166137695312,-1,-1,1,-1,-1,-1
2369,27,1695.027587890625,216.12179565429688,-1,-1,1,-1,-1,-1
2449,28,1183.05224609375,678.1328735351562,-1,-1,1,-1,-1,-1
2450,28,1211.211669921875,678.0323486328125,-1,-1,1,-1,-1,-1
2451,28,1239.914306640625,685.4130249023438,-1,-1,1,-1,-1,-1
2508,29,1254.0694580078125,549.53857421875,-1,-1,1,-1,-1,-1
2509,29,1282.448974609375,542.7005615234375,-1,-1,1,-1,-1,-1
2510,29,1296.9554443359375,542.72021484375,-1,-1,1,-1,-1,-1
2511,29,1318.1766357421875,535.4677734375,-1,-1,1,-1,-1,-1
2512,29,1332.52294921875,528.21728515625,-1,-1,1,-1,-1,-1
2513,29,1346.9549560546875,528.384765625,-1,-1,1,-1,-1,-1
2514,29,1354.021484375,528.4586791992188,-1,-1,1,-1,-1,-1
2515,29,1368.198974609375,521.7194213867188,-1,-1,1,-1,-1,-1
2516,29,1375.31298828125,521.6323852539062,-1,-1,1,-1,-1,-1
2517,29,1389.888427734375,521.3575439453125,-1,-1,1,-1,-1,-1
2518,29,1396.983154296875,521.2677001953125,-1,-1,1,-1,-1,-1
2519,29,1403.820068359375,521.3494873046875,-1,-1,1,-1,-1,-1
2520,29,1418.2138671875,521.1517944335938,-1,-1,1,-1,-1,-1
2521,29,1432.62646484375,520.9667358398438,-1,-1,1,-1,-1,-1
2522,29,1439.443603515625,528.130859375,-1,-1,1,-1,-1,-1
2523,29,1453.72021484375,528.3627319335938,-1,-1,1,-1,-1,-1
2524,29,1460.833740234375,535.4855346679688,-1,-1,1,-1,-1,-1
2525,29,1475.0611572265625,542.8232421875,-1,-1,1,-1,-1,-1
2526,29,1489.66796875,542.6260375976562,-1,-1,1,-1,-1,-1
2527,29,1503.5946044921875,549.7088623046875,-1,-1,1,-1,-1,-1
2528,29,1510.7298583984375,557.0057983398438,-1,-1,1,-1,-1,-1
2529,29,1524.6717529296875,564.0279541015625,-1,-1,1,-1,-1,-1
2530,29,1538.942138671875,571.41357421875,-1,-1,1,-1,-1,-1
2531,29,1545.969970703125,571.21142578125,-1,-1,1,-1,-1,-1
2532,29,1560.3673095703125,578.3964233398438,-1,-1,1,-1,-1,-1
2533,29,1574.171875,599.2755126953125,-1,-1,1,-1,-1,-1
2534,29,1595.3795166015625,606.5552368164062,-1,-1,1,-1,-1,-1
2574,30,1090.8853759765625,635.372802734375,-1,-1,1,-1,-1,-1
2575,30,1112.335693359375,628.2412109375,-1,-1,1,-1,-1,-1
2576,30,1133.71826171875,628.27783203125,-1,-1,1,-1,-1,-1
2577,30,1154.9429931640625,621.3269653320312,-1,-1,1,-1,-1,-1
2726,31,1716.2713623046875,95.18197631835938,-1,-1,1,-1,-1,-1
2727,31,1730.759521484375,109.85641479492188,-1,-1,1,-1,-1,-1
2728,31,1745.1170654296875,102.53667449951172,-1,-1,1,-1,-1,-1
2731,32,1105.0625,742.0791015625,-1,-1,1,-1,-1,-1
2732,32,1119.139404296875,742.4320068359375,-1,-1,1,-1,-1,-1
2737,32,1211.3118896484375,748.998291015625,-1,-1,1,-1,-1,-1
2745,33,472.7105407714844,656.447021484375,-1,-1,1,-1,-1,-1
2746,34,1303.654296875,422.048095703125,-1,-1,1,-1,-1,-1
2747,33,522.3734130859375,649.611572265625,-1,-1,1,-1,-1,-1
2747,34,1325.18310546875,429.2528076171875,-1,-1,1,-1,-1,-1
2748,33,543.6966552734375,642.46826171875,-1,-1,1,-1,-1,-1
2748,34,1346.685546875,421.9300537109375,-1,-1,1,-1,-1,-1
2749,33,564.919921875,642.6171875,-1,-1,1,-1,-1,-1
2750,33,586.2523193359375,642.4850463867188,-1,-1,1,-1,-1,-1
2751,33,607.6510620117188,642.5186767578125,-1,-1,1,-1,-1,-1
2752,33,621.90087890625,642.380615234375,-1,-1,1,-1,-1,-1
2759,33,707.1956787109375,649.7921142578125,-1,-1,1,-1,-1,-1
2760,33,707.1328125,649.789306640625,-1,-1,1,-1,-1,-1
2761,33,707.0823974609375,649.8491821289062,-1,-1,1,-1,-1,-1
2762,33,707.0350341796875,649.5757446289062,-1,-1,1,-1,-1,-1
2763,33,707.081298828125,649.5999755859375,-1,-1,1,-1,-1,-1
2766,33,692.8269653320312,649.6929931640625,-1,-1,1,-1,-1,-1
2767,33,692.8749389648438,614.1226196289062,-1,-1,1,-1,-1,-1
2770,33,678.74755859375,600.08056640625,-1,-1,1,-1,-1,-1
2771,33,664.605712890625,628.2774658203125,-1,-1,1,-1,-1,-1
2772,33,664.3729858398438,628.2857666015625,-1,-1,1,-1,-1,-1
2783,33,764.0113525390625,670.6875,-1,-1,1,-1,-1,-1
2784,33,778.1948852539062,670.566162109375,-1,-1,1,-1,-1,-1
2786,33,799.4215087890625,677.89794921875,-1,-1,1,-1,-1,-1
2787,33,806.9695434570312,684.9642944335938,-1,-1,1,-1,-1,-1
2791,33,842.0537109375,656.931884765625,-1,-1,1,-1,-1,-1
2792,33,842.3330078125,698.8984375,-1,-1,1,-1,-1,-1
2793,33,842.2421264648438,698.8826293945312,-1,-1,1,-1,-1,-1
2794,33,835.3665161132812,706.3272705078125,-1,-1,1,-1,-1,-1
2795,33,828.0159301757812,706.21875,-1,-1,1,-1,-1,-1
2796,33,820.9854125976562,713.371337890625,-1,-1,1,-1,-1,-1
2797,33,806.5069580078125,713.3617553710938,-1,-1,1,-1,-1,-1
2798,33,799.3206787109375,713.1329345703125,-1,-1,1,-1,-1,-1
2799,33,785.3670654296875,713.5274047851562,-1,-1,1,-1,-1,-1
2800,33,770.99365234375,706.00927734375,-1,-1,1,-1,-1,-1
2805,33,714.4740600585938,698.6873779296875,-1,-1,1,-1,-1,-1
2806,33,700.2698364257812,706.0440063476562,-1,-1,1,-1,-1,-1
2807,33,693.0567626953125,698.8489990234375,-1,-1,1,-1,-1,-1
2808,33,686.081298828125,698.7733764648438,-1,-1,1,-1,-1,-1
2809,33,678.9764404296875,698.93212890625,-1,-1,1,-1,-1,-1
2814,35,664.6746826171875,784.273681640625,-1,-1,1,-1,-1,-1
2815,35,657.6912841796875,784.447021484375,-1,-1,1,-1,-1,-1
2816,33,657.68701171875,642.6546630859375,-1,-1,1,-1,-1,-1
2816,35,650.54638671875,784.4146728515625,-1,-1,1,-1,-1,-1
2817,33,650.570556640625,642.7110595703125,-1,-1,1,-1,-1,-1
2817,35,643.5792236328125,784.292236328125,-1,-1,1,-1,-1,-1
2818,33,643.408203125,642.9237670898438,-1,-1,1,-1,-1,-1
2818,35,636.2689208984375,784.4305419921875,-1,-1,1,-1,-1,-1
2819,33,643.2117919921875,642.6561279296875,-1,-1,1,-1,-1,-1
2819,35,636.3070068359375,784.4771728515625,-1,-1,1,-1,-1,-1
2820,33,643.334228515625,642.671630859375,-1,-1,1,-1,-1,-1
2820,35,636.237548828125,784.5156860351562,-1,-1,1,-1,-1,-1
2821,33,643.5255126953125,642.8270263671875,-1,-1,1,-1,-1,-1
2821,35,643.37353515625,784.3839721679688,-1,-1,1,-1,-1,-1
2822,35,643.4791259765625,784.38232421875,-1,-1,1,-1,-1,-1
2823,33,657.53759765625,642.8455810546875,-1,-1,1,-1,-1,-1
2823,35,657.4952392578125,791.7172241210938,-1,-1,1,-1,-1,-1
2824,33,678.8944091796875,642.8431396484375,-1,-1,1,-1,-1,-1
2824,35,671.9493408203125,791.4935913085938,-1,-1,1,-1,-1,-1
