9,1,1133.087158203125,641.85986328125,-1,-1,1,-1,-1,-1
12,1,1111.7080078125,570.955322265625,-1,-1,1,-1,-1,-1
13,1,1140.0096435546875,570.8538818359375,-1,-1,1,-1,-1,-1
15,1,1196.9027099609375,563.7651977539062,-1,-1,1,-1,-1,-1
16,2,1310.572265625,535.2019653320312,-1,-1,1,-1,-1,-1
17,1,1253.8287353515625,563.8138427734375,-1,-1,1,-1,-1,-1
17,2,1331.9215087890625,535.30322265625,-1,-1,1,-1,-1,-1
18,1,1282.158935546875,563.808837890625,-1,-1,1,-1,-1,-1
28,3,756.8155517578125,791.18359375,-1,-1,1,-1,-1,-1
28,4,436.8465576171875,550.0380859375,-1,-1,1,-1,-1,-1
29,3,806.8575439453125,805.4296875,-1,-1,1,-1,-1,-1
29,4,458.11517333984375,557.0941162109375,-1,-1,1,-1,-1,-1
30,4,486.30615234375,557.1756591796875,-1,-1,1,-1,-1,-1
31,4,507.75152587890625,557.0059814453125,-1,-1,1,-1,-1,-1
31,5,380.04608154296875,727.3511962890625,-1,-1,1,-1,-1,-1
32,4,536.235595703125,557.1292724609375,-1,-1,1,-1,-1,-1
32,5,415.4806213378906,734.435791015625,-1,-1,1,-1,-1,-1
33,4,557.4404907226562,550.1728515625,-1,-1,1,-1,-1,-1
33,5,493.26531982421875,819.56689453125,-1,-1,1,-1,-1,-1
34,4,585.947509765625,550.1414794921875,-1,-1,1,-1,-1,-1
34,5,493.5224609375,734.6205444335938,-1,-1,1,-1,-1,-1
35,4,614.3758544921875,557.049560546875,-1,-1,1,-1,-1,-1
35,5,585.9088134765625,826.9320678710938,-1,-1,1,-1,-1,-1
36,4,635.709716796875,557.3857421875,-1,-1,1,-1,-1,-1
36,5,628.7073974609375,833.9071044921875,-1,-1,1,-1,-1,-1
37,5,678.7408447265625,840.9806518554688,-1,-1,1,-1,-1,-1
39,4,713.8582763671875,550.3416748046875,-1,-1,1,-1,-1,-1
39,5,699.47216796875,734.4434814453125,-1,-1,1,-1,-1,-1
40,4,735.13916015625,550.3375244140625,-1,-1,1,-1,-1,-1
40,5,735.0867309570312,741.392333984375,-1,-1,1,-1,-1,-1
41,4,756.5083618164062,543.418701171875,-1,-1,1,-1,-1,-1
41,5,770.7044677734375,748.6846313476562,-1,-1,1,-1,-1,-1
42,4,784.6959838867188,550.0128173828125,-1,-1,1,-1,-1,-1
42,5,813.3299560546875,741.483154296875,-1,-1,1,-1,-1,-1
43,4,799.0576782226562,543.3704833984375,-1,-1,1,-1,-1,-1
43,5,848.9193725585938,748.62548828125,-1,-1,1,-1,-1,-1
44,4,827.268310546875,550.2415771484375,-1,-1,1,-1,-1,-1
44,5,891.5234375,755.5911865234375,-1,-1,1,-1,-1,-1
45,4,848.66357421875,550.2236328125,-1,-1,1,-1,-1,-1
45,5,934.1753540039062,762.9126586914062,-1,-1,1,-1,-1,-1
46,5,976.75634765625,762.7188720703125,-1,-1,1,-1,-1,-1
47,5,1026.5452880859375,769.9047241210938,-1,-1,1,-1,-1,-1
48,5,1069.2373046875,769.7175903320312,-1,-1,1,-1,-1,-1
49,5,1118.8988037109375,776.8292236328125,-1,-1,1,-1,-1,-1
50,5,1161.7467041015625,769.844482421875,-1,-1,1,-1,-1,-1
50,6,1360.63232421875,649.4937744140625,-1,-1,1,-1,-1,-1
51,3,1815.1961669921875,819.6724853515625,-1,-1,1,-1,-1,-1
51,5,1197.0322265625,762.6126708984375,-1,-1,1,-1,-1,-1
51,6,1410.402099609375,649.733642578125,-1,-1,1,-1,-1,-1
52,5,1239.71484375,762.640625,-1,-1,1,-1,-1,-1
52,6,1438.659912109375,649.7501831054688,-1,-1,1,-1,-1,-1
52,7,1445.713134765625,471.29852294921875,-1,-1,1,-1,-1,-1
53,5,1282.3018798828125,762.65771484375,-1,-1,1,-1,-1,-1
53,6,1466.945068359375,649.76123046875,-1,-1,1,-1,-1,-1
54,5,1331.96337890625,762.7470703125,-1,-1,1,-1,-1,-1
54,6,1495.307861328125,649.8668212890625,-1,-1,1,-1,-1,-1
55,5,1374.680419921875,762.7506103515625,-1,-1,1,-1,-1,-1
55,6,1537.764892578125,649.6947021484375,-1,-1,1,-1,-1,-1
55,7,1488.32373046875,478.8203125,-1,-1,1,-1,-1,-1
56,5,1417.2247314453125,762.73583984375,-1,-1,1,-1,-1,-1
57,5,1466.96337890625,762.774169921875,-1,-1,1,-1,-1,-1
59,6,1687.416015625,649.7106323242188,-1,-1,1,-1,-1,-1
60,6,1715.82421875,649.8834228515625,-1,-1,1,-1,-1,-1
60,8,422.29412841796875,599.7281494140625,-1,-1,1,-1,-1,-1
61,8,457.9468994140625,599.7380981445312,-1,-1,1,-1,-1,-1
63,4,1289.5498046875,571.614013671875,-1,-1,1,-1,-1,-1
67,8,720.6886596679688,585.3628540039062,-1,-1,1,-1,-1,-1
68,8,770.5513916015625,578.1727294921875,-1,-1,1,-1,-1,-1
69,4,1537.9718017578125,542.4537353515625,-1,-1,1,-1,-1,-1
70,4,1566.252685546875,535.489990234375,-1,-1,1,-1,-1,-1
74,8,1075.9356689453125,542.5848388671875,-1,-1,1,-1,-1,-1
75,8,1125.76611328125,535.36669921875,-1,-1,1,-1,-1,-1
76,9,1097.4879150390625,606.6759033203125,-1,-1,1,-1,-1,-1
77,9,1154.128662109375,606.6309814453125,-1,-1,1,-1,-1,-1
78,9,1204.019775390625,599.7342529296875,-1,-1,1,-1,-1,-1
79,9,1253.8919677734375,599.6429443359375,-1,-1,1,-1,-1,-1
80,8,1381.5654296875,521.264404296875,-1,-1,1,-1,-1,-1
80,9,1310.81982421875,592.36474609375,-1,-1,1,-1,-1,-1
81,9,1360.556396484375,592.4256591796875,-1,-1,1,-1,-1,-1
83,8,1523.72607421875,507.12213134765625,-1,-1,1,-1,-1,-1
85,9,1587.584716796875,542.37939453125,-1,-1,1,-1,-1,-1
227,10,88.48308563232422,642.367919921875,-1,-1,1,-1,-1,-1
228,10,116.71910095214844,649.3251953125,-1,-1,1,-1,-1,-1
229,10,144.7791290283203,649.4532470703125,-1,-1,1,-1,-1,-1
230,10,152.28924560546875,649.4425048828125,-1,-1,1,-1,-1,-1
234,10,308.85443115234375,649.2684326171875,-1,-1,1,-1,-1,-1
235,10,337.2825622558594,649.2577514648438,-1,-1,1,-1,-1,-1
236,10,365.5166015625,649.3648681640625,-1,-1,1,-1,-1,-1
237,10,401.26922607421875,649.0538940429688,-1,-1,1,-1,-1,-1
237,11,1573.523681640625,848.22998046875,-1,-1,1,-1,-1,-1
238,10,429.6453857421875,642.0809326171875,-1,-1,1,-1,-1,-1
238,11,1623.355224609375,840.863525390625,-1,-1,1,-1,-1,-1
239,10,465.2138366699219,648.9188232421875,-1,-1,1,-1,-1,-1
239,11,1680.1458740234375,841.01025390625,-1,-1,1,-1,-1,-1
240,10,493.48193359375,649.1180419921875,-1,-1,1,-1,-1,-1
241,10,521.9256591796875,649.1421508789062,-1,-1,1,-1,-1,-1
242,10,557.6703491210938,649.1444091796875,-1,-1,1,-1,-1,-1
243,10,586.1461181640625,649.1317749023438,-1,-1,1,-1,-1,-1
244,10,614.3135986328125,642.2435302734375,-1,-1,1,-1,-1,-1
245,10,649.991943359375,649.2587280273438,-1,-1,1,-1,-1,-1
246,10,677.9600830078125,642.2942504882812,-1,-1,1,-1,-1,-1
247,10,713.6653442382812,642.3403930664062,-1,-1,1,-1,-1,-1
248,10,741.8231811523438,642.3251342773438,-1,-1,1,-1,-1,-1
249,10,770.2415771484375,635.2498168945312,-1,-1,1,-1,-1,-1
249,12,665.2778930664062,719.6503295898438,-1,-1,1,-1,-1,-1
250,10,805.6046142578125,635.2020263671875,-1,-1,1,-1,-1,-1
251,10,834.179443359375,628.1243896484375,-1,-1,1,-1,-1,-1
252,10,862.60009765625,628.0576171875,-1,-1,1,-1,-1,-1
253,10,883.7257080078125,628.2560424804688,-1,-1,1,-1,-1,-1
254,10,919.2161865234375,628.0618286132812,-1,-1,1,-1,-1,-1
255,10,947.688720703125,628.2066040039062,-1,-1,1,-1,-1,-1
255,13,1581.4384765625,770.029052734375,-1,-1,1,-1,-1,-1
256,10,968.8809204101562,635.35205078125,-1,-1,1,-1,-1,-1
256,13,1617.01220703125,762.76025390625,-1,-1,1,-1,-1,-1
257,10,997.2413940429688,628.2354736328125,-1,-1,1,-1,-1,-1
257,12,969.2325439453125,635.5003662109375,-1,-1,1,-1,-1,-1
258,10,1018.8859252929688,628.1400756835938,-1,-1,1,-1,-1,-1
259,10,1047.3109130859375,628.0094604492188,-1,-1,1,-1,-1,-1
259,12,1019.0965576171875,635.3421020507812,-1,-1,1,-1,-1,-1
260,10,1068.5438232421875,635.468994140625,-1,-1,1,-1,-1,-1
260,12,1040.373779296875,635.4453125,-1,-1,1,-1,-1,-1
261,12,1068.8828125,649.3358764648438,-1,-1,1,-1,-1,-1
263,12,1118.8577880859375,670.3191528320312,-1,-1,1,-1,-1,-1
264,12,1140.37744140625,670.3076782226562,-1,-1,1,-1,-1,-1
265,12,1161.789794921875,670.2298583984375,-1,-1,1,-1,-1,-1
266,12,1196.790771484375,663.2599487304688,-1,-1,1,-1,-1,-1
267,12,1225.227783203125,656.212646484375,-1,-1,1,-1,-1,-1
268,12,1246.6484375,655.998779296875,-1,-1,1,-1,-1,-1
269,12,1282.27587890625,656.459716796875,-1,-1,1,-1,-1,-1
270,12,1325.08935546875,663.0390014648438,-1,-1,1,-1,-1,-1
271,12,1381.7728271484375,656.3301391601562,-1,-1,1,-1,-1,-1
273,12,1474.227783203125,663.1441040039062,-1,-1,1,-1,-1,-1
275,12,1566.8936767578125,655.8572998046875,-1,-1,1,-1,-1,-1
279,14,1182.80615234375,741.6695556640625,-1,-1,1,-1,-1,-1
280,14,1239.586669921875,734.6052856445312,-1,-1,1,-1,-1,-1
281,12,1801.213623046875,557.2019653320312,-1,-1,1,-1,-1,-1
281,14,1296.472900390625,727.6017456054688,-1,-1,1,-1,-1,-1
282,12,1829.837890625,542.5248413085938,-1,-1,1,-1,-1,-1
282,14,1353.1864013671875,727.398193359375,-1,-1,1,-1,-1,-1
283,12,1850.496337890625,535.692138671875,-1,-1,1,-1,-1,-1
283,14,1410.38232421875,727.5628662109375,-1,-1,1,-1,-1,-1
298,15,458.2565612792969,627.9381103515625,-1,-1,1,-1,-1,-1
299,15,493.64434814453125,627.7496337890625,-1,-1,1,-1,-1,-1
300,15,522.04833984375,620.8515625,-1,-1,1,-1,-1,-1
301,15,557.6649780273438,620.6947021484375,-1,-1,1,-1,-1,-1
302,15,586.0262451171875,613.6702880859375,-1,-1,1,-1,-1,-1
303,15,614.4512939453125,613.5872802734375,-1,-1,1,-1,-1,-1
304,15,650.02001953125,606.6844482421875,-1,-1,1,-1,-1,-1
305,15,671.2391357421875,606.58935546875,-1,-1,1,-1,-1,-1
306,15,699.6168823242188,606.394775390625,-1,-1,1,-1,-1,-1
307,15,728.229736328125,599.53369140625,-1,-1,1,-1,-1,-1
308,15,763.7867431640625,592.405517578125,-1,-1,1,-1,-1,-1
309,15,792.236572265625,592.4151000976562,-1,-1,1,-1,-1,-1
310,15,820.6054077148438,592.2830810546875,-1,-1,1,-1,-1,-1
311,15,848.9808349609375,592.2633666992188,-1,-1,1,-1,-1,-1
314,15,934.3383178710938,585.1107177734375,-1,-1,1,-1,-1,-1
315,15,962.78125,578.184814453125,-1,-1,1,-1,-1,-1
316,15,991.159423828125,578.1746826171875,-1,-1,1,-1,-1,-1
317,15,1019.5349731445312,578.2088623046875,-1,-1,1,-1,-1,-1
321,15,1126.150146484375,578.0391845703125,-1,-1,1,-1,-1,-1
322,15,1154.5770263671875,571.1435546875,-1,-1,1,-1,-1,-1
323,15,1175.921630859375,571.171630859375,-1,-1,1,-1,-1,-1
324,15,1204.458740234375,564.0662841796875,-1,-1,1,-1,-1,-1
325,15,1232.75341796875,564.044189453125,-1,-1,1,-1,-1,-1
326,15,1254.019775390625,563.9376220703125,-1,-1,1,-1,-1,-1
327,15,1275.36083984375,563.8312377929688,-1,-1,1,-1,-1,-1
328,15,1303.864013671875,556.9727172851562,-1,-1,1,-1,-1,-1
329,15,1332.1236572265625,557.0753173828125,-1,-1,1,-1,-1,-1
331,15,1381.95703125,564.043212890625,-1,-1,1,-1,-1,-1
332,16,1062.051513671875,123.65383911132812,-1,-1,1,-1,-1,-1
333,16,1069.02734375,130.6311798095703,-1,-1,1,-1,-1,-1
