23,1,1111.78759765625,180.28909301757812,-1,-1,1,-1,-1,-1
24,1,1119.000732421875,180.3633575439453,-1,-1,1,-1,-1,-1
26,1,1126.04443359375,173.36904907226562,-1,-1,1,-1,-1,-1
27,1,1133.052734375,173.25381469726562,-1,-1,1,-1,-1,-1
28,1,1140.21435546875,173.43115234375,-1,-1,1,-1,-1,-1
30,1,1154.55810546875,166.2107696533203,-1,-1,1,-1,-1,-1
33,1,1175.68896484375,152.15359497070312,-1,-1,1,-1,-1,-1
47,1,1296.1514892578125,88.35206604003906,-1,-1,1,-1,-1,-1
48,1,1310.3941650390625,88.00682830810547,-1,-1,1,-1,-1,-1
49,1,1303.509033203125,87.8725814819336,-1,-1,1,-1,-1,-1
68,2,394.09002685546875,592.2742919921875,-1,-1,1,-1,-1,-1
69,2,408.149658203125,592.385986328125,-1,-1,1,-1,-1,-1
70,2,422.5416259765625,592.481689453125,-1,-1,1,-1,-1,-1
71,2,429.62176513671875,592.3036499023438,-1,-1,1,-1,-1,-1
72,2,443.7799072265625,592.360595703125,-1,-1,1,-1,-1,-1
73,2,457.94085693359375,592.345703125,-1,-1,1,-1,-1,-1
74,2,464.91998291015625,592.426513671875,-1,-1,1,-1,-1,-1
75,2,479.2826843261719,585.4083251953125,-1,-1,1,-1,-1,-1
76,2,493.6027526855469,585.344482421875,-1,-1,1,-1,-1,-1
77,2,508.00433349609375,585.335693359375,-1,-1,1,-1,-1,-1
78,2,514.9124755859375,585.4586181640625,-1,-1,1,-1,-1,-1
79,2,529.0715942382812,585.4871215820312,-1,-1,1,-1,-1,-1
80,2,543.1625366210938,585.480224609375,-1,-1,1,-1,-1,-1
81,2,557.4629516601562,585.5137939453125,-1,-1,1,-1,-1,-1
82,2,571.6336669921875,585.3455200195312,-1,-1,1,-1,-1,-1
83,2,593.118408203125,578.336181640625,-1,-1,1,-1,-1,-1
84,2,607.1812744140625,578.3065795898438,-1,-1,1,-1,-1,-1
85,2,621.603759765625,578.2688598632812,-1,-1,1,-1,-1,-1
86,2,635.592041015625,578.081298828125,-1,-1,1,-1,-1,-1
87,2,656.9981689453125,578.3316650390625,-1,-1,1,-1,-1,-1
88,2,671.265380859375,578.425048828125,-1,-1,1,-1,-1,-1
89,2,685.3724975585938,578.299560546875,-1,-1,1,-1,-1,-1
90,2,706.780029296875,571.106201171875,-1,-1,1,-1,-1,-1
91,2,721.014404296875,571.0521240234375,-1,-1,1,-1,-1,-1
92,2,742.3575439453125,571.210205078125,-1,-1,1,-1,-1,-1
93,2,763.6510009765625,571.1969604492188,-1,-1,1,-1,-1,-1
94,2,777.730712890625,571.398193359375,-1,-1,1,-1,-1,-1
95,2,799.1392822265625,563.9151000976562,-1,-1,1,-1,-1,-1
96,2,820.4157104492188,564.0794067382812,-1,-1,1,-1,-1,-1
97,2,841.7294311523438,564.147705078125,-1,-1,1,-1,-1,-1
98,2,862.86279296875,556.8682861328125,-1,-1,1,-1,-1,-1
99,2,884.2901611328125,557.1802368164062,-1,-1,1,-1,-1,-1
100,2,905.5343017578125,557.1211547851562,-1,-1,1,-1,-1,-1
101,2,927.0940551757812,549.8731689453125,-1,-1,1,-1,-1,-1
102,2,948.3042602539062,549.953369140625,-1,-1,1,-1,-1,-1
103,2,969.6109008789062,549.990478515625,-1,-1,1,-1,-1,-1
104,2,990.89501953125,549.9970703125,-1,-1,1,-1,-1,-1
105,2,1019.4959106445312,542.8760986328125,-1,-1,1,-1,-1,-1
106,2,1040.7584228515625,543.0223999023438,-1,-1,1,-1,-1,-1
107,2,1062.0894775390625,542.8082275390625,-1,-1,1,-1,-1,-1
108,2,1090.2901611328125,542.9423828125,-1,-1,1,-1,-1,-1
109,2,1111.5908203125,542.9520263671875,-1,-1,1,-1,-1,-1
110,2,1140.23291015625,535.905517578125,-1,-1,1,-1,-1,-1
111,2,1168.5845947265625,535.7420654296875,-1,-1,1,-1,-1,-1
112,2,1196.9459228515625,535.8679809570312,-1,-1,1,-1,-1,-1
113,2,1225.4072265625,535.9493408203125,-1,-1,1,-1,-1,-1
114,2,1253.79931640625,535.9525146484375,-1,-1,1,-1,-1,-1
115,2,1282.2508544921875,536.0850219726562,-1,-1,1,-1,-1,-1
116,2,1310.794677734375,535.9744873046875,-1,-1,1,-1,-1,-1
117,2,1339.146240234375,528.6895751953125,-1,-1,1,-1,-1,-1
118,2,1374.8447265625,528.6226806640625,-1,-1,1,-1,-1,-1
119,2,1410.315185546875,528.7278442382812,-1,-1,1,-1,-1,-1
120,2,1445.676513671875,528.8311767578125,-1,-1,1,-1,-1,-1
121,2,1481.3529052734375,521.47705078125,-1,-1,1,-1,-1,-1
122,2,1516.773193359375,521.656982421875,-1,-1,1,-1,-1,-1
123,2,1552.2515869140625,521.703125,-1,-1,1,-1,-1,-1
124,2,1587.712158203125,521.7437744140625,-1,-1,1,-1,-1,-1
125,2,1630.4033203125,514.07568359375,-1,-1,1,-1,-1,-1
126,2,1665.9541015625,514.4718017578125,-1,-1,1,-1,-1,-1
127,2,1708.609130859375,514.6629638671875,-1,-1,1,-1,-1,-1
128,2,1751.22607421875,514.531005859375,-1,-1,1,-1,-1,-1
129,2,1801.01806640625,506.795166015625,-1,-1,1,-1,-1,-1
130,2,1843.5958251953125,507.09716796875,-1,-1,1,-1,-1,-1
186,3,1104.8096923828125,883.835693359375,-1,-1,1,-1,-1,-1
187,3,1147.5089111328125,890.8958129882812,-1,-1,1,-1,-1,-1
188,3,1189.770263671875,890.8773193359375,-1,-1,1,-1,-1,-1
189,3,1239.658935546875,897.9659423828125,-1,-1,1,-1,-1,-1
191,3,1332.304931640625,905.1000366210938,-1,-1,1,-1,-1,-1
192,3,1381.76904296875,911.94873046875,-1,-1,1,-1,-1,-1
209,4,1048.187255859375,407.9520568847656,-1,-1,1,-1,-1,-1
210,4,1069.4755859375,407.83966064453125,-1,-1,1,-1,-1,-1
211,4,1090.7896728515625,407.8373718261719,-1,-1,1,-1,-1,-1
212,4,1119.1396484375,407.5751037597656,-1,-1,1,-1,-1,-1
213,4,1140.46240234375,407.5311584472656,-1,-1,1,-1,-1,-1
214,4,1161.884033203125,400.7999267578125,-1,-1,1,-1,-1,-1
215,4,1183.183837890625,400.7752380371094,-1,-1,1,-1,-1,-1
216,4,1211.601318359375,400.65667724609375,-1,-1,1,-1,-1,-1
218,4,1254.3515625,393.44073486328125,-1,-1,1,-1,-1,-1
219,4,1268.490966796875,393.4730529785156,-1,-1,1,-1,-1,-1
220,4,1282.71923828125,393.50616455078125,-1,-1,1,-1,-1,-1
221,4,1289.4710693359375,393.41754150390625,-1,-1,1,-1,-1,-1
222,4,1304.1068115234375,386.48516845703125,-1,-1,1,-1,-1,-1
223,4,1311.10986328125,386.39111328125,-1,-1,1,-1,-1,-1
224,4,1325.2655029296875,386.44195556640625,-1,-1,1,-1,-1,-1
225,4,1332.302001953125,386.4959716796875,-1,-1,1,-1,-1,-1
226,4,1346.504150390625,386.49432373046875,-1,-1,1,-1,-1,-1
227,4,1353.758544921875,386.424560546875,-1,-1,1,-1,-1,-1
228,4,1367.96826171875,386.2831726074219,-1,-1,1,-1,-1,-1
229,4,1382.130126953125,386.1807556152344,-1,-1,1,-1,-1,-1
230,4,1396.3253173828125,386.3816833496094,-1,-1,1,-1,-1,-1
232,4,1417.531982421875,386.48602294921875,-1,-1,1,-1,-1,-1
234,4,1438.908447265625,379.3505554199219,-1,-1,1,-1,-1,-1
235,4,1453.0582275390625,379.34735107421875,-1,-1,1,-1,-1,-1
236,4,1467.4051513671875,379.3362731933594,-1,-1,1,-1,-1,-1
237,4,1481.5615234375,379.33245849609375,-1,-1,1,-1,-1,-1
238,4,1495.8048095703125,372.2688293457031,-1,-1,1,-1,-1,-1
239,4,1510.0537109375,372.37652587890625,-1,-1,1,-1,-1,-1
240,4,1524.28271484375,372.3954772949219,-1,-1,1,-1,-1,-1
241,4,1538.40185546875,365.1873779296875,-1,-1,1,-1,-1,-1
242,4,1559.9375,365.30145263671875,-1,-1,1,-1,-1,-1
243,4,1573.97998046875,358.3076171875,-1,-1,1,-1,-1,-1
244,4,1595.167236328125,351.0794372558594,-1,-1,1,-1,-1,-1
246,4,1630.7794189453125,344.0484924316406,-1,-1,1,-1,-1,-1
247,4,1652.152099609375,336.82952880859375,-1,-1,1,-1,-1,-1
248,4,1673.3968505859375,329.71856689453125,-1,-1,1,-1,-1,-1
248,5,699.622314453125,684.796142578125,-1,-1,1,-1,-1,-1
249,6,934.0787353515625,826.7930908203125,-1,-1,1,-1,-1,-1
250,6,969.26416015625,819.5360107421875,-1,-1,1,-1,-1,-1
253,4,1801.097412109375,301.0677490234375,-1,-1,1,-1,-1,-1
253,6,1061.82275390625,819.607177734375,-1,-1,1,-1,-1,-1
254,6,1104.4832763671875,812.3211669921875,-1,-1,1,-1,-1,-1
255,6,1146.99462890625,812.7295532226562,-1,-1,1,-1,-1,-1
256,6,1182.71337890625,805.0953979492188,-1,-1,1,-1,-1,-1
259,6,1296.516845703125,812.8438720703125,-1,-1,1,-1,-1,-1
260,5,933.9642944335938,670.5439453125,-1,-1,1,-1,-1,-1
260,6,1338.8892822265625,812.828857421875,-1,-1,1,-1,-1,-1
263,6,1474.208740234375,819.8993530273438,-1,-1,1,-1,-1,-1
264,6,1523.8173828125,826.9892578125,-1,-1,1,-1,-1,-1
265,5,1054.774169921875,677.8499755859375,-1,-1,1,-1,-1,-1
265,6,1573.095703125,826.6718139648438,-1,-1,1,-1,-1,-1
266,5,1075.976806640625,677.7093505859375,-1,-1,1,-1,-1,-1
266,6,1623.3013916015625,826.5611572265625,-1,-1,1,-1,-1,-1
266,7,166.7669677734375,713.3155517578125,-1,-1,1,-1,-1,-1
267,5,1104.400390625,677.740966796875,-1,-1,1,-1,-1,-1
267,7,174.05435180664062,713.52197265625,-1,-1,1,-1,-1,-1
268,5,1132.947265625,677.7333984375,-1,-1,1,-1,-1,-1
268,6,1722.5673828125,818.9376220703125,-1,-1,1,-1,-1,-1
270,5,1182.735107421875,677.76904296875,-1,-1,1,-1,-1,-1
271,5,1211.18994140625,677.6027221679688,-1,-1,1,-1,-1,-1
272,5,1232.392578125,677.5314331054688,-1,-1,1,-1,-1,-1
273,5,1260.92236328125,677.4190063476562,-1,-1,1,-1,-1,-1
274,5,1289.237060546875,677.4920654296875,-1,-1,1,-1,-1,-1
275,5,1317.82763671875,684.82958984375,-1,-1,1,-1,-1,-1
276,5,1346.261474609375,684.8133544921875,-1,-1,1,-1,-1,-1
277,5,1374.684326171875,684.7672119140625,-1,-1,1,-1,-1,-1
278,5,1403.169189453125,684.7322387695312,-1,-1,1,-1,-1,-1
279,5,1431.513671875,684.6240234375,-1,-1,1,-1,-1,-1
280,5,1459.9603271484375,684.6290893554688,-1,-1,1,-1,-1,-1
281,5,1488.3260498046875,684.6795654296875,-1,-1,1,-1,-1,-1
282,5,1524.059326171875,684.5839233398438,-1,-1,1,-1,-1,-1
283,5,1552.41357421875,684.6617431640625,-1,-1,1,-1,-1,-1
284,5,1588.041748046875,684.6536254882812,-1,-1,1,-1,-1,-1
285,5,1616.637939453125,691.858154296875,-1,-1,1,-1,-1,-1
286,5,1652.252197265625,691.7984008789062,-1,-1,1,-1,-1,-1
288,5,1716.328125,698.9892578125,-1,-1,1,-1,-1,-1
304,8,466.391357421875,670.2483520507812,-1,-1,1,-1,-1,-1
304,9,885.3516845703125,791.6552124023438,-1,-1,1,-1,-1,-1
305,8,480.4810791015625,655.664794921875,-1,-1,1,-1,-1,-1
305,9,900.1077880859375,784.081787109375,-1,-1,1,-1,-1,-1
306,8,495.028564453125,655.5816650390625,-1,-1,1,-1,-1,-1
307,8,515.5634765625,641.5152587890625,-1,-1,1,-1,-1,-1
308,8,530.15478515625,634.331787109375,-1,-1,1,-1,-1,-1
309,8,544.1952514648438,634.6458740234375,-1,-1,1,-1,-1,-1
310,8,565.7673950195312,634.5718994140625,-1,-1,1,-1,-1,-1
311,8,586.5360107421875,606.5533447265625,-1,-1,1,-1,-1,-1
314,8,629.1166381835938,613.0309448242188,-1,-1,1,-1,-1,-1
315,8,636.2979125976562,620.0070190429688,-1,-1,1,-1,-1,-1
316,8,650.8533935546875,627.0797729492188,-1,-1,1,-1,-1,-1
317,8,657.8935546875,605.6424560546875,-1,-1,1,-1,-1,-1
318,8,672.4844360351562,605.5831298828125,-1,-1,1,-1,-1,-1
318,10,394.5177917480469,798.1021728515625,-1,-1,1,-1,-1,-1
319,8,686.6697387695312,605.4185180664062,-1,-1,1,-1,-1,-1
319,10,408.78070068359375,798.2286987304688,-1,-1,1,-1,-1,-1
320,8,708.1587524414062,612.6451416015625,-1,-1,1,-1,-1,-1
321,8,715.3355102539062,619.7982788085938,-1,-1,1,-1,-1,-1
321,10,430.2707824707031,791.0225830078125,-1,-1,1,-1,-1,-1
322,8,736.3699951171875,605.3681030273438,-1,-1,1,-1,-1,-1
322,10,451.33526611328125,791.0003662109375,-1,-1,1,-1,-1,-1
323,10,472.6904296875,791.11572265625,-1,-1,1,-1,-1,-1
324,10,494.1956787109375,791.2677001953125,-1,-1,1,-1,-1,-1
325,10,508.25494384765625,783.7489624023438,-1,-1,1,-1,-1,-1
326,8,864.5327758789062,612.95263671875,-1,-1,1,-1,-1,-1
326,10,529.773681640625,791.1821899414062,-1,-1,1,-1,-1,-1
327,8,892.6600341796875,613.37109375,-1,-1,1,-1,-1,-1
327,10,551.2183837890625,791.0277709960938,-1,-1,1,-1,-1,-1
328,8,913.8712158203125,613.4950561523438,-1,-1,1,-1,-1,-1
328,10,572.220703125,791.07470703125,-1,-1,1,-1,-1,-1
330,8,963.480712890625,591.985107421875,-1,-1,1,-1,-1,-1
331,8,984.7222900390625,606.2324829101562,-1,-1,1,-1,-1,-1
332,8,1006.6088256835938,605.5631713867188,-1,-1,1,-1,-1,-1
333,8,1027.9473876953125,605.7422485351562,-1,-1,1,-1,-1,-1
334,8,1056.176025390625,605.505615234375,-1,-1,1,-1,-1,-1
335,8,1077.7509765625,605.4107055664062,-1,-1,1,-1,-1,-1
335,11,1090.6783447265625,528.3530883789062,-1,-1,1,-1,-1,-1
336,11,1111.669189453125,528.592529296875,-1,-1,1,-1,-1,-1
337,11,1140.526123046875,528.3553466796875,-1,-1,1,-1,-1,-1
338,11,1168.70849609375,535.779296875,-1,-1,1,-1,-1,-1
339,11,1197.1396484375,535.7011108398438,-1,-1,1,-1,-1,-1
340,11,1232.8076171875,535.7347412109375,-1,-1,1,-1,-1,-1
341,11,1261.226318359375,535.574462890625,-1,-1,1,-1,-1,-1
342,11,1289.626708984375,542.6458740234375,-1,-1,1,-1,-1,-1
343,11,1311.062744140625,542.5328979492188,-1,-1,1,-1,-1,-1
344,8,1332.5369873046875,655.6383056640625,-1,-1,1,-1,-1,-1
350,12,216.3193359375,514.4351806640625,-1,-1,1,-1,-1,-1
351,8,1495.393798828125,755.5274658203125,-1,-1,1,-1,-1,-1
351,12,230.36355590820312,514.426513671875,-1,-1,1,-1,-1,-1
352,12,244.76409912109375,514.3870849609375,-1,-1,1,-1,-1,-1
353,12,259.09814453125,507.4991149902344,-1,-1,1,-1,-1,-1
354,12,273.3239440917969,507.55181884765625,-1,-1,1,-1,-1,-1
355,12,287.487548828125,507.49444580078125,-1,-1,1,-1,-1,-1
356,12,308.9132385253906,507.3568115234375,-1,-1,1,-1,-1,-1
357,12,323.0924072265625,514.5678100585938,-1,-1,1,-1,-1,-1
358,12,337.3048095703125,514.4688720703125,-1,-1,1,-1,-1,-1
359,12,351.59185791015625,521.6397705078125,-1,-1,1,-1,-1,-1
360,12,365.7810363769531,521.6360473632812,-1,-1,1,-1,-1,-1
