4,1,877.5205078125,528.3759765625,-1,-1,1,-1,-1,-1
5,1,841.99951171875,528.4750366210938,-1,-1,1,-1,-1,-1
7,1,785.14501953125,535.579833984375,-1,-1,1,-1,-1,-1
8,1,749.7731323242188,535.83984375,-1,-1,1,-1,-1,-1
9,1,721.250244140625,535.9005737304688,-1,-1,1,-1,-1,-1
12,1,600.660888671875,543.0220947265625,-1,-1,1,-1,-1,-1
13,1,551.0068359375,543.0033569335938,-1,-1,1,-1,-1,-1
14,1,500.98406982421875,542.8602905273438,-1,-1,1,-1,-1,-1
15,1,458.5404052734375,542.79638671875,-1,-1,1,-1,-1,-1
16,1,408.9769592285156,535.7356567382812,-1,-1,1,-1,-1,-1
17,1,359.1622314453125,535.8028564453125,-1,-1,1,-1,-1,-1
19,1,266.6551208496094,528.5408935546875,-1,-1,1,-1,-1,-1
20,1,224.09295654296875,528.3262939453125,-1,-1,1,-1,-1,-1
186,2,429.5113525390625,557.41748046875,-1,-1,1,-1,-1,-1
189,2,429.33343505859375,543.258544921875,-1,-1,1,-1,-1,-1
192,2,422.12518310546875,536.072021484375,-1,-1,1,-1,-1,-1
194,2,414.9622802734375,536.1084594726562,-1,-1,1,-1,-1,-1
195,2,415.3438415527344,535.77783203125,-1,-1,1,-1,-1,-1
196,2,408.040771484375,535.8987426757812,-1,-1,1,-1,-1,-1
197,2,408.10552978515625,528.711181640625,-1,-1,1,-1,-1,-1
198,2,408.07183837890625,521.6572265625,-1,-1,1,-1,-1,-1
199,2,400.86627197265625,528.7630615234375,-1,-1,1,-1,-1,-1
200,2,408.20660400390625,528.6749267578125,-1,-1,1,-1,-1,-1
201,2,400.8848571777344,535.95458984375,-1,-1,1,-1,-1,-1
202,2,400.9400634765625,536.0358276367188,-1,-1,1,-1,-1,-1
203,2,401.12188720703125,535.8983764648438,-1,-1,1,-1,-1,-1
204,2,393.9549865722656,543.111572265625,-1,-1,1,-1,-1,-1
205,2,379.5975036621094,557.3695068359375,-1,-1,1,-1,-1,-1
206,2,379.8099670410156,550.2896728515625,-1,-1,1,-1,-1,-1
211,3,1182.569091796875,684.978515625,-1,-1,1,-1,-1,-1
212,3,1175.56787109375,684.60498046875,-1,-1,1,-1,-1,-1
214,3,1161.42041015625,692.01953125,-1,-1,1,-1,-1,-1
224,3,1090.408935546875,713.1323852539062,-1,-1,1,-1,-1,-1
225,3,1076.267822265625,720.17138671875,-1,-1,1,-1,-1,-1
226,3,1069.07568359375,713.2354736328125,-1,-1,1,-1,-1,-1
228,3,1047.6455078125,713.1844482421875,-1,-1,1,-1,-1,-1
229,3,1040.55126953125,713.179931640625,-1,-1,1,-1,-1,-1
230,3,1026.363525390625,713.2657470703125,-1,-1,1,-1,-1,-1
231,3,1019.33984375,713.3482666015625,-1,-1,1,-1,-1,-1
232,3,1012.0953979492188,706.2376098632812,-1,-1,1,-1,-1,-1
233,3,1005.159912109375,713.170166015625,-1,-1,1,-1,-1,-1
234,3,991.11181640625,713.3275146484375,-1,-1,1,-1,-1,-1
235,3,983.8488159179688,713.1522216796875,-1,-1,1,-1,-1,-1
236,3,969.6452026367188,713.1036376953125,-1,-1,1,-1,-1,-1
237,3,955.4113159179688,713.18701171875,-1,-1,1,-1,-1,-1
238,3,941.2872314453125,720.2801513671875,-1,-1,1,-1,-1,-1
239,3,927.0382080078125,727.36376953125,-1,-1,1,-1,-1,-1
240,3,912.7579345703125,727.1485595703125,-1,-1,1,-1,-1,-1
242,3,877.2708740234375,727.2431640625,-1,-1,1,-1,-1,-1
243,3,862.9605102539062,713.3676147460938,-1,-1,1,-1,-1,-1
245,3,827.3983154296875,706.1708984375,-1,-1,1,-1,-1,-1
247,3,791.822021484375,706.068603515625,-1,-1,1,-1,-1,-1
248,3,770.62109375,713.4107666015625,-1,-1,1,-1,-1,-1
249,3,749.3826904296875,713.3692016601562,-1,-1,1,-1,-1,-1
251,3,713.844970703125,713.3480224609375,-1,-1,1,-1,-1,-1
252,3,699.4288330078125,706.0858764648438,-1,-1,1,-1,-1,-1
253,3,678.34375,713.3540649414062,-1,-1,1,-1,-1,-1
254,3,657.0848388671875,713.3660888671875,-1,-1,1,-1,-1,-1
255,3,642.7540283203125,706.3128051757812,-1,-1,1,-1,-1,-1
256,3,621.498779296875,713.31396484375,-1,-1,1,-1,-1,-1
257,3,600.3272705078125,706.2366943359375,-1,-1,1,-1,-1,-1
258,3,585.8639526367188,699.1094970703125,-1,-1,1,-1,-1,-1
259,3,564.6251220703125,699.1126098632812,-1,-1,1,-1,-1,-1
360,4,628.5496826171875,769.8495483398438,-1,-1,1,-1,-1,-1
361,4,607.3561401367188,777.1199340820312,-1,-1,1,-1,-1,-1
362,4,579.03662109375,776.991943359375,-1,-1,1,-1,-1,-1
363,4,550.3922119140625,776.98388671875,-1,-1,1,-1,-1,-1
364,4,529.040283203125,784.2161865234375,-1,-1,1,-1,-1,-1
365,4,500.57574462890625,784.1558837890625,-1,-1,1,-1,-1,-1
366,4,479.38482666015625,791.4009399414062,-1,-1,1,-1,-1,-1
367,4,451.0074462890625,798.4232788085938,-1,-1,1,-1,-1,-1
368,4,422.4912414550781,805.608642578125,-1,-1,1,-1,-1,-1
369,4,387.0483703613281,805.2487182617188,-1,-1,1,-1,-1,-1
370,4,358.5035400390625,812.5310668945312,-1,-1,1,-1,-1,-1
371,4,330.1246337890625,812.5569458007812,-1,-1,1,-1,-1,-1
372,4,294.52410888671875,819.721923828125,-1,-1,1,-1,-1,-1
373,4,258.87652587890625,819.6627197265625,-1,-1,1,-1,-1,-1
374,4,223.3905029296875,826.761962890625,-1,-1,1,-1,-1,-1
375,4,180.79043579101562,826.4171142578125,-1,-1,1,-1,-1,-1
376,4,145.18679809570312,833.790283203125,-1,-1,1,-1,-1,-1
377,4,102.72669219970703,833.556396484375,-1,-1,1,-1,-1,-1
378,4,67.29369354248047,840.882080078125,-1,-1,1,-1,-1,-1
466,5,1168.9039306640625,670.6846923828125,-1,-1,1,-1,-1,-1
467,5,1133.2259521484375,670.4775390625,-1,-1,1,-1,-1,-1
468,5,1090.6904296875,677.79345703125,-1,-1,1,-1,-1,-1
469,5,1048.0379638671875,677.4840698242188,-1,-1,1,-1,-1,-1
470,5,1005.4971923828125,677.5350952148438,-1,-1,1,-1,-1,-1
471,5,955.7554931640625,677.39306640625,-1,-1,1,-1,-1,-1
472,5,906.0817260742188,677.3443603515625,-1,-1,1,-1,-1,-1
473,5,849.3060302734375,677.2918090820312,-1,-1,1,-1,-1,-1
474,5,799.57275390625,684.8134765625,-1,-1,1,-1,-1,-1
475,5,742.59716796875,684.6187744140625,-1,-1,1,-1,-1,-1
476,5,692.8268432617188,691.6181640625,-1,-1,1,-1,-1,-1
477,5,636.008544921875,698.856689453125,-1,-1,1,-1,-1,-1
478,5,579.3224487304688,713.1962280273438,-1,-1,1,-1,-1,-1
480,5,465.6654968261719,741.987548828125,-1,-1,1,-1,-1,-1
482,5,337.68927001953125,763.1641845703125,-1,-1,1,-1,-1,-1
499,6,1296.411865234375,798.3798217773438,-1,-1,1,-1,-1,-1
500,6,1253.90869140625,791.1941528320312,-1,-1,1,-1,-1,-1
501,6,1218.3372802734375,791.2987060546875,-1,-1,1,-1,-1,-1
502,6,1175.80029296875,791.07763671875,-1,-1,1,-1,-1,-1
503,6,1140.1611328125,784.0125732421875,-1,-1,1,-1,-1,-1
504,6,1104.706787109375,784.0108032226562,-1,-1,1,-1,-1,-1
505,6,1062.0587158203125,791.0570678710938,-1,-1,1,-1,-1,-1
506,6,1033.49462890625,784.0457763671875,-1,-1,1,-1,-1,-1
507,6,990.923583984375,783.9713134765625,-1,-1,1,-1,-1,-1
508,6,955.2911376953125,783.976806640625,-1,-1,1,-1,-1,-1
509,6,919.9061279296875,783.990966796875,-1,-1,1,-1,-1,-1
510,6,877.3035888671875,784.0919189453125,-1,-1,1,-1,-1,-1
511,6,834.5570068359375,784.0308227539062,-1,-1,1,-1,-1,-1
512,6,791.9930419921875,784.1912841796875,-1,-1,1,-1,-1,-1
513,6,749.386474609375,784.1484985351562,-1,-1,1,-1,-1,-1
514,6,706.76220703125,777.2542724609375,-1,-1,1,-1,-1,-1
515,6,664.083984375,777.3416137695312,-1,-1,1,-1,-1,-1
516,6,621.6142578125,784.2915649414062,-1,-1,1,-1,-1,-1
517,6,578.7626953125,784.2365112304688,-1,-1,1,-1,-1,-1
518,6,536.23828125,791.4459228515625,-1,-1,1,-1,-1,-1
519,6,493.53411865234375,798.56201171875,-1,-1,1,-1,-1,-1
520,6,450.9093017578125,798.4486083984375,-1,-1,1,-1,-1,-1
521,6,408.29412841796875,805.6619873046875,-1,-1,1,-1,-1,-1
522,6,365.66839599609375,805.4752197265625,-1,-1,1,-1,-1,-1
523,6,315.9583740234375,805.5322265625,-1,-1,1,-1,-1,-1
524,6,258.91363525390625,805.530517578125,-1,-1,1,-1,-1,-1
525,6,209.26614379882812,805.4862060546875,-1,-1,1,-1,-1,-1
526,6,159.45059204101562,805.52294921875,-1,-1,1,-1,-1,-1
527,6,109.768798828125,805.487548828125,-1,-1,1,-1,-1,-1
535,7,1744.2001953125,770.0174560546875,-1,-1,1,-1,-1,-1
542,7,1516.77880859375,734.206787109375,-1,-1,1,-1,-1,-1
543,7,1481.22021484375,727.1698608398438,-1,-1,1,-1,-1,-1
544,7,1452.6600341796875,727.37255859375,-1,-1,1,-1,-1,-1
546,7,1388.969970703125,712.9117431640625,-1,-1,1,-1,-1,-1
548,7,1332.1619873046875,705.7567138671875,-1,-1,1,-1,-1,-1
550,7,1275.3031005859375,698.56298828125,-1,-1,1,-1,-1,-1
551,7,1246.8819580078125,698.5789794921875,-1,-1,1,-1,-1,-1
552,7,1225.434814453125,691.541015625,-1,-1,1,-1,-1,-1
553,7,1190.09130859375,691.6322631835938,-1,-1,1,-1,-1,-1
554,7,1161.57958984375,691.6943359375,-1,-1,1,-1,-1,-1
555,7,1133.171142578125,691.66015625,-1,-1,1,-1,-1,-1
556,7,1097.6551513671875,691.5178833007812,-1,-1,1,-1,-1,-1
557,7,1069.21435546875,691.6615600585938,-1,-1,1,-1,-1,-1
558,7,1033.657958984375,691.7208251953125,-1,-1,1,-1,-1,-1
559,7,991.0015258789062,691.77783203125,-1,-1,1,-1,-1,-1
560,7,941.1075439453125,691.904052734375,-1,-1,1,-1,-1,-1
560,8,1225.698486328125,485.80303955078125,-1,-1,1,-1,-1,-1
561,7,891.3070678710938,684.6456298828125,-1,-1,1,-1,-1,-1
561,8,1225.73828125,485.74267578125,-1,-1,1,-1,-1,-1
562,7,841.7110595703125,684.7322998046875,-1,-1,1,-1,-1,-1
562,8,1218.60205078125,485.5380859375,-1,-1,1,-1,-1,-1
563,7,792.10986328125,684.765625,-1,-1,1,-1,-1,-1
563,8,1218.350830078125,492.9810791015625,-1,-1,1,-1,-1,-1
564,7,735.1834716796875,691.9083251953125,-1,-1,1,-1,-1,-1
564,8,1175.4501953125,563.535400390625,-1,-1,1,-1,-1,-1
565,8,1204.2451171875,499.93963623046875,-1,-1,1,-1,-1,-1
566,8,1154.28662109375,570.6126708984375,-1,-1,1,-1,-1,-1
567,8,1197.238525390625,506.96514892578125,-1,-1,1,-1,-1,-1
568,8,1190.14306640625,514.2240600585938,-1,-1,1,-1,-1,-1
569,8,1175.8055419921875,528.4754638671875,-1,-1,1,-1,-1,-1
569,9,1125.770751953125,592.090087890625,-1,-1,1,-1,-1,-1
570,8,1168.865478515625,535.3134155273438,-1,-1,1,-1,-1,-1
570,9,1111.466064453125,606.4613037109375,-1,-1,1,-1,-1,-1
571,8,1161.648193359375,549.5546264648438,-1,-1,1,-1,-1,-1
571,9,1090.133056640625,613.385986328125,-1,-1,1,-1,-1,-1
572,8,1140.2476806640625,564.05810546875,-1,-1,1,-1,-1,-1
572,9,1075.98388671875,627.761474609375,-1,-1,1,-1,-1,-1
573,8,1126.074951171875,578.1810302734375,-1,-1,1,-1,-1,-1
573,9,1061.7728271484375,649.2738037109375,-1,-1,1,-1,-1,-1
574,8,1111.8837890625,585.10400390625,-1,-1,1,-1,-1,-1
574,9,1033.433349609375,656.05322265625,-1,-1,1,-1,-1,-1
575,8,1090.585205078125,599.453857421875,-1,-1,1,-1,-1,-1
575,9,1012.0615234375,670.3699951171875,-1,-1,1,-1,-1,-1
575,10,1133.0380859375,557.0103149414062,-1,-1,1,-1,-1,-1
576,10,1111.965087890625,571.0955810546875,-1,-1,1,-1,-1,-1
577,8,1040.806884765625,620.7259521484375,-1,-1,1,-1,-1,-1
578,8,1012.4660034179688,628.0079345703125,-1,-1,1,-1,-1,-1
579,8,984.02490234375,642.0443725585938,-1,-1,1,-1,-1,-1
580,8,962.8497314453125,649.080810546875,-1,-1,1,-1,-1,-1
580,9,870.1114501953125,720.392578125,-1,-1,1,-1,-1,-1
580,10,1005.3721923828125,613.6243896484375,-1,-1,1,-1,-1,-1
581,8,934.408935546875,656.1777954101562,-1,-1,1,-1,-1,-1
582,8,906.017578125,663.2967529296875,-1,-1,1,-1,-1,-1
582,10,955.5771484375,627.7550048828125,-1,-1,1,-1,-1,-1
583,8,877.6143798828125,670.5029296875,-1,-1,1,-1,-1,-1
584,8,849.223876953125,670.5563354492188,-1,-1,1,-1,-1,-1
584,9,749.466552734375,741.330322265625,-1,-1,1,-1,-1,-1
585,8,820.7967529296875,677.5491333007812,-1,-1,1,-1,-1,-1
585,9,713.6931762695312,748.6851806640625,-1,-1,1,-1,-1,-1
586,8,792.35693359375,677.51953125,-1,-1,1,-1,-1,-1
587,8,763.9293212890625,684.7127685546875,-1,-1,1,-1,-1,-1
587,9,649.7891235351562,755.5601806640625,-1,-1,1,-1,-1,-1
589,8,707.1229248046875,691.5672607421875,-1,-1,1,-1,-1,-1
589,10,756.759765625,656.3460693359375,-1,-1,1,-1,-1,-1
590,8,664.414306640625,698.9993896484375,-1,-1,1,-1,-1,-1
590,9,536.275634765625,770.1076049804688,-1,-1,1,-1,-1,-1
590,10,728.3955078125,656.236083984375,-1,-1,1,-1,-1,-1
591,8,628.824951171875,698.8130493164062,-1,-1,1,-1,-1,-1
591,10,685.5780029296875,663.49072265625,-1,-1,1,-1,-1,-1
592,8,593.452880859375,705.9627075195312,-1,-1,1,-1,-1,-1
592,10,649.8458251953125,663.4620361328125,-1,-1,1,-1,-1,-1
593,8,557.9496459960938,705.720703125,-1,-1,1,-1,-1,-1
593,10,614.5377197265625,670.4007568359375,-1,-1,1,-1,-1,-1
594,8,515.0970458984375,705.923095703125,-1,-1,1,-1,-1,-1
594,10,578.8948364257812,670.148193359375,-1,-1,1,-1,-1,-1
595,8,472.39801025390625,712.8001708984375,-1,-1,1,-1,-1,-1
595,10,536.3458251953125,677.2978515625,-1,-1,1,-1,-1,-1
596,8,429.7607727050781,719.958251953125,-1,-1,1,-1,-1,-1
596,10,493.56744384765625,684.6235961914062,-1,-1,1,-1,-1,-1
597,10,450.9639587402344,684.55029296875,-1,-1,1,-1,-1,-1
598,10,408.3082580566406,691.4615478515625,-1,-1,1,-1,-1,-1
1029,11,1310.697509765625,492.92041015625,-1,-1,1,-1,-1,-1
1030,11,1289.1748046875,492.99053955078125,-1,-1,1,-1,-1,-1
1031,11,1267.97314453125,485.6143493652344,-1,-1,1,-1,-1,-1
1032,11,1239.49462890625,485.53277587890625,-1,-1,1,-1,-1,-1
1033,11,1218.349609375,485.5738525390625,-1,-1,1,-1,-1,-1
1034,11,1189.9013671875,485.6553955078125,-1,-1,1,-1,-1,-1
1035,11,1161.597412109375,485.44573974609375,-1,-1,1,-1,-1,-1
1036,11,1140.319580078125,485.411865234375,-1,-1,1,-1,-1,-1
1037,11,1104.7900390625,485.47662353515625,-1,-1,1,-1,-1,-1
1038,11,1076.309814453125,485.5203857421875,-1,-1,1,-1,-1,-1
1042,11,955.4280395507812,464.2674255371094,-1,-1,1,-1,-1,-1
1043,11,919.8099975585938,464.26611328125,-1,-1,1,-1,-1,-1
1044,11,877.2694702148438,457.25885009765625,-1,-1,1,-1,-1,-1
1046,11,798.9835815429688,450.3658142089844,-1,-1,1,-1,-1,-1
1271,12,550.264404296875,635.1109619140625,-1,-1,1,-1,-1,-1
1276,12,450.79022216796875,628.0679931640625,-1,-1,1,-1,-1,-1
1284,12,308.7477111816406,628.132568359375,-1,-1,1,-1,-1,-1
1288,12,251.89175415039062,628.0513916015625,-1,-1,1,-1,-1,-1
1289,12,244.77468872070312,635.1884765625,-1,-1,1,-1,-1,-1
1290,12,237.60153198242188,635.238037109375,-1,-1,1,-1,-1,-1
1291,12,230.67449951171875,628.2166748046875,-1,-1,1,-1,-1,-1
1292,12,216.389892578125,628.0888671875,-1,-1,1,-1,-1,-1
1293,12,216.41517639160156,628.1126708984375,-1,-1,1,-1,-1,-1
1294,12,209.30307006835938,628.1367797851562,-1,-1,1,-1,-1,-1
1295,12,202.17645263671875,628.1119384765625,-1,-1,1,-1,-1,-1
1296,12,195.12161254882812,628.0235595703125,-1,-1,1,-1,-1,-1
1297,12,180.8701171875,628.1759033203125,-1,-1,1,-1,-1,-1
1298,12,173.7261962890625,628.16259765625,-1,-1,1,-1,-1,-1
1299,12,166.61517333984375,628.2373046875,-1,-1,1,-1,-1,-1
1300,12,152.41192626953125,628.0988159179688,-1,-1,1,-1,-1,-1
1301,12,145.3369140625,621.0038452148438,-1,-1,1,-1,-1,-1
1302,12,131.04624938964844,620.9863891601562,-1,-1,1,-1,-1,-1
1303,12,116.87617492675781,621.0284423828125,-1,-1,1,-1,-1,-1
1304,12,95.59072875976562,620.9346313476562,-1,-1,1,-1,-1,-1
1305,12,81.27268981933594,620.9345092773438,-1,-1,1,-1,-1,-1
1306,12,67.1048355102539,620.9722900390625,-1,-1,1,-1,-1,-1
1307,12,45.968257904052734,620.943115234375,-1,-1,1,-1,-1,-1
1580,13,1701.47412109375,663.2958374023438,-1,-1,1,-1,-1,-1
1582,13,1673.0877685546875,670.5661010742188,-1,-1,1,-1,-1,-1
1584,13,1644.79443359375,670.5924072265625,-1,-1,1,-1,-1,-1
1587,13,1616.25732421875,663.2183837890625,-1,-1,1,-1,-1,-1
1589,13,1594.9599609375,656.3468017578125,-1,-1,1,-1,-1,-1
1592,13,1566.63427734375,641.8486938476562,-1,-1,1,-1,-1,-1
1603,13,1488.271484375,641.9231567382812,-1,-1,1,-1,-1,-1
1605,13,1452.670654296875,649.0599365234375,-1,-1,1,-1,-1,-1
1606,13,1438.592041015625,649.072021484375,-1,-1,1,-1,-1,-1
1607,13,1417.10107421875,656.360107421875,-1,-1,1,-1,-1,-1
1608,13,1402.9415283203125,663.3350830078125,-1,-1,1,-1,-1,-1
1609,13,1381.6378173828125,663.321044921875,-1,-1,1,-1,-1,-1
1610,13,1367.419921875,670.5235595703125,-1,-1,1,-1,-1,-1
1611,13,1346.1561279296875,670.3660888671875,-1,-1,1,-1,-1,-1
1612,13,1324.799560546875,677.6348876953125,-1,-1,1,-1,-1,-1
1613,13,1303.542236328125,677.4908447265625,-1,-1,1,-1,-1,-1
1614,13,1282.19921875,684.7069091796875,-1,-1,1,-1,-1,-1
1615,13,1267.92138671875,691.646240234375,-1,-1,1,-1,-1,-1
1616,13,1246.716064453125,691.5369873046875,-1,-1,1,-1,-1,-1
1617,13,1225.459228515625,698.7205810546875,-1,-1,1,-1,-1,-1
1618,13,1204.0263671875,705.91064453125,-1,-1,1,-1,-1,-1
1619,13,1182.775634765625,705.7748413085938,-1,-1,1,-1,-1,-1
1620,13,1168.464111328125,713.0783081054688,-1,-1,1,-1,-1,-1
1621,13,1147.14111328125,712.8438720703125,-1,-1,1,-1,-1,-1
1622,13,1125.9610595703125,712.8463134765625,-1,-1,1,-1,-1,-1
1623,13,1104.637451171875,712.8446044921875,-1,-1,1,-1,-1,-1
1624,13,1083.166015625,720.1097412109375,-1,-1,1,-1,-1,-1
1625,13,1068.97998046875,719.9296875,-1,-1,1,-1,-1,-1
1626,13,1047.6348876953125,712.779296875,-1,-1,1,-1,-1,-1
1627,13,1019.3900756835938,712.9451904296875,-1,-1,1,-1,-1,-1
1628,13,1005.08544921875,712.7724609375,-1,-1,1,-1,-1,-1
1629,13,983.8199462890625,712.9818115234375,-1,-1,1,-1,-1,-1
1630,13,962.5201416015625,712.8232421875,-1,-1,1,-1,-1,-1
1631,13,941.0615234375,713.1151123046875,-1,-1,1,-1,-1,-1
1632,13,919.7711181640625,713.1322021484375,-1,-1,1,-1,-1,-1
1634,13,884.3623046875,705.738525390625,-1,-1,1,-1,-1,-1
1636,13,848.690673828125,705.7120971679688,-1,-1,1,-1,-1,-1
1637,13,827.5428466796875,705.72021484375,-1,-1,1,-1,-1,-1
1638,13,806.28662109375,705.82568359375,-1,-1,1,-1,-1,-1
1643,13,706.7779541015625,705.848388671875,-1,-1,1,-1,-1,-1
1644,13,692.5712890625,705.887451171875,-1,-1,1,-1,-1,-1
1646,13,649.8648681640625,698.5752563476562,-1,-1,1,-1,-1,-1
1647,13,621.5530395507812,698.713623046875,-1,-1,1,-1,-1,-1
1649,13,564.689697265625,691.6100463867188,-1,-1,1,-1,-1,-1
1651,13,514.8225708007812,684.6190795898438,-1,-1,1,-1,-1,-1
1652,13,479.519775390625,677.143798828125,-1,-1,1,-1,-1,-1
1653,13,450.88665771484375,670.113525390625,-1,-1,1,-1,-1,-1
1656,13,344.51068115234375,663.1439208984375,-1,-1,1,-1,-1,-1
1862,14,1033.546142578125,506.5860290527344,-1,-1,1,-1,-1,-1
1864,14,1012.0799560546875,520.87353515625,-1,-1,1,-1,-1,-1
1865,14,1012.06298828125,507.0118408203125,-1,-1,1,-1,-1,-1
1866,14,998.0526123046875,507.18475341796875,-1,-1,1,-1,-1,-1
1867,14,983.7987060546875,514.3641967773438,-1,-1,1,-1,-1,-1
1868,14,969.484130859375,521.4248046875,-1,-1,1,-1,-1,-1
1870,14,955.3460083007812,528.6006469726562,-1,-1,1,-1,-1,-1
1871,14,941.1146240234375,535.802490234375,-1,-1,1,-1,-1,-1
1875,14,912.6956787109375,549.7398681640625,-1,-1,1,-1,-1,-1
1877,14,891.3851318359375,556.8177490234375,-1,-1,1,-1,-1,-1
1880,14,869.97412109375,563.9814453125,-1,-1,1,-1,-1,-1
1881,14,863.1456909179688,571.3193359375,-1,-1,1,-1,-1,-1
1882,14,855.9805297851562,571.3779296875,-1,-1,1,-1,-1,-1
1883,14,848.8662719726562,571.3626098632812,-1,-1,1,-1,-1,-1
1884,14,841.7734375,571.2493896484375,-1,-1,1,-1,-1,-1
1885,14,834.783447265625,578.4195556640625,-1,-1,1,-1,-1,-1
1887,14,813.441650390625,571.3320922851562,-1,-1,1,-1,-1,-1
1888,14,806.179931640625,571.1900634765625,-1,-1,1,-1,-1,-1
1889,14,799.1697998046875,564.1754150390625,-1,-1,1,-1,-1,-1
1890,14,799.1611938476562,571.3201904296875,-1,-1,1,-1,-1,-1
1891,14,799.2470703125,564.2040405273438,-1,-1,1,-1,-1,-1
1892,14,799.1349487304688,571.339599609375,-1,-1,1,-1,-1,-1
1893,14,799.230712890625,571.4447021484375,-1,-1,1,-1,-1,-1
1894,14,791.959716796875,571.3323364257812,-1,-1,1,-1,-1,-1
1895,14,791.961181640625,571.2376708984375,-1,-1,1,-1,-1,-1
1896,14,792.1571655273438,571.2740478515625,-1,-1,1,-1,-1,-1
1897,14,792.1434326171875,578.6087646484375,-1,-1,1,-1,-1,-1
1898,14,784.8487548828125,578.6028442382812,-1,-1,1,-1,-1,-1
1899,14,784.7443237304688,578.5423583984375,-1,-1,1,-1,-1,-1
1901,14,784.9027099609375,571.2529296875,-1,-1,1,-1,-1,-1
1902,14,777.6700439453125,571.21484375,-1,-1,1,-1,-1,-1
1903,14,777.5604248046875,571.243408203125,-1,-1,1,-1,-1,-1
1904,14,777.6385498046875,571.284912109375,-1,-1,1,-1,-1,-1
1920,14,756.0423583984375,549.9605102539062,-1,-1,1,-1,-1,-1
1927,14,735.0794067382812,564.0656127929688,-1,-1,1,-1,-1,-1
1932,14,699.27734375,571.26708984375,-1,-1,1,-1,-1,-1
1948,15,1409.831787109375,301.16259765625,-1,-1,1,-1,-1,-1
1949,15,1388.6412353515625,293.985595703125,-1,-1,1,-1,-1,-1
1951,15,1352.75048828125,293.9197692871094,-1,-1,1,-1,-1,-1
1953,15,1310.301025390625,286.9281311035156,-1,-1,1,-1,-1,-1
1955,15,1267.730224609375,279.6667785644531,-1,-1,1,-1,-1,-1
1959,15,1196.682861328125,265.55999755859375,-1,-1,1,-1,-1,-1
1960,14,287.56292724609375,464.5340881347656,-1,-1,1,-1,-1,-1
1960,15,1175.242919921875,265.3955383300781,-1,-1,1,-1,-1,-1
1961,15,1161.108642578125,258.4548645019531,-1,-1,1,-1,-1,-1
1962,15,1139.7650146484375,258.3880310058594,-1,-1,1,-1,-1,-1
1963,15,1125.717041015625,258.3269958496094,-1,-1,1,-1,-1,-1
1964,15,1104.4189453125,251.3779296875,-1,-1,1,-1,-1,-1
1965,15,1090.189208984375,251.38363647460938,-1,-1,1,-1,-1,-1
1966,15,1075.94140625,251.3671875,-1,-1,1,-1,-1,-1
1967,15,1054.736572265625,251.136962890625,-1,-1,1,-1,-1,-1
1968,15,1040.413818359375,251.23895263671875,-1,-1,1,-1,-1,-1
1969,15,1026.3935546875,251.12136840820312,-1,-1,1,-1,-1,-1
1970,15,1011.9276123046875,251.18313598632812,-1,-1,1,-1,-1,-1
1972,15,983.4337158203125,251.2635498046875,-1,-1,1,-1,-1,-1
1973,15,969.264404296875,251.29981994628906,-1,-1,1,-1,-1,-1
1974,15,962.0438842773438,251.2698974609375,-1,-1,1,-1,-1,-1
1992,15,735.06396484375,187.31039428710938,-1,-1,1,-1,-1,-1
1993,15,713.736083984375,187.32534790039062,-1,-1,1,-1,-1,-1
1994,15,692.2015380859375,187.25587463378906,-1,-1,1,-1,-1,-1
1995,15,678.1738891601562,180.1007080078125,-1,-1,1,-1,-1,-1
1996,15,628.4974365234375,215.75802612304688,-1,-1,1,-1,-1,-1
2008,15,401.35498046875,123.34091186523438,-1,-1,1,-1,-1,-1
2017,15,188.04611206054688,151.55535888671875,-1,-1,1,-1,-1,-1
2018,15,159.58045959472656,151.84381103515625,-1,-1,1,-1,-1,-1
2019,15,124.0731201171875,158.8949737548828,-1,-1,1,-1,-1,-1
2020,15,95.67522430419922,158.92465209960938,-1,-1,1,-1,-1,-1
2277,16,1552.0130615234375,698.803955078125,-1,-1,1,-1,-1,-1
2280,16,1459.863037109375,691.7388916015625,-1,-1,1,-1,-1,-1
2283,16,1367.140869140625,684.814208984375,-1,-1,1,-1,-1,-1
2284,16,1331.769287109375,684.6199951171875,-1,-1,1,-1,-1,-1
2285,16,1296.158935546875,684.7537841796875,-1,-1,1,-1,-1,-1
2286,16,1260.7183837890625,684.6022338867188,-1,-1,1,-1,-1,-1
2287,16,1225.2347412109375,684.6032104492188,-1,-1,1,-1,-1,-1
2288,16,1189.72021484375,684.7442626953125,-1,-1,1,-1,-1,-1
2289,16,1154.0546875,691.974365234375,-1,-1,1,-1,-1,-1
2290,16,1118.521484375,691.8617553710938,-1,-1,1,-1,-1,-1
2291,16,1090.02734375,699.0181884765625,-1,-1,1,-1,-1,-1
2293,16,1011.9676513671875,706.2514038085938,-1,-1,1,-1,-1,-1
2294,16,976.6771240234375,705.9603881835938,-1,-1,1,-1,-1,-1
2295,16,933.55712890625,705.950439453125,-1,-1,1,-1,-1,-1
2296,16,891.001953125,713.3270263671875,-1,-1,1,-1,-1,-1
2297,16,834.19775390625,713.0469970703125,-1,-1,1,-1,-1,-1
2298,16,798.6409912109375,720.2059326171875,-1,-1,1,-1,-1,-1
2299,16,756.2415771484375,720.1658325195312,-1,-1,1,-1,-1,-1
2299,17,1346.2421875,720.2996826171875,-1,-1,1,-1,-1,-1
2300,16,720.5438842773438,720.169189453125,-1,-1,1,-1,-1,-1
2300,17,1310.61181640625,719.9976806640625,-1,-1,1,-1,-1,-1
2301,16,678.1270751953125,727.3350830078125,-1,-1,1,-1,-1,-1
2302,16,635.0831298828125,727.3018188476562,-1,-1,1,-1,-1,-1
2302,17,1246.791015625,727.3150634765625,-1,-1,1,-1,-1,-1
2303,17,1211.164794921875,727.4898071289062,-1,-1,1,-1,-1,-1
2304,16,550.01513671875,734.5125732421875,-1,-1,1,-1,-1,-1
2305,17,1147.23291015625,734.384033203125,-1,-1,1,-1,-1,-1
2306,16,457.5391845703125,741.6129760742188,-1,-1,1,-1,-1,-1
2306,17,1111.72021484375,734.2068481445312,-1,-1,1,-1,-1,-1
2307,17,1076.299072265625,734.4151000976562,-1,-1,1,-1,-1,-1
2308,17,1047.57666015625,741.5823974609375,-1,-1,1,-1,-1,-1
2309,17,1012.0442504882812,741.45947265625,-1,-1,1,-1,-1,-1
2319,17,699.5103149414062,741.4412841796875,-1,-1,1,-1,-1,-1
2320,17,663.876708984375,741.48876953125,-1,-1,1,-1,-1,-1
2322,17,585.965087890625,734.669921875,-1,-1,1,-1,-1,-1
2323,17,550.3847045898438,734.6190185546875,-1,-1,1,-1,-1,-1
2324,17,507.88128662109375,734.572021484375,-1,-1,1,-1,-1,-1
2791,18,1197.0859375,727.2803955078125,-1,-1,1,-1,-1,-1
2796,18,1026.5716552734375,727.154052734375,-1,-1,1,-1,-1,-1
2798,18,941.091552734375,727.1401977539062,-1,-1,1,-1,-1,-1
2802,18,756.3431396484375,720.0926513671875,-1,-1,1,-1,-1,-1
2805,18,628.6328125,684.5720825195312,-1,-1,1,-1,-1,-1
2808,18,493.6398620605469,684.5952758789062,-1,-1,1,-1,-1,-1
2809,18,444.0838317871094,691.7376708984375,-1,-1,1,-1,-1,-1
2810,18,394.40301513671875,691.5385131835938,-1,-1,1,-1,-1,-1
2811,18,344.4898681640625,698.812744140625,-1,-1,1,-1,-1,-1
2812,18,294.6978454589844,705.8902587890625,-1,-1,1,-1,-1,-1
2971,19,1048.02783203125,755.584228515625,-1,-1,1,-1,-1,-1
2972,19,1012.6156005859375,762.843505859375,-1,-1,1,-1,-1,-1
2973,19,976.8624267578125,762.575439453125,-1,-1,1,-1,-1,-1
2974,19,941.3953857421875,755.4925537109375,-1,-1,1,-1,-1,-1
2975,19,912.98779296875,755.7514038085938,-1,-1,1,-1,-1,-1
2976,19,877.3931884765625,748.527099609375,-1,-1,1,-1,-1,-1
2977,19,841.907958984375,748.7171630859375,-1,-1,1,-1,-1,-1
2978,19,820.8403930664062,748.4815673828125,-1,-1,1,-1,-1,-1
2979,19,777.576904296875,734.4935302734375,-1,-1,1,-1,-1,-1
2980,19,749.216796875,741.809814453125,-1,-1,1,-1,-1,-1
2981,19,720.96337890625,741.6848754882812,-1,-1,1,-1,-1,-1
2982,19,678.2745971679688,734.4712524414062,-1,-1,1,-1,-1,-1
2983,19,650.2001953125,734.3091430664062,-1,-1,1,-1,-1,-1
2984,19,607.1383056640625,741.707275390625,-1,-1,1,-1,-1,-1
2985,19,564.6241455078125,734.5054321289062,-1,-1,1,-1,-1,-1
2986,19,514.837890625,727.1896362304688,-1,-1,1,-1,-1,-1
2987,19,465.089599609375,720.2210693359375,-1,-1,1,-1,-1,-1
2990,19,330.3731994628906,741.3802490234375,-1,-1,1,-1,-1,-1
3155,20,1587.6951904296875,677.482421875,-1,-1,1,-1,-1,-1
3156,20,1573.69384765625,677.6132202148438,-1,-1,1,-1,-1,-1
3157,20,1545.149169921875,677.3436279296875,-1,-1,1,-1,-1,-1
3158,20,1530.87744140625,677.1630859375,-1,-1,1,-1,-1,-1
3162,20,1466.37255859375,670.3922119140625,-1,-1,1,-1,-1,-1
3163,20,1452.42626953125,670.321533203125,-1,-1,1,-1,-1,-1
3164,20,1431.091796875,670.3902587890625,-1,-1,1,-1,-1,-1
3165,20,1416.931396484375,663.3349609375,-1,-1,1,-1,-1,-1
3166,20,1402.7874755859375,663.4716796875,-1,-1,1,-1,-1,-1
3167,20,1388.433349609375,656.1431884765625,-1,-1,1,-1,-1,-1
3175,20,1296.0645751953125,649.826416015625,-1,-1,1,-1,-1,-1
3180,20,1210.7716064453125,627.9254760742188,-1,-1,1,-1,-1,-1
3182,20,1168.103515625,621.0777587890625,-1,-1,1,-1,-1,-1
3183,20,1139.637939453125,613.931884765625,-1,-1,1,-1,-1,-1
3184,20,1118.3360595703125,614.15625,-1,-1,1,-1,-1,-1
3185,20,1090.07568359375,614.4403686523438,-1,-1,1,-1,-1,-1
3187,20,1047.4605712890625,606.9718017578125,-1,-1,1,-1,-1,-1
3193,20,919.7691650390625,621.32861328125,-1,-1,1,-1,-1,-1
3194,20,891.527587890625,613.797119140625,-1,-1,1,-1,-1,-1
3195,20,870.2518310546875,613.94775390625,-1,-1,1,-1,-1,-1
3196,20,841.47900390625,613.9917602539062,-1,-1,1,-1,-1,-1
3197,20,820.5781860351562,613.9367065429688,-1,-1,1,-1,-1,-1
3198,20,791.9669189453125,614.044921875,-1,-1,1,-1,-1,-1
3199,20,763.418212890625,621.0438232421875,-1,-1,1,-1,-1,-1
3200,20,741.914306640625,620.9437255859375,-1,-1,1,-1,-1,-1
3201,20,713.7392578125,621.0357666015625,-1,-1,1,-1,-1,-1
3202,20,685.4044189453125,620.8502197265625,-1,-1,1,-1,-1,-1
3203,20,656.9857788085938,620.9631958007812,-1,-1,1,-1,-1,-1
3204,20,635.8380126953125,620.9632568359375,-1,-1,1,-1,-1,-1
3207,20,536.1007690429688,613.968505859375,-1,-1,1,-1,-1,-1
3208,20,500.38983154296875,613.9813232421875,-1,-1,1,-1,-1,-1
4173,21,1380.9388427734375,593.06396484375,-1,-1,1,-1,-1,-1
4175,21,1345.432373046875,592.9657592773438,-1,-1,1,-1,-1,-1
4176,21,1324.114990234375,585.921875,-1,-1,1,-1,-1,-1
4177,21,1296.28271484375,585.6001586914062,-1,-1,1,-1,-1,-1
4178,21,1275.0125732421875,585.58056640625,-1,-1,1,-1,-1,-1
4179,21,1246.140869140625,585.7533569335938,-1,-1,1,-1,-1,-1
4181,21,1175.479736328125,585.61767578125,-1,-1,1,-1,-1,-1
4182,21,1132.96484375,578.5240478515625,-1,-1,1,-1,-1,-1
4183,21,1090.0849609375,578.6240234375,-1,-1,1,-1,-1,-1
4185,21,1019.169677734375,578.60400390625,-1,-1,1,-1,-1,-1
4186,21,976.4624633789062,578.5401611328125,-1,-1,1,-1,-1,-1
4187,21,940.81884765625,585.7380981445312,-1,-1,1,-1,-1,-1
4187,22,1318.020751953125,627.719482421875,-1,-1,1,-1,-1,-1
4188,21,905.3343505859375,585.5,-1,-1,1,-1,-1,-1
4188,22,1275.3367919921875,627.8348388671875,-1,-1,1,-1,-1,-1
4189,22,1239.44287109375,628.1251220703125,-1,-1,1,-1,-1,-1
4190,22,1203.82861328125,635.1138916015625,-1,-1,1,-1,-1,-1
4191,21,777.65380859375,599.56298828125,-1,-1,1,-1,-1,-1
4191,22,1153.9407958984375,635.1919555664062,-1,-1,1,-1,-1,-1
4196,22,1047.8294677734375,741.3433837890625,-1,-1,1,-1,-1,-1
4201,22,827.6708984375,755.705810546875,-1,-1,1,-1,-1,-1
4202,22,777.7955322265625,762.8023681640625,-1,-1,1,-1,-1,-1
4203,22,735.2579345703125,769.9134521484375,-1,-1,1,-1,-1,-1
4204,22,685.5149536132812,777.0193481445312,-1,-1,1,-1,-1,-1
4205,22,628.6961669921875,783.9674072265625,-1,-1,1,-1,-1,-1
4206,22,571.8493041992188,783.9578247070312,-1,-1,1,-1,-1,-1
4207,22,514.92041015625,784.1083984375,-1,-1,1,-1,-1,-1
4208,22,451.13482666015625,776.85791015625,-1,-1,1,-1,-1,-1
4209,22,372.96044921875,776.8621826171875,-1,-1,1,-1,-1,-1
4211,22,216.7989501953125,755.8272705078125,-1,-1,1,-1,-1,-1
4212,22,124.31940460205078,748.5310668945312,-1,-1,1,-1,-1,-1
4560,23,1232.427734375,862.5423583984375,-1,-1,1,-1,-1,-1
4562,23,1182.67578125,862.56005859375,-1,-1,1,-1,-1,-1
4563,23,1154.22802734375,862.5020751953125,-1,-1,1,-1,-1,-1
4564,23,1118.50634765625,855.3731689453125,-1,-1,1,-1,-1,-1
4565,23,1090.125244140625,848.0790405273438,-1,-1,1,-1,-1,-1
4566,23,1068.8359375,855.4483642578125,-1,-1,1,-1,-1,-1
4567,23,1040.49462890625,848.469970703125,-1,-1,1,-1,-1,-1
4576,23,713.7859497070312,841.1658935546875,-1,-1,1,-1,-1,-1
4577,23,656.792236328125,819.8011474609375,-1,-1,1,-1,-1,-1
4578,23,642.6632690429688,841.22998046875,-1,-1,1,-1,-1,-1
4579,23,578.6865844726562,819.6000366210938,-1,-1,1,-1,-1,-1
4580,23,564.55712890625,841.1971435546875,-1,-1,1,-1,-1,-1
4581,23,521.7628173828125,841.2769775390625,-1,-1,1,-1,-1,-1
4890,24,1857.76220703125,620.884521484375,-1,-1,1,-1,-1,-1
4891,24,1843.375244140625,621.0694580078125,-1,-1,1,-1,-1,-1
4892,24,1836.530517578125,613.6290893554688,-1,-1,1,-1,-1,-1
4893,24,1829.33544921875,620.8648681640625,-1,-1,1,-1,-1,-1
4894,24,1822.083251953125,627.9793090820312,-1,-1,1,-1,-1,-1
4895,24,1808.0050048828125,620.6757202148438,-1,-1,1,-1,-1,-1
4896,24,1800.83984375,620.4990234375,-1,-1,1,-1,-1,-1
4897,24,1786.595458984375,620.6612548828125,-1,-1,1,-1,-1,-1
4898,24,1779.353271484375,627.912109375,-1,-1,1,-1,-1,-1
4899,24,1765.267578125,627.97412109375,-1,-1,1,-1,-1,-1
4900,24,1758.2979736328125,628.0452270507812,-1,-1,1,-1,-1,-1
4901,24,1758.228515625,635.159423828125,-1,-1,1,-1,-1,-1
4902,24,1758.3016357421875,635.04638671875,-1,-1,1,-1,-1,-1
4903,24,1751.140625,642.2694091796875,-1,-1,1,-1,-1,-1
4904,24,1744.14208984375,642.4003295898438,-1,-1,1,-1,-1,-1
4905,24,1737.04638671875,642.32861328125,-1,-1,1,-1,-1,-1
4906,24,1729.901611328125,642.2513427734375,-1,-1,1,-1,-1,-1
4907,24,1722.85693359375,642.2455444335938,-1,-1,1,-1,-1,-1
4908,24,1708.59619140625,642.3589477539062,-1,-1,1,-1,-1,-1
4909,24,1701.626220703125,642.4313354492188,-1,-1,1,-1,-1,-1
4910,24,1687.388916015625,642.447509765625,-1,-1,1,-1,-1,-1
4911,24,1680.2100830078125,635.093505859375,-1,-1,1,-1,-1,-1
4912,24,1673.125,635.2034912109375,-1,-1,1,-1,-1,-1
4913,24,1658.9837646484375,635.2357177734375,-1,-1,1,-1,-1,-1
4914,24,1644.6571044921875,627.7833251953125,-1,-1,1,-1,-1,-1
4915,24,1630.570068359375,627.96728515625,-1,-1,1,-1,-1,-1
4916,24,1616.304931640625,628.0452880859375,-1,-1,1,-1,-1,-1
4917,24,1602.0400390625,628.1336669921875,-1,-1,1,-1,-1,-1
4918,24,1587.8375244140625,620.7001953125,-1,-1,1,-1,-1,-1
4919,24,1573.69775390625,620.8944702148438,-1,-1,1,-1,-1,-1
4920,24,1559.37353515625,621.144775390625,-1,-1,1,-1,-1,-1
4921,24,1545.230712890625,621.0431518554688,-1,-1,1,-1,-1,-1
4922,24,1531.00634765625,613.641845703125,-1,-1,1,-1,-1,-1
4923,24,1516.763916015625,621.0775146484375,-1,-1,1,-1,-1,-1
4924,24,1495.348388671875,620.962158203125,-1,-1,1,-1,-1,-1
4925,24,1481.223876953125,621.0140380859375,-1,-1,1,-1,-1,-1
4925,25,1573.488525390625,556.4027099609375,-1,-1,1,-1,-1,-1
4926,24,1459.923583984375,620.9048461914062,-1,-1,1,-1,-1,-1
4926,25,1559.465576171875,563.562255859375,-1,-1,1,-1,-1,-1
4927,24,1445.80615234375,620.8162841796875,-1,-1,1,-1,-1,-1
4928,24,1431.6146240234375,620.7860717773438,-1,-1,1,-1,-1,-1
4928,25,1523.7596435546875,556.2499389648438,-1,-1,1,-1,-1,-1
4929,24,1410.138427734375,628.1683959960938,-1,-1,1,-1,-1,-1
4930,24,1395.8203125,628.1921997070312,-1,-1,1,-1,-1,-1
4931,24,1381.765869140625,628.2415161132812,-1,-1,1,-1,-1,-1
4932,24,1360.379638671875,628.1561889648438,-1,-1,1,-1,-1,-1
4933,24,1346.2840576171875,628.112060546875,-1,-1,1,-1,-1,-1
4934,24,1324.9246826171875,628.119873046875,-1,-1,1,-1,-1,-1
4935,24,1310.753662109375,628.161865234375,-1,-1,1,-1,-1,-1
4936,24,1296.548583984375,628.1585693359375,-1,-1,1,-1,-1,-1
4937,24,1275.166259765625,628.1069946289062,-1,-1,1,-1,-1,-1
4938,24,1260.9674072265625,628.1660766601562,-1,-1,1,-1,-1,-1
4939,24,1246.7764892578125,628.0963134765625,-1,-1,1,-1,-1,-1
4940,24,1225.4273681640625,628.0829467773438,-1,-1,1,-1,-1,-1
4941,24,1211.2647705078125,628.0278930664062,-1,-1,1,-1,-1,-1
4942,24,1197.04052734375,628.062255859375,-1,-1,1,-1,-1,-1
4943,24,1182.80224609375,628.1046752929688,-1,-1,1,-1,-1,-1
4944,24,1168.614990234375,628.2293090820312,-1,-1,1,-1,-1,-1
4945,24,1154.3687744140625,628.1478881835938,-1,-1,1,-1,-1,-1
4946,24,1133.08251953125,621.0092163085938,-1,-1,1,-1,-1,-1
4946,26,835.0118408203125,343.4771728515625,-1,-1,1,-1,-1,-1
4947,24,1118.8426513671875,621.1233520507812,-1,-1,1,-1,-1,-1
4947,26,813.7110595703125,343.30560302734375,-1,-1,1,-1,-1,-1
4948,24,1104.604736328125,621.2305297851562,-1,-1,1,-1,-1,-1
4948,26,806.4237060546875,343.7170715332031,-1,-1,1,-1,-1,-1
4949,24,1090.512451171875,613.7592163085938,-1,-1,1,-1,-1,-1
4949,25,1211.102783203125,613.5068359375,-1,-1,1,-1,-1,-1
4949,26,792.4791870117188,343.38726806640625,-1,-1,1,-1,-1,-1
4950,24,1076.274658203125,613.8511962890625,-1,-1,1,-1,-1,-1
4950,26,778.167236328125,336.47576904296875,-1,-1,1,-1,-1,-1
4951,24,1062.0919189453125,614.0089111328125,-1,-1,1,-1,-1,-1
4951,26,770.9859619140625,336.3320617675781,-1,-1,1,-1,-1,-1
4952,24,1047.869384765625,606.56201171875,-1,-1,1,-1,-1,-1
4952,26,756.6663818359375,329.47723388671875,-1,-1,1,-1,-1,-1
4953,24,1033.7757568359375,606.7864990234375,-1,-1,1,-1,-1,-1
4954,24,1012.361083984375,606.94140625,-1,-1,1,-1,-1,-1
4954,26,728.5872802734375,321.7504577636719,-1,-1,1,-1,-1,-1
4955,24,998.1820068359375,599.5826416015625,-1,-1,1,-1,-1,-1
4956,24,983.9380493164062,599.7093505859375,-1,-1,1,-1,-1,-1
4957,24,969.6669921875,599.7044067382812,-1,-1,1,-1,-1,-1
4958,24,955.5053100585938,592.4453735351562,-1,-1,1,-1,-1,-1
4958,26,678.4877319335938,307.8659362792969,-1,-1,1,-1,-1,-1
4959,24,941.3009643554688,592.62353515625,-1,-1,1,-1,-1,-1
4959,26,664.386962890625,308.1409912109375,-1,-1,1,-1,-1,-1
4960,24,926.9901123046875,585.1651611328125,-1,-1,1,-1,-1,-1
4960,26,650.1259765625,307.9017639160156,-1,-1,1,-1,-1,-1
4961,24,905.727783203125,585.341064453125,-1,-1,1,-1,-1,-1
4962,24,891.5308837890625,585.465087890625,-1,-1,1,-1,-1,-1
4962,25,1026.493896484375,585.2953491210938,-1,-1,1,-1,-1,-1
4962,26,621.4769287109375,300.7179870605469,-1,-1,1,-1,-1,-1
4963,24,877.34130859375,585.447265625,-1,-1,1,-1,-1,-1
4963,25,1012.3416748046875,585.2066650390625,-1,-1,1,-1,-1,-1
4963,26,607.3299560546875,300.89483642578125,-1,-1,1,-1,-1,-1
4964,24,863.0911865234375,585.4075927734375,-1,-1,1,-1,-1,-1
4964,25,998.2291259765625,585.117431640625,-1,-1,1,-1,-1,-1
4965,24,848.9277954101562,585.36181640625,-1,-1,1,-1,-1,-1
4966,24,834.599853515625,585.3695678710938,-1,-1,1,-1,-1,-1
4966,26,571.8271484375,308.21075439453125,-1,-1,1,-1,-1,-1
4967,24,827.5133056640625,592.6412353515625,-1,-1,1,-1,-1,-1
4968,24,813.256103515625,592.6148681640625,-1,-1,1,-1,-1,-1
4968,26,564.801025390625,308.0394592285156,-1,-1,1,-1,-1,-1
4969,24,806.22314453125,592.6279296875,-1,-1,1,-1,-1,-1
4969,26,557.7792358398438,308.139892578125,-1,-1,1,-1,-1,-1
4970,24,799.0850219726562,592.5283203125,-1,-1,1,-1,-1,-1
4971,24,792.0086669921875,592.3863525390625,-1,-1,1,-1,-1,-1
4971,25,934.0973510742188,592.3126220703125,-1,-1,1,-1,-1,-1
4972,24,777.648193359375,599.8436279296875,-1,-1,1,-1,-1,-1
4972,25,919.8489990234375,592.4403076171875,-1,-1,1,-1,-1,-1
4973,24,770.7392578125,599.720458984375,-1,-1,1,-1,-1,-1
4973,25,912.6563720703125,599.59033203125,-1,-1,1,-1,-1,-1
4974,24,756.4390258789062,599.615478515625,-1,-1,1,-1,-1,-1
4974,25,898.4188232421875,599.558349609375,-1,-1,1,-1,-1,-1
4974,26,529.4021606445312,315.37298583984375,-1,-1,1,-1,-1,-1
4975,24,749.352294921875,606.7916259765625,-1,-1,1,-1,-1,-1
4975,25,891.4112548828125,599.3941040039062,-1,-1,1,-1,-1,-1
4976,24,735.1417236328125,606.9494018554688,-1,-1,1,-1,-1,-1
4977,24,728.1029052734375,606.8291625976562,-1,-1,1,-1,-1,-1
4977,25,870.0389404296875,606.7111206054688,-1,-1,1,-1,-1,-1
4978,24,713.8589477539062,606.7945556640625,-1,-1,1,-1,-1,-1
4978,26,500.86358642578125,329.3935546875,-1,-1,1,-1,-1,-1
4979,24,706.7041015625,606.563232421875,-1,-1,1,-1,-1,-1
4979,26,494.0012512207031,329.31787109375,-1,-1,1,-1,-1,-1
4980,24,692.528076171875,606.725830078125,-1,-1,1,-1,-1,-1
4981,24,678.2898559570312,606.73193359375,-1,-1,1,-1,-1,-1
4981,26,479.5339050292969,336.2933349609375,-1,-1,1,-1,-1,-1
4982,24,671.1668701171875,606.6566162109375,-1,-1,1,-1,-1,-1
4982,26,472.31439208984375,336.40753173828125,-1,-1,1,-1,-1,-1
4983,24,656.970703125,614.0584716796875,-1,-1,1,-1,-1,-1
4983,26,465.334228515625,336.54522705078125,-1,-1,1,-1,-1,-1
4984,24,649.8980102539062,613.8902587890625,-1,-1,1,-1,-1,-1
4984,26,458.25177001953125,336.4875793457031,-1,-1,1,-1,-1,-1
4985,24,635.65576171875,613.9749755859375,-1,-1,1,-1,-1,-1
4986,24,621.513671875,613.9813842773438,-1,-1,1,-1,-1,-1
4986,26,437.01068115234375,336.4512634277344,-1,-1,1,-1,-1,-1
4987,24,614.3367919921875,613.929443359375,-1,-1,1,-1,-1,-1
4987,26,436.92132568359375,343.80096435546875,-1,-1,1,-1,-1,-1
4988,24,607.2332153320312,613.9188232421875,-1,-1,1,-1,-1,-1
4989,24,593.11083984375,613.6785888671875,-1,-1,1,-1,-1,-1
4989,26,422.6751708984375,343.634033203125,-1,-1,1,-1,-1,-1
4990,24,578.8755493164062,613.8426513671875,-1,-1,1,-1,-1,-1
4990,26,415.71636962890625,343.671630859375,-1,-1,1,-1,-1,-1
4991,24,564.58056640625,621.10400390625,-1,-1,1,-1,-1,-1
4991,26,401.4437561035156,343.5924072265625,-1,-1,1,-1,-1,-1
4992,24,550.3693237304688,621.2365112304688,-1,-1,1,-1,-1,-1
4992,26,394.37005615234375,343.5383605957031,-1,-1,1,-1,-1,-1
4993,24,536.2569580078125,613.719482421875,-1,-1,1,-1,-1,-1
4994,24,521.9600830078125,613.876708984375,-1,-1,1,-1,-1,-1
4995,24,500.73468017578125,606.7842407226562,-1,-1,1,-1,-1,-1
4996,24,486.4720153808594,606.8886108398438,-1,-1,1,-1,-1,-1
4997,24,472.1583251953125,606.8902587890625,-1,-1,1,-1,-1,-1
4998,24,465.1845397949219,599.5960693359375,-1,-1,1,-1,-1,-1
4999,24,443.7026062011719,599.824951171875,-1,-1,1,-1,-1,-1
5000,24,429.23052978515625,599.522216796875,-1,-1,1,-1,-1,-1
5001,24,415.324462890625,592.5863037109375,-1,-1,1,-1,-1,-1
5002,24,401.2778625488281,585.2916259765625,-1,-1,1,-1,-1,-1
5003,24,379.94683837890625,585.4497680664062,-1,-1,1,-1,-1,-1
5004,24,365.65740966796875,585.441650390625,-1,-1,1,-1,-1,-1
5005,24,344.37103271484375,578.0933837890625,-1,-1,1,-1,-1,-1
5006,24,323.19293212890625,578.1444702148438,-1,-1,1,-1,-1,-1
5007,24,301.68511962890625,578.215576171875,-1,-1,1,-1,-1,-1
5008,24,287.54815673828125,577.9825439453125,-1,-1,1,-1,-1,-1
5008,25,436.87664794921875,570.82763671875,-1,-1,1,-1,-1,-1
5009,24,266.1287841796875,585.48193359375,-1,-1,1,-1,-1,-1
5010,24,244.8260498046875,585.4982299804688,-1,-1,1,-1,-1,-1
5011,24,223.54986572265625,585.455078125,-1,-1,1,-1,-1,-1
5012,24,202.18515014648438,585.4105224609375,-1,-1,1,-1,-1,-1
5013,24,180.95748901367188,585.328369140625,-1,-1,1,-1,-1,-1
5014,24,152.54489135742188,585.304443359375,-1,-1,1,-1,-1,-1
5015,24,131.03652954101562,578.0570068359375,-1,-1,1,-1,-1,-1
5016,24,109.80462646484375,578.1735229492188,-1,-1,1,-1,-1,-1
5017,24,81.46637725830078,578.29248046875,-1,-1,1,-1,-1,-1
5017,25,280.1109619140625,493.1609191894531,-1,-1,1,-1,-1,-1
5018,24,60.21169662475586,578.4366455078125,-1,-1,1,-1,-1,-1
5018,25,258.8636779785156,493.18182373046875,-1,-1,1,-1,-1,-1
5068,27,1772.499755859375,798.2879638671875,-1,-1,1,-1,-1,-1
5069,27,1758.29248046875,798.2330322265625,-1,-1,1,-1,-1,-1
5070,27,1743.9473876953125,798.2601318359375,-1,-1,1,-1,-1,-1
5071,27,1729.9417724609375,798.1224365234375,-1,-1,1,-1,-1,-1
5072,27,1708.730224609375,798.0618896484375,-1,-1,1,-1,-1,-1
5073,27,1694.5521240234375,798.0693359375,-1,-1,1,-1,-1,-1
5074,27,1680.180419921875,798.2236328125,-1,-1,1,-1,-1,-1
5075,27,1658.945556640625,798.3434448242188,-1,-1,1,-1,-1,-1
5076,27,1637.591796875,798.2130126953125,-1,-1,1,-1,-1,-1
5077,27,1623.19970703125,798.1612548828125,-1,-1,1,-1,-1,-1
5078,27,1609.26123046875,798.3233032226562,-1,-1,1,-1,-1,-1
5079,27,1587.9566650390625,798.0255126953125,-1,-1,1,-1,-1,-1
5080,27,1566.609619140625,791.056884765625,-1,-1,1,-1,-1,-1
5081,27,1545.346923828125,791.1484375,-1,-1,1,-1,-1,-1
5082,27,1516.975830078125,790.9243774414062,-1,-1,1,-1,-1,-1
5083,27,1502.83984375,790.8743896484375,-1,-1,1,-1,-1,-1
5084,27,1481.410400390625,784.0078125,-1,-1,1,-1,-1,-1
5085,27,1459.9775390625,784.0234375,-1,-1,1,-1,-1,-1
5086,27,1445.72607421875,783.8653564453125,-1,-1,1,-1,-1,-1
5087,27,1424.11181640625,776.9923706054688,-1,-1,1,-1,-1,-1
5088,27,1402.9921875,776.7500610351562,-1,-1,1,-1,-1,-1
5089,27,1374.575439453125,776.8280029296875,-1,-1,1,-1,-1,-1
5090,27,1353.098388671875,769.7484130859375,-1,-1,1,-1,-1,-1
5091,27,1331.724365234375,769.7193603515625,-1,-1,1,-1,-1,-1
5092,27,1317.674560546875,769.7286987304688,-1,-1,1,-1,-1,-1
5093,27,1296.12158203125,762.7200317382812,-1,-1,1,-1,-1,-1
5094,27,1274.939208984375,762.7332153320312,-1,-1,1,-1,-1,-1
5095,27,1246.6104736328125,762.79638671875,-1,-1,1,-1,-1,-1
5096,27,1224.899658203125,755.9046630859375,-1,-1,1,-1,-1,-1
5097,27,1203.71923828125,755.8169555664062,-1,-1,1,-1,-1,-1
5098,27,1182.41796875,755.7227783203125,-1,-1,1,-1,-1,-1
5099,27,1161.17333984375,755.5836181640625,-1,-1,1,-1,-1,-1
5100,27,1132.81689453125,755.5262451171875,-1,-1,1,-1,-1,-1
5101,27,1111.3896484375,755.5272216796875,-1,-1,1,-1,-1,-1
5102,27,1082.967041015625,755.5588989257812,-1,-1,1,-1,-1,-1
5103,27,1061.79736328125,755.6651000976562,-1,-1,1,-1,-1,-1
5105,27,1011.7813720703125,748.5474853515625,-1,-1,1,-1,-1,-1
5106,27,983.4598388671875,748.55615234375,-1,-1,1,-1,-1,-1
5107,27,962.33203125,748.554443359375,-1,-1,1,-1,-1,-1
5111,27,869.8719482421875,741.7353515625,-1,-1,1,-1,-1,-1
5112,27,841.791748046875,741.685791015625,-1,-1,1,-1,-1,-1
5114,27,791.7694091796875,734.4176025390625,-1,-1,1,-1,-1,-1
5115,27,763.518798828125,734.38134765625,-1,-1,1,-1,-1,-1
5116,27,734.8952026367188,727.1796875,-1,-1,1,-1,-1,-1
5117,27,713.4088134765625,727.278564453125,-1,-1,1,-1,-1,-1
5118,27,685.3203125,727.1494140625,-1,-1,1,-1,-1,-1
5119,27,657.1043701171875,727.334716796875,-1,-1,1,-1,-1,-1
5120,27,635.5865478515625,720.1046142578125,-1,-1,1,-1,-1,-1
5121,27,607.02197265625,719.9564819335938,-1,-1,1,-1,-1,-1
5122,27,585.7127075195312,720.0362548828125,-1,-1,1,-1,-1,-1
5123,27,557.4061279296875,719.9523315429688,-1,-1,1,-1,-1,-1
5124,27,521.89501953125,720.1754760742188,-1,-1,1,-1,-1,-1
5125,27,493.5518798828125,720.1446533203125,-1,-1,1,-1,-1,-1
5126,27,472.29876708984375,720.0564575195312,-1,-1,1,-1,-1,-1
5127,27,443.77398681640625,720.2017822265625,-1,-1,1,-1,-1,-1
5128,27,415.4048156738281,720.2433471679688,-1,-1,1,-1,-1,-1
5129,27,387.2345886230469,720.1934204101562,-1,-1,1,-1,-1,-1
5130,27,358.5914306640625,720.11376953125,-1,-1,1,-1,-1,-1
5131,27,330.4940490722656,720.1100463867188,-1,-1,1,-1,-1,-1
5132,27,309.04168701171875,720.1325073242188,-1,-1,1,-1,-1,-1
5133,27,280.4029235839844,720.0604248046875,-1,-1,1,-1,-1,-1
5134,27,252.07888793945312,720.2828369140625,-1,-1,1,-1,-1,-1
5244,28,1716.3189697265625,535.2100830078125,-1,-1,1,-1,-1,-1
5246,28,1751.163818359375,464.43701171875,-1,-1,1,-1,-1,-1
5248,28,1652.1832275390625,535.4599609375,-1,-1,1,-1,-1,-1
5249,28,1637.9365234375,535.4776000976562,-1,-1,1,-1,-1,-1
5250,28,1623.788818359375,535.3984985351562,-1,-1,1,-1,-1,-1
5252,28,1595.13916015625,535.467041015625,-1,-1,1,-1,-1,-1
5254,28,1573.5386962890625,535.3883056640625,-1,-1,1,-1,-1,-1
5256,28,1538.0687255859375,542.4060668945312,-1,-1,1,-1,-1,-1
5257,28,1523.773193359375,542.5609741210938,-1,-1,1,-1,-1,-1
5258,28,1509.7373046875,549.427978515625,-1,-1,1,-1,-1,-1
5259,28,1495.3140869140625,549.5174560546875,-1,-1,1,-1,-1,-1
5260,28,1481.2366943359375,549.52880859375,-1,-1,1,-1,-1,-1
5261,28,1473.999267578125,549.5888671875,-1,-1,1,-1,-1,-1
5262,28,1459.78955078125,549.5553588867188,-1,-1,1,-1,-1,-1
5263,28,1445.51220703125,549.5980834960938,-1,-1,1,-1,-1,-1
5264,28,1431.279541015625,556.5869140625,-1,-1,1,-1,-1,-1
5265,28,1424.037353515625,556.532958984375,-1,-1,1,-1,-1,-1
5268,28,1402.78369140625,556.589599609375,-1,-1,1,-1,-1,-1
5269,28,1402.8697509765625,549.6661987304688,-1,-1,1,-1,-1,-1
5270,28,1388.69970703125,556.8129272460938,-1,-1,1,-1,-1,-1
5279,28,1317.63134765625,549.8399047851562,-1,-1,1,-1,-1,-1
5280,28,1303.296142578125,549.7042236328125,-1,-1,1,-1,-1,-1
5281,28,1296.3165283203125,556.710693359375,-1,-1,1,-1,-1,-1
5282,28,1289.1646728515625,556.62353515625,-1,-1,1,-1,-1,-1
5283,28,1282.01123046875,556.662109375,-1,-1,1,-1,-1,-1
5283,29,1118.8883056640625,649.30859375,-1,-1,1,-1,-1,-1
5284,28,1274.9903564453125,556.8330078125,-1,-1,1,-1,-1,-1
5284,29,1104.60498046875,649.2518310546875,-1,-1,1,-1,-1,-1
5285,28,1260.66015625,556.5648193359375,-1,-1,1,-1,-1,-1
5285,29,1090.451171875,649.2078857421875,-1,-1,1,-1,-1,-1
5286,28,1253.625732421875,556.8294677734375,-1,-1,1,-1,-1,-1
5286,29,1076.02294921875,642.1358642578125,-1,-1,1,-1,-1,-1
5287,28,1246.397705078125,557.0778198242188,-1,-1,1,-1,-1,-1
5287,29,1061.899658203125,642.2404174804688,-1,-1,1,-1,-1,-1
5288,28,1239.29345703125,556.5979614257812,-1,-1,1,-1,-1,-1
5289,29,1033.571044921875,635.027587890625,-1,-1,1,-1,-1,-1
5291,28,1210.97021484375,542.7001953125,-1,-1,1,-1,-1,-1
5292,28,1197.0550537109375,542.3406982421875,-1,-1,1,-1,-1,-1
5294,28,1182.634521484375,535.4655151367188,-1,-1,1,-1,-1,-1
5319,29,593.4381103515625,542.5302734375,-1,-1,1,-1,-1,-1
5320,29,565.1758422851562,542.588134765625,-1,-1,1,-1,-1,-1
5321,29,529.470947265625,542.6043090820312,-1,-1,1,-1,-1,-1
5322,29,515.35400390625,542.6668090820312,-1,-1,1,-1,-1,-1
5323,29,487.02325439453125,549.689697265625,-1,-1,1,-1,-1,-1
5324,29,465.71978759765625,549.7455444335938,-1,-1,1,-1,-1,-1
5325,29,444.32073974609375,549.7542114257812,-1,-1,1,-1,-1,-1
