68,1,1282.9134521484375,649.7952270507812,-1,-1,1,-1,-1,-1
69,1,1247.4564208984375,656.8281860351562,-1,-1,1,-1,-1,-1
70,1,1211.8287353515625,663.9393310546875,-1,-1,1,-1,-1,-1
71,1,1169.3887939453125,671.2100830078125,-1,-1,1,-1,-1,-1
72,1,1133.73193359375,670.97021484375,-1,-1,1,-1,-1,-1
73,1,1091.20703125,678.2963256835938,-1,-1,1,-1,-1,-1
74,1,1048.5784912109375,677.9555053710938,-1,-1,1,-1,-1,-1
75,1,1005.9681396484375,677.876953125,-1,-1,1,-1,-1,-1
76,1,956.2718505859375,677.8497314453125,-1,-1,1,-1,-1,-1
76,2,1076.833740234375,614.51220703125,-1,-1,1,-1,-1,-1
77,1,906.583740234375,677.807861328125,-1,-1,1,-1,-1,-1
78,1,856.8072509765625,677.92041015625,-1,-1,1,-1,-1,-1
78,2,984.615478515625,607.5556030273438,-1,-1,1,-1,-1,-1
79,1,800.0838623046875,685.283447265625,-1,-1,1,-1,-1,-1
80,1,750.290283203125,685.2152099609375,-1,-1,1,-1,-1,-1
80,2,877.8424072265625,614.59130859375,-1,-1,1,-1,-1,-1
81,1,693.338623046875,692.0633544921875,-1,-1,1,-1,-1,-1
81,2,828.0770263671875,621.7725830078125,-1,-1,1,-1,-1,-1
82,1,636.5663452148438,699.333984375,-1,-1,1,-1,-1,-1
83,1,579.8314208984375,713.62060546875,-1,-1,1,-1,-1,-1
83,2,721.7879638671875,643.1281127929688,-1,-1,1,-1,-1,-1
85,1,466.1307373046875,742.4375,-1,-1,1,-1,-1,-1
85,2,594.15576171875,664.0933227539062,-1,-1,1,-1,-1,-1
87,1,338.1656494140625,763.7113647460938,-1,-1,1,-1,-1,-1
87,2,480.297607421875,685.5220947265625,-1,-1,1,-1,-1,-1
88,2,423.5787353515625,699.7598876953125,-1,-1,1,-1,-1,-1
89,1,203.1395263671875,791.7568359375,-1,-1,1,-1,-1,-1
90,1,139.25660705566406,812.9915771484375,-1,-1,1,-1,-1,-1
90,2,309.7056579589844,721.24462890625,-1,-1,1,-1,-1,-1
103,3,1332.6162109375,798.7076416015625,-1,-1,1,-1,-1,-1
104,3,1296.87353515625,798.8971557617188,-1,-1,1,-1,-1,-1
105,3,1254.3436279296875,791.69580078125,-1,-1,1,-1,-1,-1
106,3,1218.826171875,791.7925415039062,-1,-1,1,-1,-1,-1
107,3,1176.29345703125,791.6376953125,-1,-1,1,-1,-1,-1
108,3,1140.7413330078125,784.524169921875,-1,-1,1,-1,-1,-1
109,3,1105.0704345703125,784.4613037109375,-1,-1,1,-1,-1,-1
110,3,1062.3350830078125,784.41748046875,-1,-1,1,-1,-1,-1
111,3,1033.91796875,784.5340576171875,-1,-1,1,-1,-1,-1
112,3,991.3840942382812,784.550048828125,-1,-1,1,-1,-1,-1
113,3,955.8115844726562,784.5416259765625,-1,-1,1,-1,-1,-1
114,3,920.411865234375,784.5196533203125,-1,-1,1,-1,-1,-1
115,3,877.7614135742188,784.6450805664062,-1,-1,1,-1,-1,-1
116,3,835.0609130859375,784.5557250976562,-1,-1,1,-1,-1,-1
117,3,792.4202880859375,784.7162475585938,-1,-1,1,-1,-1,-1
118,3,749.8941040039062,784.6624755859375,-1,-1,1,-1,-1,-1
119,3,707.240234375,777.73486328125,-1,-1,1,-1,-1,-1
120,3,664.5587158203125,777.77978515625,-1,-1,1,-1,-1,-1
121,3,621.97265625,784.8700561523438,-1,-1,1,-1,-1,-1
122,3,579.257568359375,784.7093505859375,-1,-1,1,-1,-1,-1
123,3,536.5987548828125,791.8980712890625,-1,-1,1,-1,-1,-1
124,3,494.0622863769531,799.1197509765625,-1,-1,1,-1,-1,-1
125,3,451.42431640625,799.0089721679688,-1,-1,1,-1,-1,-1
126,3,408.8765869140625,806.2001953125,-1,-1,1,-1,-1,-1
127,3,358.93511962890625,805.9864501953125,-1,-1,1,-1,-1,-1
128,3,316.5311584472656,806.0060424804688,-1,-1,1,-1,-1,-1
129,3,259.45635986328125,806.079345703125,-1,-1,1,-1,-1,-1
130,3,209.80300903320312,806.0064697265625,-1,-1,1,-1,-1,-1
131,3,159.96353149414062,806.0472412109375,-1,-1,1,-1,-1,-1
132,3,110.2628173828125,806.030029296875,-1,-1,1,-1,-1,-1
136,4,1865.528564453125,777.3903198242188,-1,-1,1,-1,-1,-1
147,4,1517.2764892578125,734.8001098632812,-1,-1,1,-1,-1,-1
148,4,1481.6751708984375,727.7103271484375,-1,-1,1,-1,-1,-1
149,4,1453.1478271484375,727.90185546875,-1,-1,1,-1,-1,-1
150,4,1417.7701416015625,720.5541381835938,-1,-1,1,-1,-1,-1
151,4,1389.423095703125,713.4951171875,-1,-1,1,-1,-1,-1
153,4,1332.6246337890625,706.3099365234375,-1,-1,1,-1,-1,-1
155,4,1275.73046875,699.1739501953125,-1,-1,1,-1,-1,-1
156,4,1247.3226318359375,699.173828125,-1,-1,1,-1,-1,-1
157,4,1226.029052734375,691.95263671875,-1,-1,1,-1,-1,-1
158,4,1197.539306640625,692.1595458984375,-1,-1,1,-1,-1,-1
159,4,1162.067138671875,692.2022705078125,-1,-1,1,-1,-1,-1
160,4,1133.6546630859375,692.1854248046875,-1,-1,1,-1,-1,-1
161,4,1098.2034912109375,691.8709716796875,-1,-1,1,-1,-1,-1
162,4,1069.740478515625,692.0715942382812,-1,-1,1,-1,-1,-1
163,4,1034.1424560546875,692.1446533203125,-1,-1,1,-1,-1,-1
164,4,991.4593505859375,692.3271484375,-1,-1,1,-1,-1,-1
164,5,1226.1785888671875,486.1029968261719,-1,-1,1,-1,-1,-1
165,4,934.6450805664062,692.3525390625,-1,-1,1,-1,-1,-1
165,5,1226.2373046875,486.276611328125,-1,-1,1,-1,-1,-1
166,4,891.7780151367188,685.1776123046875,-1,-1,1,-1,-1,-1
166,5,1226.2744140625,486.16339111328125,-1,-1,1,-1,-1,-1
167,4,842.200439453125,685.2191772460938,-1,-1,1,-1,-1,-1
167,5,1219.1400146484375,485.99920654296875,-1,-1,1,-1,-1,-1
168,4,792.6168823242188,685.3171997070312,-1,-1,1,-1,-1,-1
168,5,1218.8958740234375,493.41229248046875,-1,-1,1,-1,-1,-1
169,4,735.6962890625,692.3729858398438,-1,-1,1,-1,-1,-1
169,5,1204.7586669921875,493.205078125,-1,-1,1,-1,-1,-1
170,5,1204.800537109375,500.42987060546875,-1,-1,1,-1,-1,-1
171,5,1154.802001953125,571.0298461914062,-1,-1,1,-1,-1,-1
172,5,1197.751953125,507.4693603515625,-1,-1,1,-1,-1,-1
173,5,1190.3092041015625,521.8392333984375,-1,-1,1,-1,-1,-1
173,6,1140.509521484375,585.5330810546875,-1,-1,1,-1,-1,-1
174,5,1176.274169921875,528.9395751953125,-1,-1,1,-1,-1,-1
174,6,1126.32080078125,592.5443115234375,-1,-1,1,-1,-1,-1
175,5,1169.3685302734375,535.751953125,-1,-1,1,-1,-1,-1
175,6,1111.98193359375,606.9563598632812,-1,-1,1,-1,-1,-1
175,7,1204.72412109375,500.59405517578125,-1,-1,1,-1,-1,-1
176,5,1162.1351318359375,550.0486450195312,-1,-1,1,-1,-1,-1
176,6,1090.66455078125,613.8514404296875,-1,-1,1,-1,-1,-1
177,5,1140.713134765625,564.5254516601562,-1,-1,1,-1,-1,-1
177,6,1076.46875,628.266845703125,-1,-1,1,-1,-1,-1
178,5,1126.6318359375,571.7701416015625,-1,-1,1,-1,-1,-1
178,6,1062.269775390625,642.6365966796875,-1,-1,1,-1,-1,-1
179,5,1112.372314453125,585.6273193359375,-1,-1,1,-1,-1,-1
179,6,1040.977294921875,656.73046875,-1,-1,1,-1,-1,-1
180,5,1091.07177734375,599.9301147460938,-1,-1,1,-1,-1,-1
180,7,1133.531982421875,557.440185546875,-1,-1,1,-1,-1,-1
181,5,1070.092041015625,607.0262451171875,-1,-1,1,-1,-1,-1
181,6,991.2536010742188,678.1077270507812,-1,-1,1,-1,-1,-1
181,7,1105.3369140625,571.62158203125,-1,-1,1,-1,-1,-1
182,5,1041.348876953125,621.2122192382812,-1,-1,1,-1,-1,-1
182,6,955.7310791015625,692.104736328125,-1,-1,1,-1,-1,-1
182,7,1083.967529296875,585.71484375,-1,-1,1,-1,-1,-1
183,5,1012.9993286132812,628.544677734375,-1,-1,1,-1,-1,-1
183,6,934.430908203125,699.3819580078125,-1,-1,1,-1,-1,-1
184,5,991.88525390625,635.6353759765625,-1,-1,1,-1,-1,-1
184,7,1034.37744140625,600.1187744140625,-1,-1,1,-1,-1,-1
185,5,963.4269409179688,649.5960693359375,-1,-1,1,-1,-1,-1
185,6,870.5489501953125,720.9195556640625,-1,-1,1,-1,-1,-1
185,7,1005.8663330078125,614.2637939453125,-1,-1,1,-1,-1,-1
186,5,934.96044921875,656.6921997070312,-1,-1,1,-1,-1,-1
186,6,842.0725708007812,727.98388671875,-1,-1,1,-1,-1,-1
187,5,906.5386352539062,663.79296875,-1,-1,1,-1,-1,-1
187,7,956.076171875,628.29931640625,-1,-1,1,-1,-1,-1
188,5,878.116455078125,671.0386962890625,-1,-1,1,-1,-1,-1
188,6,785.4030151367188,734.664794921875,-1,-1,1,-1,-1,-1
188,7,927.5697021484375,628.4857177734375,-1,-1,1,-1,-1,-1
189,5,849.7764892578125,671.1058349609375,-1,-1,1,-1,-1,-1
189,6,749.9310302734375,741.8714599609375,-1,-1,1,-1,-1,-1
190,5,821.3560791015625,678.0496826171875,-1,-1,1,-1,-1,-1
190,6,714.1998291015625,749.11572265625,-1,-1,1,-1,-1,-1
191,5,792.8300170898438,678.01513671875,-1,-1,1,-1,-1,-1
191,6,685.708740234375,748.822265625,-1,-1,1,-1,-1,-1
191,8,1254.688720703125,699.6307373046875,-1,-1,1,-1,-1,-1
192,5,764.4449462890625,685.1904907226562,-1,-1,1,-1,-1,-1
192,6,650.20654296875,756.1690063476562,-1,-1,1,-1,-1,-1
193,5,736.0577392578125,692.3563232421875,-1,-1,1,-1,-1,-1
194,5,707.6541137695312,692.1036987304688,-1,-1,1,-1,-1,-1
194,6,579.31689453125,763.2651977539062,-1,-1,1,-1,-1,-1
194,8,1169.391357421875,706.711181640625,-1,-1,1,-1,-1,-1
195,5,664.8964233398438,699.4700927734375,-1,-1,1,-1,-1,-1
195,6,536.7862548828125,770.4810791015625,-1,-1,1,-1,-1,-1
196,5,629.37646484375,699.2843017578125,-1,-1,1,-1,-1,-1
196,7,686.1160888671875,663.9095458984375,-1,-1,1,-1,-1,-1
197,5,593.9310913085938,706.4688720703125,-1,-1,1,-1,-1,-1
197,7,650.3609619140625,663.91845703125,-1,-1,1,-1,-1,-1
197,8,1077.079833984375,713.848876953125,-1,-1,1,-1,-1,-1
198,5,558.4091796875,706.2295532226562,-1,-1,1,-1,-1,-1
198,7,615.0073852539062,670.8115234375,-1,-1,1,-1,-1,-1
199,5,515.6481323242188,706.47119140625,-1,-1,1,-1,-1,-1
199,7,579.4329833984375,670.5955810546875,-1,-1,1,-1,-1,-1
199,8,1006.0516967773438,720.9906005859375,-1,-1,1,-1,-1,-1
200,5,472.92327880859375,713.3331298828125,-1,-1,1,-1,-1,-1
200,7,536.9404296875,677.7987060546875,-1,-1,1,-1,-1,-1
201,5,430.2882995605469,720.4853515625,-1,-1,1,-1,-1,-1
201,7,494.1669921875,685.0191040039062,-1,-1,1,-1,-1,-1
202,7,451.54632568359375,692.1080322265625,-1,-1,1,-1,-1,-1
203,7,408.8074951171875,691.8564453125,-1,-1,1,-1,-1,-1
205,9,1573.6549072265625,621.7169189453125,-1,-1,1,-1,-1,-1
206,7,259.51318359375,706.2755737304688,-1,-1,1,-1,-1,-1
206,8,743.092041015625,749.4371337890625,-1,-1,1,-1,-1,-1
206,9,1523.954833984375,629.0680541992188,-1,-1,1,-1,-1,-1
207,8,700.5087890625,756.55419921875,-1,-1,1,-1,-1,-1
207,9,1481.3216552734375,628.9959716796875,-1,-1,1,-1,-1,-1
208,9,1445.727783203125,628.9500732421875,-1,-1,1,-1,-1,-1
210,9,1367.483154296875,628.8618774414062,-1,-1,1,-1,-1,-1
211,8,537.1151123046875,770.83251953125,-1,-1,1,-1,-1,-1
211,9,1338.96826171875,635.8832397460938,-1,-1,1,-1,-1,-1
212,9,1303.6552734375,635.8218994140625,-1,-1,1,-1,-1,-1
213,8,459.0030517578125,777.600341796875,-1,-1,1,-1,-1,-1
213,9,1268.067138671875,621.4024047851562,-1,-1,1,-1,-1,-1
214,8,416.262939453125,784.865478515625,-1,-1,1,-1,-1,-1
214,9,1232.81005859375,614.032470703125,-1,-1,1,-1,-1,-1
215,9,1204.530517578125,614.1023559570312,-1,-1,1,-1,-1,-1
216,9,1176.094482421875,614.0352172851562,-1,-1,1,-1,-1,-1
218,9,1112.181640625,614.1143798828125,-1,-1,1,-1,-1,-1
226,9,891.9862060546875,649.6583862304688,-1,-1,1,-1,-1,-1
