12,1,1112.2080078125,571.455322265625,-1,-1,1,-1,-1,-1
13,1,1140.5096435546875,571.3538818359375,-1,-1,1,-1,-1,-1
17,1,1254.3287353515625,564.3138427734375,-1,-1,1,-1,-1,-1
18,1,1282.658935546875,564.308837890625,-1,-1,1,-1,-1,-1
26,2,665.19921875,784.4967041015625,-1,-1,1,-1,-1,-1
27,2,707.6254272460938,791.7496337890625,-1,-1,1,-1,-1,-1
27,3,415.9661865234375,550.4649658203125,-1,-1,1,-1,-1,-1
28,2,757.3155517578125,791.68359375,-1,-1,1,-1,-1,-1
28,3,437.3465576171875,550.5380859375,-1,-1,1,-1,-1,-1
29,2,807.3575439453125,805.9296875,-1,-1,1,-1,-1,-1
29,3,458.61517333984375,557.5941162109375,-1,-1,1,-1,-1,-1
29,4,309.47607421875,727.8003540039062,-1,-1,1,-1,-1,-1
30,3,486.80615234375,557.6756591796875,-1,-1,1,-1,-1,-1
31,3,508.25152587890625,557.5059814453125,-1,-1,1,-1,-1,-1
31,4,380.54608154296875,727.8511962890625,-1,-1,1,-1,-1,-1
32,3,536.735595703125,557.6292724609375,-1,-1,1,-1,-1,-1
32,4,415.9806213378906,734.935791015625,-1,-1,1,-1,-1,-1
33,3,557.9404907226562,550.6728515625,-1,-1,1,-1,-1,-1
33,4,493.76531982421875,820.06689453125,-1,-1,1,-1,-1,-1
34,3,586.447509765625,550.6414794921875,-1,-1,1,-1,-1,-1
34,4,494.0224609375,735.1205444335938,-1,-1,1,-1,-1,-1
35,3,614.8758544921875,557.549560546875,-1,-1,1,-1,-1,-1
35,4,586.4088134765625,827.4320678710938,-1,-1,1,-1,-1,-1
36,3,636.209716796875,557.8857421875,-1,-1,1,-1,-1,-1
36,4,629.2073974609375,834.4071044921875,-1,-1,1,-1,-1,-1
37,4,679.2408447265625,841.4806518554688,-1,-1,1,-1,-1,-1
39,3,714.3582763671875,550.8416748046875,-1,-1,1,-1,-1,-1
39,4,699.97216796875,734.9434814453125,-1,-1,1,-1,-1,-1
40,3,735.63916015625,550.8375244140625,-1,-1,1,-1,-1,-1
40,4,735.5867309570312,741.892333984375,-1,-1,1,-1,-1,-1
41,3,757.0083618164062,543.918701171875,-1,-1,1,-1,-1,-1
41,4,771.2044677734375,749.1846313476562,-1,-1,1,-1,-1,-1
42,3,785.1959838867188,550.5128173828125,-1,-1,1,-1,-1,-1
42,4,813.8299560546875,741.983154296875,-1,-1,1,-1,-1,-1
43,3,799.5576782226562,543.8704833984375,-1,-1,1,-1,-1,-1
43,4,849.4193725585938,749.12548828125,-1,-1,1,-1,-1,-1
44,3,827.768310546875,550.7415771484375,-1,-1,1,-1,-1,-1
44,4,892.0234375,756.0911865234375,-1,-1,1,-1,-1,-1
45,3,849.16357421875,550.7236328125,-1,-1,1,-1,-1,-1
45,4,934.6753540039062,763.4126586914062,-1,-1,1,-1,-1,-1
46,4,977.25634765625,763.2188720703125,-1,-1,1,-1,-1,-1
47,4,1027.0452880859375,770.4047241210938,-1,-1,1,-1,-1,-1
48,4,1069.7373046875,770.2175903320312,-1,-1,1,-1,-1,-1
48,5,1297.0545654296875,642.8856811523438,-1,-1,1,-1,-1,-1
49,4,1119.3988037109375,777.3292236328125,-1,-1,1,-1,-1,-1
49,5,1332.75,650.059326171875,-1,-1,1,-1,-1,-1
50,4,1162.2467041015625,770.344482421875,-1,-1,1,-1,-1,-1
50,5,1361.13232421875,649.9937744140625,-1,-1,1,-1,-1,-1
51,4,1197.5322265625,763.1126708984375,-1,-1,1,-1,-1,-1
51,5,1410.902099609375,650.233642578125,-1,-1,1,-1,-1,-1
52,4,1240.21484375,763.140625,-1,-1,1,-1,-1,-1
52,5,1439.159912109375,650.2501831054688,-1,-1,1,-1,-1,-1
53,4,1282.8018798828125,763.15771484375,-1,-1,1,-1,-1,-1
53,5,1467.445068359375,650.26123046875,-1,-1,1,-1,-1,-1
54,4,1332.46337890625,763.2470703125,-1,-1,1,-1,-1,-1
54,5,1495.807861328125,650.3668212890625,-1,-1,1,-1,-1,-1
55,4,1375.180419921875,763.2506103515625,-1,-1,1,-1,-1,-1
55,5,1538.264892578125,650.1947021484375,-1,-1,1,-1,-1,-1
56,4,1417.7247314453125,763.23583984375,-1,-1,1,-1,-1,-1
57,4,1467.46337890625,763.274169921875,-1,-1,1,-1,-1,-1
59,5,1687.916015625,650.2106323242188,-1,-1,1,-1,-1,-1
59,6,394.4466857910156,600.027587890625,-1,-1,1,-1,-1,-1
60,5,1716.32421875,650.3834228515625,-1,-1,1,-1,-1,-1
60,6,422.79412841796875,600.2281494140625,-1,-1,1,-1,-1,-1
61,6,458.4468994140625,600.2380981445312,-1,-1,1,-1,-1,-1
67,6,721.1886596679688,585.8628540039062,-1,-1,1,-1,-1,-1
68,6,771.0513916015625,578.6727294921875,-1,-1,1,-1,-1,-1
69,3,1538.4718017578125,542.9537353515625,-1,-1,1,-1,-1,-1
70,3,1566.752685546875,535.989990234375,-1,-1,1,-1,-1,-1
74,6,1076.4356689453125,543.0848388671875,-1,-1,1,-1,-1,-1
75,6,1126.26611328125,535.86669921875,-1,-1,1,-1,-1,-1
75,7,1048.054931640625,614.41259765625,-1,-1,1,-1,-1,-1
76,7,1097.9879150390625,607.1759033203125,-1,-1,1,-1,-1,-1
77,7,1154.628662109375,607.1309814453125,-1,-1,1,-1,-1,-1
78,7,1204.519775390625,600.2342529296875,-1,-1,1,-1,-1,-1
79,7,1254.3919677734375,600.1429443359375,-1,-1,1,-1,-1,-1
80,7,1311.31982421875,592.86474609375,-1,-1,1,-1,-1,-1
81,7,1361.056396484375,592.9256591796875,-1,-1,1,-1,-1,-1
226,8,67.82817840576172,642.8553466796875,-1,-1,1,-1,-1,-1
227,8,88.98308563232422,642.867919921875,-1,-1,1,-1,-1,-1
228,8,117.21910095214844,649.8251953125,-1,-1,1,-1,-1,-1
229,8,145.2791290283203,649.9532470703125,-1,-1,1,-1,-1,-1
230,8,152.78924560546875,649.9425048828125,-1,-1,1,-1,-1,-1
234,8,309.35443115234375,649.7684326171875,-1,-1,1,-1,-1,-1
235,8,337.7825622558594,649.7577514648438,-1,-1,1,-1,-1,-1
235,10,1474.6224365234375,848.3079833984375,-1,-1,1,-1,-1,-1
236,8,366.0166015625,649.8648681640625,-1,-1,1,-1,-1,-1
236,10,1517.2369384765625,841.4677734375,-1,-1,1,-1,-1,-1
237,8,401.76922607421875,649.5538940429688,-1,-1,1,-1,-1,-1
237,10,1574.023681640625,848.72998046875,-1,-1,1,-1,-1,-1
238,8,430.1453857421875,642.5809326171875,-1,-1,1,-1,-1,-1
238,10,1623.855224609375,841.363525390625,-1,-1,1,-1,-1,-1
239,8,465.7138366699219,649.4188232421875,-1,-1,1,-1,-1,-1
239,10,1680.6458740234375,841.51025390625,-1,-1,1,-1,-1,-1
240,8,493.98193359375,649.6180419921875,-1,-1,1,-1,-1,-1
241,8,522.4256591796875,649.6421508789062,-1,-1,1,-1,-1,-1
242,8,558.1703491210938,649.6444091796875,-1,-1,1,-1,-1,-1
243,8,586.6461181640625,649.6317749023438,-1,-1,1,-1,-1,-1
244,8,614.8135986328125,642.7435302734375,-1,-1,1,-1,-1,-1
245,8,650.491943359375,649.7587280273438,-1,-1,1,-1,-1,-1
246,8,678.4600830078125,642.7942504882812,-1,-1,1,-1,-1,-1
247,8,714.1653442382812,642.8403930664062,-1,-1,1,-1,-1,-1
248,8,742.3231811523438,642.8251342773438,-1,-1,1,-1,-1,-1
249,8,770.7415771484375,635.7498168945312,-1,-1,1,-1,-1,-1
250,8,806.1046142578125,635.7020263671875,-1,-1,1,-1,-1,-1
251,8,834.679443359375,628.6243896484375,-1,-1,1,-1,-1,-1
252,8,863.10009765625,628.5576171875,-1,-1,1,-1,-1,-1
253,8,884.2257080078125,628.7560424804688,-1,-1,1,-1,-1,-1
254,8,919.7161865234375,628.5618286132812,-1,-1,1,-1,-1,-1
255,8,948.188720703125,628.7066040039062,-1,-1,1,-1,-1,-1
256,8,969.3809204101562,635.85205078125,-1,-1,1,-1,-1,-1
257,8,997.7413940429688,628.7354736328125,-1,-1,1,-1,-1,-1
258,8,1019.3859252929688,628.6400756835938,-1,-1,1,-1,-1,-1
259,8,1047.8109130859375,628.5094604492188,-1,-1,1,-1,-1,-1
259,9,1019.5965576171875,635.8421020507812,-1,-1,1,-1,-1,-1
260,8,1069.0438232421875,635.968994140625,-1,-1,1,-1,-1,-1
260,9,1040.873779296875,635.9453125,-1,-1,1,-1,-1,-1
261,9,1069.3828125,649.8358764648438,-1,-1,1,-1,-1,-1
263,9,1119.3577880859375,670.8191528320312,-1,-1,1,-1,-1,-1
264,9,1140.87744140625,670.8076782226562,-1,-1,1,-1,-1,-1
265,9,1162.289794921875,670.7298583984375,-1,-1,1,-1,-1,-1
266,9,1197.290771484375,663.7599487304688,-1,-1,1,-1,-1,-1
267,9,1225.727783203125,656.712646484375,-1,-1,1,-1,-1,-1
268,9,1247.1484375,656.498779296875,-1,-1,1,-1,-1,-1
269,9,1282.77587890625,656.959716796875,-1,-1,1,-1,-1,-1
270,9,1325.58935546875,663.5390014648438,-1,-1,1,-1,-1,-1
271,9,1382.2728271484375,656.8301391601562,-1,-1,1,-1,-1,-1
277,11,1077.205810546875,756.1390380859375,-1,-1,1,-1,-1,-1
278,11,1133.889892578125,749.001953125,-1,-1,1,-1,-1,-1
279,11,1183.30615234375,742.1695556640625,-1,-1,1,-1,-1,-1
280,11,1240.086669921875,735.1052856445312,-1,-1,1,-1,-1,-1
281,9,1801.713623046875,557.7019653320312,-1,-1,1,-1,-1,-1
281,11,1296.972900390625,728.1017456054688,-1,-1,1,-1,-1,-1
282,9,1830.337890625,543.0248413085938,-1,-1,1,-1,-1,-1
282,11,1353.6864013671875,727.898193359375,-1,-1,1,-1,-1,-1
283,9,1850.996337890625,536.192138671875,-1,-1,1,-1,-1,-1
283,11,1410.88232421875,728.0628662109375,-1,-1,1,-1,-1,-1
296,12,387.51727294921875,635.2528076171875,-1,-1,1,-1,-1,-1
298,12,458.7565612792969,628.4381103515625,-1,-1,1,-1,-1,-1
299,12,494.14434814453125,628.2496337890625,-1,-1,1,-1,-1,-1
300,12,522.54833984375,621.3515625,-1,-1,1,-1,-1,-1
301,12,558.1649780273438,621.1947021484375,-1,-1,1,-1,-1,-1
302,12,586.5262451171875,614.1702880859375,-1,-1,1,-1,-1,-1
303,12,614.9512939453125,614.0872802734375,-1,-1,1,-1,-1,-1
304,12,650.52001953125,607.1844482421875,-1,-1,1,-1,-1,-1
305,12,671.7391357421875,607.08935546875,-1,-1,1,-1,-1,-1
306,12,700.1168823242188,606.894775390625,-1,-1,1,-1,-1,-1
307,12,728.729736328125,600.03369140625,-1,-1,1,-1,-1,-1
308,12,764.2867431640625,592.905517578125,-1,-1,1,-1,-1,-1
309,12,792.736572265625,592.9151000976562,-1,-1,1,-1,-1,-1
310,12,821.1054077148438,592.7830810546875,-1,-1,1,-1,-1,-1
311,12,849.4808349609375,592.7633666992188,-1,-1,1,-1,-1,-1
314,12,934.8383178710938,585.6107177734375,-1,-1,1,-1,-1,-1
315,12,963.28125,578.684814453125,-1,-1,1,-1,-1,-1
316,12,991.659423828125,578.6746826171875,-1,-1,1,-1,-1,-1
317,12,1020.0349731445312,578.7088623046875,-1,-1,1,-1,-1,-1
321,12,1126.650146484375,578.5391845703125,-1,-1,1,-1,-1,-1
322,12,1155.0770263671875,571.6435546875,-1,-1,1,-1,-1,-1
323,12,1176.421630859375,571.671630859375,-1,-1,1,-1,-1,-1
324,12,1204.958740234375,564.5662841796875,-1,-1,1,-1,-1,-1
325,12,1233.25341796875,564.544189453125,-1,-1,1,-1,-1,-1
326,12,1254.519775390625,564.4376220703125,-1,-1,1,-1,-1,-1
327,12,1275.86083984375,564.3312377929688,-1,-1,1,-1,-1,-1
328,12,1304.364013671875,557.4727172851562,-1,-1,1,-1,-1,-1
329,12,1332.6236572265625,557.5753173828125,-1,-1,1,-1,-1,-1
331,12,1382.45703125,564.543212890625,-1,-1,1,-1,-1,-1
