1,1,509.3011474609375,786.173583984375,-1,-1,1,-1,-1,-1
2,1,529.9483642578125,789.745849609375,-1,-1,1,-1,-1,-1
3,1,550.799560546875,789.8228759765625,-1,-1,1,-1,-1,-1
3,2,894.375732421875,607.7268676757812,-1,-1,1,-1,-1,-1
4,1,571.6324462890625,790.9851684570312,-1,-1,1,-1,-1,-1
5,2,900.4056396484375,621.031494140625,-1,-1,1,-1,-1,-1
6,2,963.9608154296875,599.9442138671875,-1,-1,1,-1,-1,-1
7,2,985.32958984375,606.8132934570312,-1,-1,1,-1,-1,-1
8,2,1007.3297119140625,606.9832763671875,-1,-1,1,-1,-1,-1
8,3,1020.0430908203125,523.2830810546875,-1,-1,1,-1,-1,-1
9,2,1034.9300537109375,606.4680786132812,-1,-1,1,-1,-1,-1
9,3,1034.446533203125,522.943359375,-1,-1,1,-1,-1,-1
10,2,1055.97900390625,605.8683471679688,-1,-1,1,-1,-1,-1
10,3,1069.35888671875,529.2659912109375,-1,-1,1,-1,-1,-1
11,2,1077.4598388671875,605.4522094726562,-1,-1,1,-1,-1,-1
11,3,1090.640869140625,529.7657470703125,-1,-1,1,-1,-1,-1
12,2,1098.4034423828125,620.7185668945312,-1,-1,1,-1,-1,-1
12,3,1112.36767578125,530.365966796875,-1,-1,1,-1,-1,-1
13,3,1140.2933349609375,530.4591064453125,-1,-1,1,-1,-1,-1
14,3,1168.7431640625,535.2420043945312,-1,-1,1,-1,-1,-1
15,3,1197.6236572265625,535.24609375,-1,-1,1,-1,-1,-1
16,3,1232.275634765625,536.1282958984375,-1,-1,1,-1,-1,-1
17,3,1260.4765625,536.6218872070312,-1,-1,1,-1,-1,-1
18,3,1288.9835205078125,543.0222778320312,-1,-1,1,-1,-1,-1
19,3,1312.2313232421875,543.4288330078125,-1,-1,1,-1,-1,-1
20,2,1332.913818359375,656.3314208984375,-1,-1,1,-1,-1,-1
25,4,195.56137084960938,515.7684326171875,-1,-1,1,-1,-1,-1
26,4,216.29315185546875,514.9296875,-1,-1,1,-1,-1,-1
27,2,1510.29931640625,763.4793701171875,-1,-1,1,-1,-1,-1
27,4,229.98388671875,509.8534851074219,-1,-1,1,-1,-1,-1
28,2,1516.977294921875,770.1868286132812,-1,-1,1,-1,-1,-1
28,4,244.81976318359375,512.8755493164062,-1,-1,1,-1,-1,-1
29,4,259.1813659667969,509.212890625,-1,-1,1,-1,-1,-1
30,4,273.93450927734375,509.86480712890625,-1,-1,1,-1,-1,-1
31,4,289.1365966796875,509.9209289550781,-1,-1,1,-1,-1,-1
32,4,308.30755615234375,510.0860595703125,-1,-1,1,-1,-1,-1
33,4,317.7960205078125,513.7711181640625,-1,-1,1,-1,-1,-1
34,4,337.11029052734375,516.7932739257812,-1,-1,1,-1,-1,-1
35,4,352.1646728515625,520.8798217773438,-1,-1,1,-1,-1,-1
36,4,366.91693115234375,522.8519287109375,-1,-1,1,-1,-1,-1
37,4,381.8817138671875,524.2405395507812,-1,-1,1,-1,-1,-1
37,5,1573.76953125,805.4379272460938,-1,-1,1,-1,-1,-1
38,4,401.50537109375,527.0586547851562,-1,-1,1,-1,-1,-1
38,5,1588.40673828125,798.060546875,-1,-1,1,-1,-1,-1
39,4,415.88836669921875,527.9197998046875,-1,-1,1,-1,-1,-1
40,4,430.2757568359375,528.3109130859375,-1,-1,1,-1,-1,-1
40,5,1639.105712890625,811.6055908203125,-1,-1,1,-1,-1,-1
41,4,444.816650390625,529.1920166015625,-1,-1,1,-1,-1,-1
41,6,180.55882263183594,679.6226806640625,-1,-1,1,-1,-1,-1
42,4,459.57861328125,530.2303466796875,-1,-1,1,-1,-1,-1
42,6,189.10519409179688,683.708251953125,-1,-1,1,-1,-1,-1
42,7,181.81097412109375,792.0198974609375,-1,-1,1,-1,-1,-1
43,4,479.15484619140625,531.1397705078125,-1,-1,1,-1,-1,-1
43,6,203.3968963623047,684.44140625,-1,-1,1,-1,-1,-1
44,4,494.3316955566406,534.0153198242188,-1,-1,1,-1,-1,-1
45,4,509.3147888183594,535.7744140625,-1,-1,1,-1,-1,-1
45,6,237.5420379638672,686.0210571289062,-1,-1,1,-1,-1,-1
46,4,529.1756591796875,535.59326171875,-1,-1,1,-1,-1,-1
46,7,251.29525756835938,798.7537841796875,-1,-1,1,-1,-1,-1
47,4,544.5155029296875,537.6209106445312,-1,-1,1,-1,-1,-1
47,6,266.261474609375,691.3154296875,-1,-1,1,-1,-1,-1
48,4,564.83349609375,541.0327758789062,-1,-1,1,-1,-1,-1
48,6,281.749267578125,692.189697265625,-1,-1,1,-1,-1,-1
49,4,580.196044921875,542.870849609375,-1,-1,1,-1,-1,-1
49,6,301.847900390625,693.544921875,-1,-1,1,-1,-1,-1
49,7,301.5832214355469,805.4718627929688,-1,-1,1,-1,-1,-1
50,4,600.11083984375,544.6339111328125,-1,-1,1,-1,-1,-1
50,6,316.4559326171875,694.5390625,-1,-1,1,-1,-1,-1
51,4,615.1728515625,543.9005126953125,-1,-1,1,-1,-1,-1
51,6,331.25054931640625,697.592529296875,-1,-1,1,-1,-1,-1
51,7,330.965087890625,808.2901000976562,-1,-1,1,-1,-1,-1
52,4,635.417724609375,544.1322021484375,-1,-1,1,-1,-1,-1
52,6,351.277587890625,698.0999755859375,-1,-1,1,-1,-1,-1
52,7,352.08453369140625,811.05419921875,-1,-1,1,-1,-1,-1
53,4,650.72998046875,545.072998046875,-1,-1,1,-1,-1,-1
53,6,365.93218994140625,699.5379638671875,-1,-1,1,-1,-1,-1
53,7,372.69329833984375,811.7762451171875,-1,-1,1,-1,-1,-1
54,4,671.034423828125,544.9105834960938,-1,-1,1,-1,-1,-1
54,6,386.6326904296875,700.2974853515625,-1,-1,1,-1,-1,-1
54,7,387.7840270996094,811.8812866210938,-1,-1,1,-1,-1,-1
55,4,686.17529296875,545.2269287109375,-1,-1,1,-1,-1,-1
55,6,401.2371826171875,700.9803466796875,-1,-1,1,-1,-1,-1
55,7,408.26837158203125,814.1783447265625,-1,-1,1,-1,-1,-1
56,4,701.416015625,544.7947998046875,-1,-1,1,-1,-1,-1
56,6,416.12518310546875,700.7973022460938,-1,-1,1,-1,-1,-1
56,7,422.564453125,812.6168823242188,-1,-1,1,-1,-1,-1
57,4,721.111328125,543.7703857421875,-1,-1,1,-1,-1,-1
57,6,430.19970703125,700.4719848632812,-1,-1,1,-1,-1,-1
57,7,444.0147705078125,811.3804321289062,-1,-1,1,-1,-1,-1
58,4,735.8678588867188,542.416748046875,-1,-1,1,-1,-1,-1
58,6,444.6898193359375,701.058837890625,-1,-1,1,-1,-1,-1
59,4,750.1923828125,538.4371948242188,-1,-1,1,-1,-1,-1
59,6,458.3694763183594,698.268798828125,-1,-1,1,-1,-1,-1
60,4,764.4657592773438,538.3048095703125,-1,-1,1,-1,-1,-1
60,6,472.49151611328125,697.55224609375,-1,-1,1,-1,-1,-1
60,7,486.87841796875,808.87060546875,-1,-1,1,-1,-1,-1
61,4,778.5308837890625,534.9450073242188,-1,-1,1,-1,-1,-1
61,6,486.91650390625,694.6763305664062,-1,-1,1,-1,-1,-1
61,7,501.5111999511719,807.9161987304688,-1,-1,1,-1,-1,-1
62,4,793.198974609375,531.5789184570312,-1,-1,1,-1,-1,-1
62,6,501.05633544921875,694.2880249023438,-1,-1,1,-1,-1,-1
62,7,516.038818359375,806.8157958984375,-1,-1,1,-1,-1,-1
63,4,808.141845703125,530.6256713867188,-1,-1,1,-1,-1,-1
63,6,515.1824951171875,692.1318359375,-1,-1,1,-1,-1,-1
63,7,536.8726196289062,805.703369140625,-1,-1,1,-1,-1,-1
64,4,827.989013671875,528.2996215820312,-1,-1,1,-1,-1,-1
64,6,529.2010498046875,691.0474853515625,-1,-1,1,-1,-1,-1
64,7,557.335205078125,805.3368530273438,-1,-1,1,-1,-1,-1
65,4,842.3804931640625,527.1067504882812,-1,-1,1,-1,-1,-1
65,6,543.8973388671875,687.277587890625,-1,-1,1,-1,-1,-1
65,7,571.2127685546875,801.66259765625,-1,-1,1,-1,-1,-1
66,4,857.3405151367188,522.4226684570312,-1,-1,1,-1,-1,-1
66,6,558.0108032226562,686.307373046875,-1,-1,1,-1,-1,-1
66,7,585.9097900390625,799.923095703125,-1,-1,1,-1,-1,-1
67,4,876.921875,516.8776245117188,-1,-1,1,-1,-1,-1
67,6,572.07177734375,683.666259765625,-1,-1,1,-1,-1,-1
67,7,600.6474609375,796.7994384765625,-1,-1,1,-1,-1,-1
68,4,892.264404296875,515.628173828125,-1,-1,1,-1,-1,-1
68,6,593.0968017578125,679.5934448242188,-1,-1,1,-1,-1,-1
68,7,615.3062744140625,793.7830810546875,-1,-1,1,-1,-1,-1
69,4,907.0107421875,509.1197509765625,-1,-1,1,-1,-1,-1
69,6,607.678955078125,673.540771484375,-1,-1,1,-1,-1,-1
69,7,635.4466552734375,789.396240234375,-1,-1,1,-1,-1,-1
70,4,921.4756469726562,505.90826416015625,-1,-1,1,-1,-1,-1
70,6,621.6556396484375,671.1201171875,-1,-1,1,-1,-1,-1
70,7,650.921630859375,784.335693359375,-1,-1,1,-1,-1,-1
71,4,948.9102172851562,503.02978515625,-1,-1,1,-1,-1,-1
71,6,642.88916015625,669.215576171875,-1,-1,1,-1,-1,-1
71,7,672.0481567382812,781.872802734375,-1,-1,1,-1,-1,-1
72,4,963.6908569335938,502.354248046875,-1,-1,1,-1,-1,-1
72,6,657.5569458007812,668.9515991210938,-1,-1,1,-1,-1,-1
72,7,693.16162109375,782.2099609375,-1,-1,1,-1,-1,-1
73,4,984.1780395507812,502.3185729980469,-1,-1,1,-1,-1,-1
73,6,672.623779296875,666.160888671875,-1,-1,1,-1,-1,-1
73,7,713.9246826171875,779.8626098632812,-1,-1,1,-1,-1,-1
74,4,998.736083984375,500.0556945800781,-1,-1,1,-1,-1,-1
74,6,692.184326171875,664.96337890625,-1,-1,1,-1,-1,-1
74,7,728.1761474609375,778.2444458007812,-1,-1,1,-1,-1,-1
75,4,1013.55126953125,499.66229248046875,-1,-1,1,-1,-1,-1
75,6,707.026611328125,665.1326904296875,-1,-1,1,-1,-1,-1
75,7,742.7412109375,778.6917724609375,-1,-1,1,-1,-1,-1
76,4,1034.0716552734375,495.22955322265625,-1,-1,1,-1,-1,-1
76,6,721.2181396484375,663.5775146484375,-1,-1,1,-1,-1,-1
76,7,763.97900390625,775.77880859375,-1,-1,1,-1,-1,-1
77,4,1049.09130859375,495.57366943359375,-1,-1,1,-1,-1,-1
77,6,736.099609375,661.615478515625,-1,-1,1,-1,-1,-1
77,7,778.328369140625,775.416015625,-1,-1,1,-1,-1,-1
78,4,1069.791015625,491.944580078125,-1,-1,1,-1,-1,-1
78,6,756.6383056640625,658.4971313476562,-1,-1,1,-1,-1,-1
78,7,792.601806640625,772.4881591796875,-1,-1,1,-1,-1,-1
79,4,1084.623779296875,491.36322021484375,-1,-1,1,-1,-1,-1
79,6,771.1338500976562,657.48681640625,-1,-1,1,-1,-1,-1
79,7,813.798583984375,770.1100463867188,-1,-1,1,-1,-1,-1
80,4,1105.4114990234375,486.5843505859375,-1,-1,1,-1,-1,-1
80,6,792.05126953125,654.8475341796875,-1,-1,1,-1,-1,-1
80,7,834.8754272460938,768.822265625,-1,-1,1,-1,-1,-1
81,4,1126.3863525390625,481.39263916015625,-1,-1,1,-1,-1,-1
81,6,806.620361328125,651.3209228515625,-1,-1,1,-1,-1,-1
81,7,855.89013671875,765.7408447265625,-1,-1,1,-1,-1,-1
82,4,1141.2442626953125,478.4895324707031,-1,-1,1,-1,-1,-1
82,6,827.63623046875,649.1109619140625,-1,-1,1,-1,-1,-1
82,7,870.4658203125,763.2330322265625,-1,-1,1,-1,-1,-1
83,4,1162.219482421875,477.4456787109375,-1,-1,1,-1,-1,-1
83,6,842.4840087890625,644.5126953125,-1,-1,1,-1,-1,-1
83,7,884.9302978515625,761.3712158203125,-1,-1,1,-1,-1,-1
84,4,1183.40869140625,473.4697265625,-1,-1,1,-1,-1,-1
84,6,863.0701904296875,643.0443115234375,-1,-1,1,-1,-1,-1
84,7,913.0455932617188,757.6513671875,-1,-1,1,-1,-1,-1
85,4,1204.3343505859375,469.91094970703125,-1,-1,1,-1,-1,-1
85,6,877.988037109375,640.576904296875,-1,-1,1,-1,-1,-1
85,7,927.2188110351562,755.1749267578125,-1,-1,1,-1,-1,-1
86,4,1219.71630859375,466.222412109375,-1,-1,1,-1,-1,-1
86,6,898.740966796875,635.7186889648438,-1,-1,1,-1,-1,-1
86,7,948.3765869140625,754.1002197265625,-1,-1,1,-1,-1,-1
87,4,1240.212890625,462.8526611328125,-1,-1,1,-1,-1,-1
87,6,920.1676025390625,634.2401123046875,-1,-1,1,-1,-1,-1
87,7,969.954345703125,749.8214111328125,-1,-1,1,-1,-1,-1
88,4,1261.952392578125,459.827880859375,-1,-1,1,-1,-1,-1
88,6,941.3697509765625,633.700927734375,-1,-1,1,-1,-1,-1
88,7,991.291015625,749.049072265625,-1,-1,1,-1,-1,-1
89,4,1282.9869384765625,457.54571533203125,-1,-1,1,-1,-1,-1
89,6,962.5096435546875,630.1901245117188,-1,-1,1,-1,-1,-1
89,7,1012.5982666015625,747.7828369140625,-1,-1,1,-1,-1,-1
90,4,1311.181640625,455.666259765625,-1,-1,1,-1,-1,-1
90,6,983.5458984375,627.2247924804688,-1,-1,1,-1,-1,-1
90,7,1033.88134765625,746.6258544921875,-1,-1,1,-1,-1,-1
91,4,1332.816650390625,451.342529296875,-1,-1,1,-1,-1,-1
91,6,1005.010498046875,623.179931640625,-1,-1,1,-1,-1,-1
91,7,1061.7781982421875,741.9268798828125,-1,-1,1,-1,-1,-1
92,4,1354.329833984375,449.1688232421875,-1,-1,1,-1,-1,-1
92,6,1020.614990234375,622.638671875,-1,-1,1,-1,-1,-1
92,7,1083.6915283203125,740.4810791015625,-1,-1,1,-1,-1,-1
93,4,1382.3809814453125,445.3049011230469,-1,-1,1,-1,-1,-1
93,6,1041.8388671875,619.8090209960938,-1,-1,1,-1,-1,-1
93,7,1105.0916748046875,736.2828369140625,-1,-1,1,-1,-1,-1
94,4,1403.766357421875,443.2689514160156,-1,-1,1,-1,-1,-1
94,6,1063.1802978515625,615.74462890625,-1,-1,1,-1,-1,-1
94,7,1133.12109375,733.7666015625,-1,-1,1,-1,-1,-1
95,6,1084.4786376953125,615.9857177734375,-1,-1,1,-1,-1,-1
95,7,1148.010986328125,732.9725341796875,-1,-1,1,-1,-1,-1
96,4,1453.3427734375,438.44537353515625,-1,-1,1,-1,-1,-1
96,6,1111.9501953125,615.62744140625,-1,-1,1,-1,-1,-1
96,7,1175.957275390625,733.531982421875,-1,-1,1,-1,-1,-1
97,6,1133.348388671875,615.9012451171875,-1,-1,1,-1,-1,-1
97,7,1197.5548095703125,733.460693359375,-1,-1,1,-1,-1,-1
97,8,821.323974609375,755.0953369140625,-1,-1,1,-1,-1,-1
98,4,1503.11328125,435.87933349609375,-1,-1,1,-1,-1,-1
98,6,1154.875244140625,615.2704467773438,-1,-1,1,-1,-1,-1
98,7,1225.6552734375,732.8350219726562,-1,-1,1,-1,-1,-1
99,6,1176.64111328125,613.8126220703125,-1,-1,1,-1,-1,-1
99,7,1247.361572265625,732.5880126953125,-1,-1,1,-1,-1,-1
99,8,871.5560302734375,750.4515380859375,-1,-1,1,-1,-1,-1
100,4,1553.000732421875,434.02142333984375,-1,-1,1,-1,-1,-1
100,6,1204.3555908203125,614.2113037109375,-1,-1,1,-1,-1,-1
100,7,1275.23828125,728.3602294921875,-1,-1,1,-1,-1,-1
101,6,1225.7064208984375,613.9132080078125,-1,-1,1,-1,-1,-1
101,7,1297.196533203125,728.2997436523438,-1,-1,1,-1,-1,-1
101,8,926.6102294921875,750.6242065429688,-1,-1,1,-1,-1,-1
102,6,1247.6893310546875,612.455078125,-1,-1,1,-1,-1,-1
102,7,1325.431396484375,728.1636962890625,-1,-1,1,-1,-1,-1
102,8,948.3480224609375,749.8857421875,-1,-1,1,-1,-1,-1
103,6,1275.243896484375,614.56982421875,-1,-1,1,-1,-1,-1
103,7,1353.531982421875,728.7845458984375,-1,-1,1,-1,-1,-1
104,6,1297.0791015625,614.9297485351562,-1,-1,1,-1,-1,-1
104,7,1375.5712890625,729.4564208984375,-1,-1,1,-1,-1,-1
104,8,1005.328125,755.609375,-1,-1,1,-1,-1,-1
105,6,1325.0994873046875,615.3232421875,-1,-1,1,-1,-1,-1
105,7,1410.021240234375,732.89892578125,-1,-1,1,-1,-1,-1
106,6,1346.8765869140625,616.1995849609375,-1,-1,1,-1,-1,-1
106,7,1432.0413818359375,733.9031372070312,-1,-1,1,-1,-1,-1
106,8,1054.77490234375,756.4306640625,-1,-1,1,-1,-1,-1
107,6,1374.9061279296875,620.1669921875,-1,-1,1,-1,-1,-1
107,7,1460.343505859375,735.8470458984375,-1,-1,1,-1,-1,-1
108,6,1403.3563232421875,620.7369384765625,-1,-1,1,-1,-1,-1
108,7,1488.878173828125,740.0892944335938,-1,-1,1,-1,-1,-1
109,6,1425.0648193359375,621.8095703125,-1,-1,1,-1,-1,-1
109,7,1517.2987060546875,741.2348022460938,-1,-1,1,-1,-1,-1
110,6,1453.267578125,622.1007080078125,-1,-1,1,-1,-1,-1
110,8,1161.861083984375,762.04296875,-1,-1,1,-1,-1,-1
111,6,1481.610595703125,622.8590087890625,-1,-1,1,-1,-1,-1
112,6,1503.56201171875,626.3533935546875,-1,-1,1,-1,-1,-1
112,8,1205.206787109375,762.9694213867188,-1,-1,1,-1,-1,-1
113,6,1531.3641357421875,627.207763671875,-1,-1,1,-1,-1,-1
114,6,1559.640380859375,628.9752197265625,-1,-1,1,-1,-1,-1
115,6,1581.4921875,629.572021484375,-1,-1,1,-1,-1,-1
116,6,1609.6357421875,629.4044189453125,-1,-1,1,-1,-1,-1
117,6,1638.1229248046875,629.6309204101562,-1,-1,1,-1,-1,-1
118,6,1666.434814453125,629.882080078125,-1,-1,1,-1,-1,-1
119,6,1695.0751953125,630.0845947265625,-1,-1,1,-1,-1,-1
120,6,1723.444091796875,629.7000122070312,-1,-1,1,-1,-1,-1
139,9,1069.4700927734375,762.6919555664062,-1,-1,1,-1,-1,-1
140,10,1318.4459228515625,743.0516357421875,-1,-1,1,-1,-1,-1
143,9,1155.213623046875,762.6405029296875,-1,-1,1,-1,-1,-1
145,9,1198.03173828125,762.8179931640625,-1,-1,1,-1,-1,-1
146,9,1225.388427734375,762.739013671875,-1,-1,1,-1,-1,-1
148,9,1268.4931640625,761.801025390625,-1,-1,1,-1,-1,-1
150,9,1311.5926513671875,755.7514038085938,-1,-1,1,-1,-1,-1
151,9,1338.71044921875,749.37158203125,-1,-1,1,-1,-1,-1
152,9,1360.3564453125,750.419921875,-1,-1,1,-1,-1,-1
153,9,1382.594970703125,741.8297119140625,-1,-1,1,-1,-1,-1
154,11,352.4339904785156,485.25714111328125,-1,-1,1,-1,-1,-1
155,9,1425.409912109375,735.358642578125,-1,-1,1,-1,-1,-1
156,9,1453.296630859375,734.9501953125,-1,-1,1,-1,-1,-1
157,10,1758.979736328125,712.4578857421875,-1,-1,1,-1,-1,-1
157,11,386.8443298339844,472.293212890625,-1,-1,1,-1,-1,-1
158,9,1503.170654296875,728.623291015625,-1,-1,1,-1,-1,-1
159,9,1531.1671142578125,726.2091674804688,-1,-1,1,-1,-1,-1
161,11,437.00946044921875,464.4673156738281,-1,-1,1,-1,-1,-1
162,9,1616.06396484375,720.0445556640625,-1,-1,1,-1,-1,-1
163,11,464.5948791503906,458.31103515625,-1,-1,1,-1,-1,-1
164,11,473.3421936035156,457.16534423828125,-1,-1,1,-1,-1,-1
165,11,486.51666259765625,457.1470947265625,-1,-1,1,-1,-1,-1
166,11,501.30926513671875,456.7344055175781,-1,-1,1,-1,-1,-1
168,11,529.19287109375,456.3959655761719,-1,-1,1,-1,-1,-1
169,11,542.974609375,457.1472473144531,-1,-1,1,-1,-1,-1
172,11,579.0780029296875,457.44793701171875,-1,-1,1,-1,-1,-1
173,11,592.981201171875,456.60150146484375,-1,-1,1,-1,-1,-1
181,11,693.3575439453125,457.0899658203125,-1,-1,1,-1,-1,-1
193,12,799.6690673828125,591.9248046875,-1,-1,1,-1,-1,-1
194,12,813.4928588867188,586.0916748046875,-1,-1,1,-1,-1,-1
195,12,827.5321044921875,580.535400390625,-1,-1,1,-1,-1,-1
196,12,835.716796875,577.5144653320312,-1,-1,1,-1,-1,-1
197,12,849.9019165039062,572.2266845703125,-1,-1,1,-1,-1,-1
198,12,863.4862060546875,570.015625,-1,-1,1,-1,-1,-1
199,12,878.03955078125,569.7998046875,-1,-1,1,-1,-1,-1
200,12,892.3035888671875,566.9252319335938,-1,-1,1,-1,-1,-1
201,12,906.540771484375,565.77685546875,-1,-1,1,-1,-1,-1
202,12,920.8126220703125,564.2469482421875,-1,-1,1,-1,-1,-1
203,12,934.8305053710938,563.149658203125,-1,-1,1,-1,-1,-1
204,12,949.1141357421875,558.848876953125,-1,-1,1,-1,-1,-1
205,12,963.1719970703125,556.1575927734375,-1,-1,1,-1,-1,-1
206,12,977.2852172851562,555.7234497070312,-1,-1,1,-1,-1,-1
207,12,991.6701049804688,554.974609375,-1,-1,1,-1,-1,-1
208,12,1005.980712890625,552.3902587890625,-1,-1,1,-1,-1,-1
209,12,1020.1441650390625,552.3564453125,-1,-1,1,-1,-1,-1
210,12,1034.1263427734375,552.236328125,-1,-1,1,-1,-1,-1
211,12,1041.8748779296875,552.1083374023438,-1,-1,1,-1,-1,-1
212,12,1056.008056640625,555.0250244140625,-1,-1,1,-1,-1,-1
213,12,1077.0889892578125,555.9342041015625,-1,-1,1,-1,-1,-1
213,13,202.84469604492188,669.6549072265625,-1,-1,1,-1,-1,-1
214,12,1090.907958984375,556.4073486328125,-1,-1,1,-1,-1,-1
215,12,1098.5875244140625,558.43896484375,-1,-1,1,-1,-1,-1
216,12,1119.570556640625,562.6104736328125,-1,-1,1,-1,-1,-1
217,12,1133.8170166015625,562.6903076171875,-1,-1,1,-1,-1,-1
218,12,1147.91357421875,562.8717041015625,-1,-1,1,-1,-1,-1
219,12,1162.166259765625,564.3525390625,-1,-1,1,-1,-1,-1
220,12,1176.601318359375,565.44970703125,-1,-1,1,-1,-1,-1
221,12,1190.66748046875,566.3411865234375,-1,-1,1,-1,-1,-1
221,13,273.828857421875,678.8321533203125,-1,-1,1,-1,-1,-1
222,12,1205.095703125,570.34912109375,-1,-1,1,-1,-1,-1
222,13,281.183837890625,679.947998046875,-1,-1,1,-1,-1,-1
223,12,1226.073486328125,570.8636474609375,-1,-1,1,-1,-1,-1
223,13,288.22021484375,682.9728393554688,-1,-1,1,-1,-1,-1
224,12,1240.482177734375,572.2337036132812,-1,-1,1,-1,-1,-1
224,13,295.1177978515625,683.4239501953125,-1,-1,1,-1,-1,-1
225,12,1254.64306640625,573.749267578125,-1,-1,1,-1,-1,-1
225,13,302.40582275390625,684.527099609375,-1,-1,1,-1,-1,-1
226,12,1268.560546875,577.02099609375,-1,-1,1,-1,-1,-1
227,12,1282.771240234375,577.2373046875,-1,-1,1,-1,-1,-1
227,13,316.6468811035156,686.4893798828125,-1,-1,1,-1,-1,-1
228,12,1297.095947265625,576.9341430664062,-1,-1,1,-1,-1,-1
228,13,330.5916748046875,685.9892578125,-1,-1,1,-1,-1,-1
229,12,1318.5458984375,574.151611328125,-1,-1,1,-1,-1,-1
229,13,337.5188903808594,684.731201171875,-1,-1,1,-1,-1,-1
230,12,1332.60546875,574.0152587890625,-1,-1,1,-1,-1,-1
230,13,345.01385498046875,683.8026123046875,-1,-1,1,-1,-1,-1
231,12,1354.0712890625,573.5150146484375,-1,-1,1,-1,-1,-1
231,13,358.8338623046875,683.8770751953125,-1,-1,1,-1,-1,-1
232,12,1368.201904296875,574.0386962890625,-1,-1,1,-1,-1,-1
232,13,365.927978515625,684.36328125,-1,-1,1,-1,-1,-1
233,12,1382.2418212890625,578.141357421875,-1,-1,1,-1,-1,-1
233,13,373.475830078125,686.1427001953125,-1,-1,1,-1,-1,-1
234,12,1403.4990234375,583.8138427734375,-1,-1,1,-1,-1,-1
234,13,387.2471923828125,690.4961547851562,-1,-1,1,-1,-1,-1
235,12,1418.1259765625,588.385009765625,-1,-1,1,-1,-1,-1
235,13,394.61260986328125,692.4991455078125,-1,-1,1,-1,-1,-1
236,12,1438.7589111328125,592.8055419921875,-1,-1,1,-1,-1,-1
236,13,401.32830810546875,694.1347045898438,-1,-1,1,-1,-1,-1
237,12,1453.063232421875,598.2891845703125,-1,-1,1,-1,-1,-1
237,13,408.5483093261719,697.1585083007812,-1,-1,1,-1,-1,-1
238,12,1460.662109375,602.2852783203125,-1,-1,1,-1,-1,-1
238,13,408.5623474121094,698.20849609375,-1,-1,1,-1,-1,-1
239,12,1474.41455078125,608.33935546875,-1,-1,1,-1,-1,-1
239,13,408.73486328125,704.1373291015625,-1,-1,1,-1,-1,-1
240,12,1482.1256103515625,612.4552001953125,-1,-1,1,-1,-1,-1
240,13,408.4776611328125,705.2635498046875,-1,-1,1,-1,-1,-1
241,12,1495.92724609375,615.8699951171875,-1,-1,1,-1,-1,-1
241,13,408.41131591796875,708.044677734375,-1,-1,1,-1,-1,-1
242,12,1502.971435546875,620.0074462890625,-1,-1,1,-1,-1,-1
242,13,408.52783203125,712.552001953125,-1,-1,1,-1,-1,-1
243,12,1516.96630859375,622.3989868164062,-1,-1,1,-1,-1,-1
243,13,408.6383056640625,715.05126953125,-1,-1,1,-1,-1,-1
244,12,1524.2529296875,626.7982177734375,-1,-1,1,-1,-1,-1
244,13,401.6190490722656,716.60986328125,-1,-1,1,-1,-1,-1
245,12,1531.240966796875,627.318603515625,-1,-1,1,-1,-1,-1
245,13,401.41552734375,719.5730590820312,-1,-1,1,-1,-1,-1
246,12,1538.47314453125,627.31494140625,-1,-1,1,-1,-1,-1
246,13,401.317138671875,720.7559814453125,-1,-1,1,-1,-1,-1
247,12,1552.553955078125,629.470703125,-1,-1,1,-1,-1,-1
247,13,394.4316711425781,722.9688110351562,-1,-1,1,-1,-1,-1
248,12,1559.6904296875,629.182373046875,-1,-1,1,-1,-1,-1
248,13,394.53076171875,725.3776245117188,-1,-1,1,-1,-1,-1
248,14,827.5535888671875,755.22802734375,-1,-1,1,-1,-1,-1
249,12,1573.890869140625,629.07421875,-1,-1,1,-1,-1,-1
249,13,394.25555419921875,726.6304321289062,-1,-1,1,-1,-1,-1
249,14,834.1632690429688,756.481689453125,-1,-1,1,-1,-1,-1
250,12,1580.9063720703125,628.32763671875,-1,-1,1,-1,-1,-1
250,13,394.254638671875,726.9254150390625,-1,-1,1,-1,-1,-1
250,14,841.7384033203125,757.390380859375,-1,-1,1,-1,-1,-1
251,12,1595.3310546875,629.1517333984375,-1,-1,1,-1,-1,-1
251,13,401.07501220703125,729.4254150390625,-1,-1,1,-1,-1,-1
252,12,1602.787841796875,629.4944458007812,-1,-1,1,-1,-1,-1
252,13,401.43035888671875,732.7786865234375,-1,-1,1,-1,-1,-1
252,14,862.650634765625,762.145751953125,-1,-1,1,-1,-1,-1
253,12,1616.644287109375,629.5654296875,-1,-1,1,-1,-1,-1
253,13,401.37762451171875,733.4771118164062,-1,-1,1,-1,-1,-1
254,12,1630.858642578125,629.0433959960938,-1,-1,1,-1,-1,-1
254,13,401.3514404296875,733.3009033203125,-1,-1,1,-1,-1,-1
255,12,1637.8642578125,628.3980712890625,-1,-1,1,-1,-1,-1
255,13,408.55633544921875,733.5823974609375,-1,-1,1,-1,-1,-1
255,14,891.3472900390625,764.2018432617188,-1,-1,1,-1,-1,-1
256,12,1651.85693359375,627.17724609375,-1,-1,1,-1,-1,-1
256,13,408.65216064453125,733.376708984375,-1,-1,1,-1,-1,-1
256,14,899.2220458984375,764.0076904296875,-1,-1,1,-1,-1,-1
257,12,1659.218994140625,627.5540771484375,-1,-1,1,-1,-1,-1
257,13,415.5709533691406,733.567626953125,-1,-1,1,-1,-1,-1
257,14,913.111083984375,762.287841796875,-1,-1,1,-1,-1,-1
258,12,1673.35107421875,627.2744140625,-1,-1,1,-1,-1,-1
258,13,415.6690673828125,733.6231689453125,-1,-1,1,-1,-1,-1
258,14,920.485595703125,763.1396484375,-1,-1,1,-1,-1,-1
259,12,1687.5185546875,627.1822509765625,-1,-1,1,-1,-1,-1
259,13,422.6506042480469,734.119873046875,-1,-1,1,-1,-1,-1
260,12,1695.1744384765625,623.501708984375,-1,-1,1,-1,-1,-1
260,13,422.7605895996094,735.296142578125,-1,-1,1,-1,-1,-1
260,14,948.5743408203125,764.2120361328125,-1,-1,1,-1,-1,-1
261,12,1715.9993896484375,621.39990234375,-1,-1,1,-1,-1,-1
261,13,429.8583984375,735.9332275390625,-1,-1,1,-1,-1,-1
262,12,1730.26611328125,620.2034912109375,-1,-1,1,-1,-1,-1
262,13,444.05035400390625,736.5060424804688,-1,-1,1,-1,-1,-1
263,12,1744.597900390625,615.7908935546875,-1,-1,1,-1,-1,-1
263,13,451.1484069824219,736.5270385742188,-1,-1,1,-1,-1,-1
263,14,991.732421875,762.6739501953125,-1,-1,1,-1,-1,-1
264,12,1765.47509765625,614.31591796875,-1,-1,1,-1,-1,-1
264,13,458.54833984375,736.5396728515625,-1,-1,1,-1,-1,-1
265,12,1779.839599609375,612.67431640625,-1,-1,1,-1,-1,-1
265,13,472.4134521484375,736.21142578125,-1,-1,1,-1,-1,-1
266,12,1794.288818359375,609.2745361328125,-1,-1,1,-1,-1,-1
266,13,486.70904541015625,736.60400390625,-1,-1,1,-1,-1,-1
267,12,1815.218994140625,607.4501342773438,-1,-1,1,-1,-1,-1
267,13,500.96728515625,736.884033203125,-1,-1,1,-1,-1,-1
268,12,1836.3023681640625,606.962158203125,-1,-1,1,-1,-1,-1
268,13,515.1544799804688,736.6941528320312,-1,-1,1,-1,-1,-1
269,12,1850.910888671875,605.6672973632812,-1,-1,1,-1,-1,-1
269,13,529.385498046875,736.455322265625,-1,-1,1,-1,-1,-1
270,12,1872.591796875,605.0433349609375,-1,-1,1,-1,-1,-1
270,13,543.7008666992188,736.9600830078125,-1,-1,1,-1,-1,-1
271,13,557.8406982421875,736.700927734375,-1,-1,1,-1,-1,-1
272,13,572.1785888671875,735.9981689453125,-1,-1,1,-1,-1,-1
273,13,593.572998046875,733.27197265625,-1,-1,1,-1,-1,-1
273,14,1203.514404296875,756.3424072265625,-1,-1,1,-1,-1,-1
274,13,607.9232788085938,733.4829711914062,-1,-1,1,-1,-1,-1
274,14,1225.25439453125,757.1397705078125,-1,-1,1,-1,-1,-1
275,13,629.1111450195312,734.9456787109375,-1,-1,1,-1,-1,-1
275,14,1246.664306640625,757.27880859375,-1,-1,1,-1,-1,-1
276,13,643.2540283203125,735.218017578125,-1,-1,1,-1,-1,-1
276,14,1268.49267578125,757.67138671875,-1,-1,1,-1,-1,-1
277,13,664.6461181640625,736.48974609375,-1,-1,1,-1,-1,-1
277,14,1296.2740478515625,762.643798828125,-1,-1,1,-1,-1,-1
278,13,679.0802001953125,739.889892578125,-1,-1,1,-1,-1,-1
278,14,1317.450439453125,762.4775390625,-1,-1,1,-1,-1,-1
279,13,700.327880859375,740.1581420898438,-1,-1,1,-1,-1,-1
279,14,1339.750732421875,763.80224609375,-1,-1,1,-1,-1,-1
280,13,714.5555419921875,739.5653686523438,-1,-1,1,-1,-1,-1
280,14,1367.39794921875,763.334716796875,-1,-1,1,-1,-1,-1
281,13,735.709716796875,740.1094970703125,-1,-1,1,-1,-1,-1
282,13,757.0474243164062,740.1300048828125,-1,-1,1,-1,-1,-1
282,14,1417.4925537109375,764.1536865234375,-1,-1,1,-1,-1,-1
283,13,778.4013671875,741.5050048828125,-1,-1,1,-1,-1,-1
283,14,1445.383544921875,764.4613037109375,-1,-1,1,-1,-1,-1
284,13,799.72021484375,742.5897827148438,-1,-1,1,-1,-1,-1
284,14,1474.072265625,769.1714477539062,-1,-1,1,-1,-1,-1
285,13,813.7813110351562,743.499267578125,-1,-1,1,-1,-1,-1
285,14,1495.947509765625,770.9080200195312,-1,-1,1,-1,-1,-1
285,15,173.81094360351562,608.4534912109375,-1,-1,1,-1,-1,-1
286,13,835.387939453125,746.6326293945312,-1,-1,1,-1,-1,-1
286,15,188.0372314453125,609.777099609375,-1,-1,1,-1,-1,-1
287,13,849.6280517578125,746.8687744140625,-1,-1,1,-1,-1,-1
287,14,1551.8712158203125,771.7139282226562,-1,-1,1,-1,-1,-1
287,15,202.72042846679688,611.83203125,-1,-1,1,-1,-1,-1
288,13,870.93310546875,748.7120361328125,-1,-1,1,-1,-1,-1
288,14,1579.9443359375,776.6284790039062,-1,-1,1,-1,-1,-1
288,15,216.78952026367188,613.745361328125,-1,-1,1,-1,-1,-1
289,13,891.9776611328125,750.5821533203125,-1,-1,1,-1,-1,-1
289,14,1602.5919189453125,778.6171875,-1,-1,1,-1,-1,-1
289,15,225.34255981445312,615.2977294921875,-1,-1,1,-1,-1,-1
290,13,913.5098266601562,751.3883056640625,-1,-1,1,-1,-1,-1
290,15,239.12631225585938,616.369140625,-1,-1,1,-1,-1,-1
291,13,927.6505126953125,753.8751220703125,-1,-1,1,-1,-1,-1
291,15,252.76629638671875,619.0452880859375,-1,-1,1,-1,-1,-1
292,13,948.9599609375,754.587890625,-1,-1,1,-1,-1,-1
292,15,266.5679931640625,619.3652954101562,-1,-1,1,-1,-1,-1
293,13,963.245361328125,754.8709716796875,-1,-1,1,-1,-1,-1
293,15,274.541259765625,619.3580322265625,-1,-1,1,-1,-1,-1
294,13,984.321533203125,754.4183349609375,-1,-1,1,-1,-1,-1
294,15,287.98345947265625,619.1651611328125,-1,-1,1,-1,-1,-1
295,13,1005.8199462890625,755.1648559570312,-1,-1,1,-1,-1,-1
295,15,295.6751708984375,618.825439453125,-1,-1,1,-1,-1,-1
296,13,1019.8943481445312,755.0498657226562,-1,-1,1,-1,-1,-1
296,15,308.97967529296875,618.8614501953125,-1,-1,1,-1,-1,-1
297,13,1041.1607666015625,754.265869140625,-1,-1,1,-1,-1,-1
297,15,316.61944580078125,618.78271484375,-1,-1,1,-1,-1,-1
298,13,1062.3935546875,754.427001953125,-1,-1,1,-1,-1,-1
298,15,323.74908447265625,619.4833984375,-1,-1,1,-1,-1,-1
299,13,1069.593505859375,753.60595703125,-1,-1,1,-1,-1,-1
299,15,330.8957824707031,618.942138671875,-1,-1,1,-1,-1,-1
300,13,1090.827392578125,750.0440673828125,-1,-1,1,-1,-1,-1
300,15,337.95635986328125,619.078857421875,-1,-1,1,-1,-1,-1
301,13,1105.0185546875,750.6145629882812,-1,-1,1,-1,-1,-1
301,15,345.4209899902344,616.9214477539062,-1,-1,1,-1,-1,-1
302,13,1119.398681640625,748.668701171875,-1,-1,1,-1,-1,-1
302,15,352.708740234375,616.5023193359375,-1,-1,1,-1,-1,-1
303,13,1133.58203125,747.1998291015625,-1,-1,1,-1,-1,-1
303,15,360.08441162109375,616.7466430664062,-1,-1,1,-1,-1,-1
304,13,1154.9503173828125,747.0877685546875,-1,-1,1,-1,-1,-1
304,15,367.20611572265625,616.9386596679688,-1,-1,1,-1,-1,-1
305,13,1169.24951171875,747.0681762695312,-1,-1,1,-1,-1,-1
305,15,380.5775146484375,616.6046752929688,-1,-1,1,-1,-1,-1
306,13,1190.399658203125,747.426513671875,-1,-1,1,-1,-1,-1
306,15,387.7513427734375,616.978759765625,-1,-1,1,-1,-1,-1
307,13,1204.5675048828125,747.3794555664062,-1,-1,1,-1,-1,-1
307,15,394.8421630859375,619.1248168945312,-1,-1,1,-1,-1,-1
308,13,1218.8544921875,747.115234375,-1,-1,1,-1,-1,-1
308,15,408.545654296875,619.0338745117188,-1,-1,1,-1,-1,-1
309,13,1232.9375,747.4602661132812,-1,-1,1,-1,-1,-1
309,15,416.1172790527344,616.21044921875,-1,-1,1,-1,-1,-1
310,13,1254.271484375,747.229736328125,-1,-1,1,-1,-1,-1
310,15,424.0614929199219,615.8548583984375,-1,-1,1,-1,-1,-1
311,13,1275.6160888671875,746.9713745117188,-1,-1,1,-1,-1,-1
311,15,437.37713623046875,615.1859130859375,-1,-1,1,-1,-1,-1
312,13,1289.9027099609375,746.794921875,-1,-1,1,-1,-1,-1
312,15,445.0848083496094,613.89111328125,-1,-1,1,-1,-1,-1
313,13,1303.963134765625,747.5384521484375,-1,-1,1,-1,-1,-1
313,15,458.2371826171875,614.26513671875,-1,-1,1,-1,-1,-1
314,13,1325.167236328125,747.542724609375,-1,-1,1,-1,-1,-1
314,15,466.2523193359375,614.7279052734375,-1,-1,1,-1,-1,-1
315,13,1339.434814453125,748.019287109375,-1,-1,1,-1,-1,-1
315,15,480.075439453125,614.71240234375,-1,-1,1,-1,-1,-1
316,13,1360.610107421875,748.033447265625,-1,-1,1,-1,-1,-1
316,15,488.13671875,615.1444091796875,-1,-1,1,-1,-1,-1
317,13,1381.944091796875,748.3976440429688,-1,-1,1,-1,-1,-1
317,15,501.43780517578125,616.65625,-1,-1,1,-1,-1,-1
318,13,1395.999755859375,750.0159912109375,-1,-1,1,-1,-1,-1
318,15,515.384765625,616.7363891601562,-1,-1,1,-1,-1,-1
319,13,1410.4229736328125,750.3482666015625,-1,-1,1,-1,-1,-1
319,15,523.5236206054688,619.0051879882812,-1,-1,1,-1,-1,-1
320,13,1431.596923828125,754.1590576171875,-1,-1,1,-1,-1,-1
320,15,536.7997436523438,619.5997314453125,-1,-1,1,-1,-1,-1
321,13,1453.1353759765625,754.639404296875,-1,-1,1,-1,-1,-1
321,15,550.9613647460938,620.9404296875,-1,-1,1,-1,-1,-1
322,13,1467.1669921875,755.83544921875,-1,-1,1,-1,-1,-1
322,15,565.1527099609375,622.377685546875,-1,-1,1,-1,-1,-1
322,16,913.0313110351562,287.47308349609375,-1,-1,1,-1,-1,-1
323,13,1481.358642578125,757.0108642578125,-1,-1,1,-1,-1,-1
323,15,578.826904296875,623.4766845703125,-1,-1,1,-1,-1,-1
323,16,934.7396850585938,288.51953125,-1,-1,1,-1,-1,-1
324,13,1502.8824462890625,761.0690307617188,-1,-1,1,-1,-1,-1
324,15,587.1619873046875,627.081298828125,-1,-1,1,-1,-1,-1
324,16,962.3642578125,288.03887939453125,-1,-1,1,-1,-1,-1
325,13,1524.2568359375,761.315673828125,-1,-1,1,-1,-1,-1
325,15,601.046875,626.8355712890625,-1,-1,1,-1,-1,-1
325,16,991.35107421875,287.4663391113281,-1,-1,1,-1,-1,-1
326,13,1538.6175537109375,761.3779907226562,-1,-1,1,-1,-1,-1
326,15,615.0569458007812,626.1587524414062,-1,-1,1,-1,-1,-1
326,16,1013.02587890625,280.5768737792969,-1,-1,1,-1,-1,-1
327,13,1559.68017578125,761.5703125,-1,-1,1,-1,-1,-1
327,15,629.5528564453125,626.9034423828125,-1,-1,1,-1,-1,-1
327,16,1040.84765625,278.8929748535156,-1,-1,1,-1,-1,-1
328,15,643.885986328125,628.6312255859375,-1,-1,1,-1,-1,-1
328,16,1063.301513671875,279.1731872558594,-1,-1,1,-1,-1,-1
329,15,658.2096557617188,628.468505859375,-1,-1,1,-1,-1,-1
329,16,1090.697265625,280.00396728515625,-1,-1,1,-1,-1,-1
330,15,672.4215087890625,628.6034545898438,-1,-1,1,-1,-1,-1
330,16,1118.584716796875,278.86114501953125,-1,-1,1,-1,-1,-1
331,15,686.8019409179688,628.245849609375,-1,-1,1,-1,-1,-1
332,15,700.2561645507812,626.94189453125,-1,-1,1,-1,-1,-1
333,13,1666.271484375,763.614013671875,-1,-1,1,-1,-1,-1
333,15,715.1728515625,623.423828125,-1,-1,1,-1,-1,-1
333,16,1190.704345703125,266.7650451660156,-1,-1,1,-1,-1,-1
334,13,1687.6259765625,762.2373046875,-1,-1,1,-1,-1,-1
334,15,735.1370849609375,622.2029418945312,-1,-1,1,-1,-1,-1
335,13,1708.9151611328125,761.6624755859375,-1,-1,1,-1,-1,-1
335,15,749.4841918945312,619.6015625,-1,-1,1,-1,-1,-1
336,13,1723.2081298828125,757.697509765625,-1,-1,1,-1,-1,-1
336,15,764.28076171875,616.3908081054688,-1,-1,1,-1,-1,-1
337,13,1744.6513671875,757.841064453125,-1,-1,1,-1,-1,-1
337,15,784.7619018554688,615.1956787109375,-1,-1,1,-1,-1,-1
338,13,1765.35791015625,758.2615966796875,-1,-1,1,-1,-1,-1
338,15,799.752685546875,615.9362182617188,-1,-1,1,-1,-1,-1
338,16,1325.3125,214.94439697265625,-1,-1,1,-1,-1,-1
339,13,1787.196533203125,761.4859619140625,-1,-1,1,-1,-1,-1
339,15,814.5486450195312,615.4127197265625,-1,-1,1,-1,-1,-1
340,13,1808.171142578125,761.6976318359375,-1,-1,1,-1,-1,-1
340,15,835.09375,615.502197265625,-1,-1,1,-1,-1,-1
341,13,1829.310791015625,761.7911376953125,-1,-1,1,-1,-1,-1
341,15,855.9743041992188,615.1785888671875,-1,-1,1,-1,-1,-1
342,13,1844.851318359375,762.8360595703125,-1,-1,1,-1,-1,-1
342,15,870.5115966796875,613.8007202148438,-1,-1,1,-1,-1,-1
343,13,1865.764404296875,762.5015869140625,-1,-1,1,-1,-1,-1
343,15,885.203125,613.777099609375,-1,-1,1,-1,-1,-1
344,15,905.6945190429688,613.692626953125,-1,-1,1,-1,-1,-1
348,15,969.8897705078125,612.2147827148438,-1,-1,1,-1,-1,-1
349,15,991.4227905273438,608.6240234375,-1,-1,1,-1,-1,-1
350,15,1005.9395141601562,608.04345703125,-1,-1,1,-1,-1,-1
351,15,1027.00146484375,607.7154541015625,-1,-1,1,-1,-1,-1
352,15,1041.945068359375,605.6722412109375,-1,-1,1,-1,-1,-1
353,15,1063.005615234375,605.767333984375,-1,-1,1,-1,-1,-1
354,15,1084.581787109375,605.6668701171875,-1,-1,1,-1,-1,-1
355,15,1105.7459716796875,606.0029296875,-1,-1,1,-1,-1,-1
356,15,1127.0279541015625,606.6666259765625,-1,-1,1,-1,-1,-1
357,15,1148.47998046875,606.8080444335938,-1,-1,1,-1,-1,-1
358,15,1169.4171142578125,608.1871948242188,-1,-1,1,-1,-1,-1
359,15,1190.380126953125,612.180419921875,-1,-1,1,-1,-1,-1
360,15,1211.583251953125,612.4420166015625,-1,-1,1,-1,-1,-1
