14,1,288.068115234375,698.9620361328125,-1,-1,1,-1,-1,-1
15,1,324.3838195800781,741.577392578125,-1,-1,1,-1,-1,-1
16,1,372.06292724609375,748.127685546875,-1,-1,1,-1,-1,-1
17,1,409.51171875,755.7181396484375,-1,-1,1,-1,-1,-1
18,1,457.45751953125,754.932861328125,-1,-1,1,-1,-1,-1
19,1,506.7010498046875,756.3505859375,-1,-1,1,-1,-1,-1
20,1,549.0928955078125,764.5579833984375,-1,-1,1,-1,-1,-1
21,1,594.3175048828125,775.0238037109375,-1,-1,1,-1,-1,-1
22,1,642.778564453125,782.34423828125,-1,-1,1,-1,-1,-1
23,1,692.763916015625,776.254638671875,-1,-1,1,-1,-1,-1
24,1,734.6246337890625,791.1334838867188,-1,-1,1,-1,-1,-1
25,2,331.0562744140625,692.57763671875,-1,-1,1,-1,-1,-1
28,1,1029.2076416015625,861.9498291015625,-1,-1,1,-1,-1,-1
30,2,465.0135498046875,685.416259765625,-1,-1,1,-1,-1,-1
30,3,323.3663330078125,486.5604553222656,-1,-1,1,-1,-1,-1
31,2,494.778564453125,699.8829345703125,-1,-1,1,-1,-1,-1
31,3,366.160888671875,535.4844970703125,-1,-1,1,-1,-1,-1
32,3,393.7958984375,535.421630859375,-1,-1,1,-1,-1,-1
33,1,1325.9534912109375,918.72509765625,-1,-1,1,-1,-1,-1
33,3,442.8362121582031,536.7649536132812,-1,-1,1,-1,-1,-1
34,3,464.38397216796875,549.7701416015625,-1,-1,1,-1,-1,-1
35,3,486.9256286621094,550.4186401367188,-1,-1,1,-1,-1,-1
36,3,516.0330200195312,551.0028076171875,-1,-1,1,-1,-1,-1
37,3,551.5347900390625,549.6234130859375,-1,-1,1,-1,-1,-1
38,2,742.4081420898438,692.099853515625,-1,-1,1,-1,-1,-1
38,3,593.7218627929688,551.339599609375,-1,-1,1,-1,-1,-1
39,3,635.120849609375,556.0642700195312,-1,-1,1,-1,-1,-1
40,3,664.4974365234375,555.9199829101562,-1,-1,1,-1,-1,-1
41,3,699.707275390625,557.7311401367188,-1,-1,1,-1,-1,-1
42,3,721.8731689453125,564.3881225585938,-1,-1,1,-1,-1,-1
43,3,756.587646484375,572.146240234375,-1,-1,1,-1,-1,-1
44,3,777.2786865234375,571.1765747070312,-1,-1,1,-1,-1,-1
45,2,984.072509765625,700.0894165039062,-1,-1,1,-1,-1,-1
45,3,799.5194091796875,578.6473999023438,-1,-1,1,-1,-1,-1
46,2,1027.541015625,713.28076171875,-1,-1,1,-1,-1,-1
46,3,828.2921142578125,585.918701171875,-1,-1,1,-1,-1,-1
46,4,811.9588623046875,536.4515380859375,-1,-1,1,-1,-1,-1
47,3,856.6741943359375,592.7409057617188,-1,-1,1,-1,-1,-1
48,2,1098.041748046875,742.6622314453125,-1,-1,1,-1,-1,-1
48,3,898.4708251953125,607.2698364257812,-1,-1,1,-1,-1,-1
49,3,912.1378173828125,558.2784423828125,-1,-1,1,-1,-1,-1
49,4,927.2236938476562,599.87451171875,-1,-1,1,-1,-1,-1
50,2,1176.5867919921875,757.6871948242188,-1,-1,1,-1,-1,-1
50,3,940.6204833984375,565.3157348632812,-1,-1,1,-1,-1,-1
50,4,955.1993408203125,614.4063720703125,-1,-1,1,-1,-1,-1
51,2,1211.813720703125,764.5608520507812,-1,-1,1,-1,-1,-1
51,3,996.975341796875,629.13427734375,-1,-1,1,-1,-1,-1
52,3,1040.203857421875,643.3070068359375,-1,-1,1,-1,-1,-1
53,3,1083.150390625,656.6887817382812,-1,-1,1,-1,-1,-1
54,3,1153.6689453125,670.95556640625,-1,-1,1,-1,-1,-1
55,3,1203.615478515625,671.4485473632812,-1,-1,1,-1,-1,-1
56,2,1502.551025390625,813.615966796875,-1,-1,1,-1,-1,-1
56,3,1254.493896484375,677.7213134765625,-1,-1,1,-1,-1,-1
57,2,1566.617919921875,849.2949829101562,-1,-1,1,-1,-1,-1
57,3,1310.7763671875,684.7271728515625,-1,-1,1,-1,-1,-1
58,3,1361.090087890625,684.718017578125,-1,-1,1,-1,-1,-1
59,3,1417.016357421875,678.0086059570312,-1,-1,1,-1,-1,-1
60,3,1473.948974609375,657.0042724609375,-1,-1,1,-1,-1,-1
63,3,1680.8623046875,664.7117919921875,-1,-1,1,-1,-1,-1
64,3,1745.74365234375,678.52734375,-1,-1,1,-1,-1,-1
65,3,1785.7760009765625,685.7069091796875,-1,-1,1,-1,-1,-1
66,5,1218.185302734375,727.5367431640625,-1,-1,1,-1,-1,-1
67,5,1269.222412109375,734.4428100585938,-1,-1,1,-1,-1,-1
70,6,984.2525634765625,699.8204345703125,-1,-1,1,-1,-1,-1
71,6,1041.119140625,728.2138061523438,-1,-1,1,-1,-1,-1
74,7,942.4774780273438,811.6769409179688,-1,-1,1,-1,-1,-1
76,7,1077.1668701171875,805.0665893554688,-1,-1,1,-1,-1,-1
81,7,1382.0498046875,806.5051879882812,-1,-1,1,-1,-1,-1
100,8,39.711669921875,549.9312744140625,-1,-1,1,-1,-1,-1
101,8,54.28899383544922,577.9451904296875,-1,-1,1,-1,-1,-1
102,8,76.0551528930664,587.3465576171875,-1,-1,1,-1,-1,-1
103,8,110.64697265625,598.64208984375,-1,-1,1,-1,-1,-1
104,8,145.14801025390625,607.0684204101562,-1,-1,1,-1,-1,-1
104,9,1262.8876953125,813.382080078125,-1,-1,1,-1,-1,-1
105,8,161.12010192871094,620.1329345703125,-1,-1,1,-1,-1,-1
105,9,1318.5601806640625,827.5701904296875,-1,-1,1,-1,-1,-1
106,8,189.15687561035156,633.5711059570312,-1,-1,1,-1,-1,-1
107,8,202.61061096191406,647.7319946289062,-1,-1,1,-1,-1,-1
107,9,1405.246826171875,869.1058349609375,-1,-1,1,-1,-1,-1
108,8,216.23477172851562,656.773193359375,-1,-1,1,-1,-1,-1
108,9,1453.707275390625,833.7906494140625,-1,-1,1,-1,-1,-1
109,8,223.0858154296875,669.0125122070312,-1,-1,1,-1,-1,-1
109,9,1489.8408203125,834.4395751953125,-1,-1,1,-1,-1,-1
110,8,225.59881591796875,676.3714599609375,-1,-1,1,-1,-1,-1
110,9,1530.91552734375,904.1756591796875,-1,-1,1,-1,-1,-1
111,8,237.753173828125,684.6444702148438,-1,-1,1,-1,-1,-1
112,8,253.22958374023438,693.6173095703125,-1,-1,1,-1,-1,-1
112,9,1622.885986328125,919.6243896484375,-1,-1,1,-1,-1,-1
113,8,267.69512939453125,707.6309814453125,-1,-1,1,-1,-1,-1
114,8,281.9120178222656,720.836181640625,-1,-1,1,-1,-1,-1
114,10,493.25152587890625,659.197998046875,-1,-1,1,-1,-1,-1
115,8,303.813720703125,721.8919067382812,-1,-1,1,-1,-1,-1
116,8,323.200927734375,728.66552734375,-1,-1,1,-1,-1,-1
117,8,345.712158203125,728.8170776367188,-1,-1,1,-1,-1,-1
118,8,367.03179931640625,741.1590576171875,-1,-1,1,-1,-1,-1
119,8,395.00531005859375,742.6376953125,-1,-1,1,-1,-1,-1
120,8,416.5478515625,748.1220703125,-1,-1,1,-1,-1,-1
120,10,656.84814453125,676.8743286132812,-1,-1,1,-1,-1,-1
121,8,444.2685852050781,749.1103515625,-1,-1,1,-1,-1,-1
122,8,472.885986328125,749.4508056640625,-1,-1,1,-1,-1,-1
122,10,713.6651611328125,673.2783203125,-1,-1,1,-1,-1,-1
123,8,502.09918212890625,741.8068237304688,-1,-1,1,-1,-1,-1
124,8,536.0059814453125,741.7190551757812,-1,-1,1,-1,-1,-1
125,8,565.6565551757812,742.695068359375,-1,-1,1,-1,-1,-1
126,8,600.1693115234375,735.366943359375,-1,-1,1,-1,-1,-1
127,8,622.89453125,726.845703125,-1,-1,1,-1,-1,-1
128,8,658.4296264648438,705.6767578125,-1,-1,1,-1,-1,-1
129,8,692.9231567382812,698.06787109375,-1,-1,1,-1,-1,-1
130,8,727.7265625,686.2203369140625,-1,-1,1,-1,-1,-1
131,8,757.5802612304688,683.126953125,-1,-1,1,-1,-1,-1
132,8,786.609375,677.816162109375,-1,-1,1,-1,-1,-1
133,8,822.4915771484375,672.4082641601562,-1,-1,1,-1,-1,-1
134,8,856.3486328125,670.2731323242188,-1,-1,1,-1,-1,-1
135,8,891.6760864257812,665.1922607421875,-1,-1,1,-1,-1,-1
136,8,921.3253173828125,661.3736572265625,-1,-1,1,-1,-1,-1
137,8,955.83203125,657.306884765625,-1,-1,1,-1,-1,-1
138,8,991.499755859375,651.3756103515625,-1,-1,1,-1,-1,-1
139,8,1027.0966796875,648.6718139648438,-1,-1,1,-1,-1,-1
140,8,1061.2030029296875,643.98388671875,-1,-1,1,-1,-1,-1
141,8,1097.610595703125,641.1905517578125,-1,-1,1,-1,-1,-1
142,8,1134.509521484375,636.45947265625,-1,-1,1,-1,-1,-1
143,8,1170.433837890625,630.53857421875,-1,-1,1,-1,-1,-1
144,8,1211.227783203125,628.3585205078125,-1,-1,1,-1,-1,-1
145,8,1248.116455078125,623.0146484375,-1,-1,1,-1,-1,-1
146,8,1289.0338134765625,620.0601806640625,-1,-1,1,-1,-1,-1
147,8,1325.850830078125,614.962646484375,-1,-1,1,-1,-1,-1
148,8,1360.033447265625,613.3858642578125,-1,-1,1,-1,-1,-1
149,8,1401.786865234375,612.3033447265625,-1,-1,1,-1,-1,-1
150,8,1438.197265625,612.0687866210938,-1,-1,1,-1,-1,-1
151,8,1475.198974609375,613.911376953125,-1,-1,1,-1,-1,-1
152,8,1515.8692626953125,613.1851196289062,-1,-1,1,-1,-1,-1
153,8,1554.3681640625,612.6041259765625,-1,-1,1,-1,-1,-1
154,8,1596.1455078125,612.40234375,-1,-1,1,-1,-1,-1
155,8,1636.81396484375,612.9591674804688,-1,-1,1,-1,-1,-1
156,8,1678.83740234375,609.3983154296875,-1,-1,1,-1,-1,-1
157,8,1721.8076171875,608.1373901367188,-1,-1,1,-1,-1,-1
158,8,1764.356689453125,606.5169677734375,-1,-1,1,-1,-1,-1
159,8,1809.8763427734375,598.6990356445312,-1,-1,1,-1,-1,-1
160,8,1859.991943359375,593.36865234375,-1,-1,1,-1,-1,-1
161,11,672.6094970703125,706.7294311523438,-1,-1,1,-1,-1,-1
162,11,713.2559814453125,699.0616455078125,-1,-1,1,-1,-1,-1
166,11,841.9459838867188,692.055908203125,-1,-1,1,-1,-1,-1
170,11,969.3416748046875,679.0679931640625,-1,-1,1,-1,-1,-1
171,11,1033.0556640625,685.8316650390625,-1,-1,1,-1,-1,-1
172,12,39.129058837890625,586.7805786132812,-1,-1,1,-1,-1,-1
173,12,81.46546936035156,579.5526123046875,-1,-1,1,-1,-1,-1
174,12,119.07246398925781,580.8675537109375,-1,-1,1,-1,-1,-1
175,12,158.51742553710938,580.9926147460938,-1,-1,1,-1,-1,-1
176,12,193.6700439453125,579.859619140625,-1,-1,1,-1,-1,-1
177,12,224.59893798828125,580.1734619140625,-1,-1,1,-1,-1,-1
178,12,254.024169921875,580.4530029296875,-1,-1,1,-1,-1,-1
179,12,286.2485656738281,584.8114013671875,-1,-1,1,-1,-1,-1
183,12,357.5626525878906,592.6710205078125,-1,-1,1,-1,-1,-1
184,12,381.5118408203125,599.0810546875,-1,-1,1,-1,-1,-1
185,12,386.6597900390625,585.4500122070312,-1,-1,1,-1,-1,-1
188,13,586.82275390625,613.3295288085938,-1,-1,1,-1,-1,-1
189,12,514.3019409179688,607.02392578125,-1,-1,1,-1,-1,-1
190,12,528.6024169921875,621.3301391601562,-1,-1,1,-1,-1,-1
191,12,544.94970703125,622.6808471679688,-1,-1,1,-1,-1,-1
192,12,565.161376953125,626.8819580078125,-1,-1,1,-1,-1,-1
193,12,585.955810546875,622.4171752929688,-1,-1,1,-1,-1,-1
194,12,609.2899169921875,627.3524780273438,-1,-1,1,-1,-1,-1
195,12,636.9854125976562,627.7966918945312,-1,-1,1,-1,-1,-1
196,12,671.1668090820312,627.901123046875,-1,-1,1,-1,-1,-1
196,13,756.5753173828125,606.9778442382812,-1,-1,1,-1,-1,-1
197,12,699.245849609375,629.36865234375,-1,-1,1,-1,-1,-1
197,13,784.5119018554688,621.3136596679688,-1,-1,1,-1,-1,-1
198,12,722.4949951171875,635.1945190429688,-1,-1,1,-1,-1,-1
199,12,749.070068359375,641.8966674804688,-1,-1,1,-1,-1,-1
200,12,771.845458984375,644.335693359375,-1,-1,1,-1,-1,-1
200,13,862.6129150390625,648.506591796875,-1,-1,1,-1,-1,-1
201,12,794.3472290039062,644.38525390625,-1,-1,1,-1,-1,-1
202,12,815.2945556640625,649.1658935546875,-1,-1,1,-1,-1,-1
203,12,841.8941650390625,650.14208984375,-1,-1,1,-1,-1,-1
204,12,872.4163818359375,650.4912719726562,-1,-1,1,-1,-1,-1
205,12,906.4044189453125,651.5115966796875,-1,-1,1,-1,-1,-1
206,12,941.4453125,655.3275146484375,-1,-1,1,-1,-1,-1
207,12,976.567626953125,649.2398681640625,-1,-1,1,-1,-1,-1
208,12,1007.406494140625,649.4646606445312,-1,-1,1,-1,-1,-1
209,12,1041.8236083984375,648.080078125,-1,-1,1,-1,-1,-1
209,14,1303.7042236328125,594.0980224609375,-1,-1,1,-1,-1,-1
210,12,1077.2099609375,648.777587890625,-1,-1,1,-1,-1,-1
210,14,1338.168212890625,593.54736328125,-1,-1,1,-1,-1,-1
211,12,1118.46484375,649.8795166015625,-1,-1,1,-1,-1,-1
211,14,1366.77685546875,593.208251953125,-1,-1,1,-1,-1,-1
212,12,1154.96337890625,650.7596435546875,-1,-1,1,-1,-1,-1
213,12,1189.9853515625,651.8375244140625,-1,-1,1,-1,-1,-1
214,12,1220.69580078125,651.263427734375,-1,-1,1,-1,-1,-1
215,12,1253.994384765625,656.358642578125,-1,-1,1,-1,-1,-1
216,12,1282.864013671875,657.4033203125,-1,-1,1,-1,-1,-1
217,12,1317.371337890625,657.314453125,-1,-1,1,-1,-1,-1
218,12,1347.1435546875,657.9100341796875,-1,-1,1,-1,-1,-1
219,12,1382.48046875,657.5667724609375,-1,-1,1,-1,-1,-1
220,12,1417.304931640625,657.5179443359375,-1,-1,1,-1,-1,-1
221,12,1452.2843017578125,657.904541015625,-1,-1,1,-1,-1,-1
222,12,1482.880126953125,658.230224609375,-1,-1,1,-1,-1,-1
223,12,1511.215576171875,662.3426513671875,-1,-1,1,-1,-1,-1
224,12,1539.342041015625,662.474609375,-1,-1,1,-1,-1,-1
225,12,1568.1805419921875,662.251708984375,-1,-1,1,-1,-1,-1
226,12,1603.6337890625,658.5294189453125,-1,-1,1,-1,-1,-1
227,12,1637.400146484375,657.6622924804688,-1,-1,1,-1,-1,-1
228,12,1666.558349609375,657.3023681640625,-1,-1,1,-1,-1,-1
229,12,1701.16455078125,650.9454956054688,-1,-1,1,-1,-1,-1
230,12,1730.77880859375,651.5667114257812,-1,-1,1,-1,-1,-1
231,12,1765.7369384765625,650.9924926757812,-1,-1,1,-1,-1,-1
232,12,1795.21533203125,650.853759765625,-1,-1,1,-1,-1,-1
233,12,1829.56640625,648.9153442382812,-1,-1,1,-1,-1,-1
234,12,1858.8865966796875,647.436767578125,-1,-1,1,-1,-1,-1
274,15,642.7886962890625,743.406494140625,-1,-1,1,-1,-1,-1
275,15,672.3079833984375,749.369384765625,-1,-1,1,-1,-1,-1
278,15,764.3270263671875,756.04150390625,-1,-1,1,-1,-1,-1
279,15,793.0499877929688,756.04833984375,-1,-1,1,-1,-1,-1
288,16,571.8990478515625,735.9015502929688,-1,-1,1,-1,-1,-1
292,16,686.121826171875,742.46728515625,-1,-1,1,-1,-1,-1
293,16,707.5215454101562,743.3450927734375,-1,-1,1,-1,-1,-1
295,16,764.74853515625,749.161865234375,-1,-1,1,-1,-1,-1
296,16,791.9100341796875,756.509033203125,-1,-1,1,-1,-1,-1
297,16,814.1051635742188,756.7025146484375,-1,-1,1,-1,-1,-1
299,16,871.7813720703125,750.3231811523438,-1,-1,1,-1,-1,-1
300,16,900.2411499023438,763.5029296875,-1,-1,1,-1,-1,-1
302,16,969.8853759765625,763.5469970703125,-1,-1,1,-1,-1,-1
303,16,1005.6747436523438,770.8728637695312,-1,-1,1,-1,-1,-1
307,16,1162.6888427734375,770.112060546875,-1,-1,1,-1,-1,-1
308,16,1204.785400390625,770.0844116210938,-1,-1,1,-1,-1,-1
309,16,1247.984130859375,755.9110107421875,-1,-1,1,-1,-1,-1
311,16,1354.9422607421875,749.2928466796875,-1,-1,1,-1,-1,-1
318,17,1324.78173828125,719.6561279296875,-1,-1,1,-1,-1,-1
320,17,1409.144775390625,721.6181030273438,-1,-1,1,-1,-1,-1
322,17,1495.499755859375,725.7081298828125,-1,-1,1,-1,-1,-1
323,17,1545.332275390625,722.109619140625,-1,-1,1,-1,-1,-1
324,17,1594.390625,720.751953125,-1,-1,1,-1,-1,-1
325,17,1643.498779296875,721.725341796875,-1,-1,1,-1,-1,-1
