13,1,864.0579833984375,757.66845703125,-1,-1,1,-1,-1,-1
15,1,771.70361328125,750.4130859375,-1,-1,1,-1,-1,-1
63,2,622.180419921875,671.135498046875,-1,-1,1,-1,-1,-1
66,2,565.362060546875,685.07763671875,-1,-1,1,-1,-1,-1
67,3,1012.7635498046875,506.61334228515625,-1,-1,1,-1,-1,-1
68,3,998.9752197265625,510.3183898925781,-1,-1,1,-1,-1,-1
69,3,984.7545166015625,516.0447387695312,-1,-1,1,-1,-1,-1
70,3,970.8701782226562,520.9005737304688,-1,-1,1,-1,-1,-1
72,3,955.47802734375,530.3692626953125,-1,-1,1,-1,-1,-1
73,3,942.063232421875,536.8587646484375,-1,-1,1,-1,-1,-1
77,3,913.3291015625,552.3175048828125,-1,-1,1,-1,-1,-1
79,3,898.8387451171875,558.920166015625,-1,-1,1,-1,-1,-1
81,3,878.03564453125,563.04248046875,-1,-1,1,-1,-1,-1
82,3,870.9739990234375,567.0980224609375,-1,-1,1,-1,-1,-1
83,3,864.0643920898438,570.21337890625,-1,-1,1,-1,-1,-1
84,3,856.8922119140625,572.4051513671875,-1,-1,1,-1,-1,-1
85,3,849.8815307617188,574.551025390625,-1,-1,1,-1,-1,-1
86,3,842.3494873046875,574.74658203125,-1,-1,1,-1,-1,-1
87,3,835.685546875,577.34716796875,-1,-1,1,-1,-1,-1
89,3,814.33984375,574.7376708984375,-1,-1,1,-1,-1,-1
90,3,807.1619873046875,572.2537231445312,-1,-1,1,-1,-1,-1
91,3,800.117431640625,567.4619140625,-1,-1,1,-1,-1,-1
92,3,800.1309814453125,567.5953979492188,-1,-1,1,-1,-1,-1
93,3,800.1870727539062,567.3472900390625,-1,-1,1,-1,-1,-1
94,3,800.2254638671875,567.7977294921875,-1,-1,1,-1,-1,-1
95,3,800.1112060546875,570.330322265625,-1,-1,1,-1,-1,-1
96,3,793.2957763671875,571.7274169921875,-1,-1,1,-1,-1,-1
97,3,793.0947265625,574.0523071289062,-1,-1,1,-1,-1,-1
98,3,793.062255859375,574.9940185546875,-1,-1,1,-1,-1,-1
99,3,793.063720703125,577.3377685546875,-1,-1,1,-1,-1,-1
100,3,785.7845458984375,577.4052734375,-1,-1,1,-1,-1,-1
101,3,785.6407470703125,577.1636352539062,-1,-1,1,-1,-1,-1
103,3,785.6939697265625,574.1384887695312,-1,-1,1,-1,-1,-1
103,4,1246.549072265625,473.9763488769531,-1,-1,1,-1,-1,-1
104,3,778.626708984375,573.70849609375,-1,-1,1,-1,-1,-1
104,4,1247.0079345703125,486.0294189453125,-1,-1,1,-1,-1,-1
105,3,778.506103515625,572.9241943359375,-1,-1,1,-1,-1,-1
106,3,778.5347900390625,573.0289306640625,-1,-1,1,-1,-1,-1
107,4,1262.79052734375,493.03900146484375,-1,-1,1,-1,-1,-1
110,3,778.4195556640625,572.5108642578125,-1,-1,1,-1,-1,-1
115,3,764.237548828125,557.0650634765625,-1,-1,1,-1,-1,-1
130,3,728.3887329101562,570.3936767578125,-1,-1,1,-1,-1,-1
133,3,707.1451416015625,571.78466796875,-1,-1,1,-1,-1,-1
145,5,1502.7606201171875,318.02545166015625,-1,-1,1,-1,-1,-1
146,5,1481.745849609375,314.01922607421875,-1,-1,1,-1,-1,-1
148,5,1446.353271484375,304.095458984375,-1,-1,1,-1,-1,-1
150,5,1410.75830078125,300.0813293457031,-1,-1,1,-1,-1,-1
155,5,1311.1806640625,285.79364013671875,-1,-1,1,-1,-1,-1
157,5,1269.4891357421875,280.887939453125,-1,-1,1,-1,-1,-1
158,5,1254.367431640625,278.4311218261719,-1,-1,1,-1,-1,-1
160,5,1212.7227783203125,271.1007080078125,-1,-1,1,-1,-1,-1
161,5,1197.32275390625,267.9339599609375,-1,-1,1,-1,-1,-1
164,5,1140.963134765625,257.9530334472656,-1,-1,1,-1,-1,-1
165,5,1126.69091796875,254.842041015625,-1,-1,1,-1,-1,-1
165,6,1084.3455810546875,296.005126953125,-1,-1,1,-1,-1,-1
166,5,1112.48974609375,254.2258758544922,-1,-1,1,-1,-1,-1
168,5,1076.423828125,252.27154541015625,-1,-1,1,-1,-1,-1
169,5,1055.5987548828125,253.03958129882812,-1,-1,1,-1,-1,-1
170,5,1041.3465576171875,252.33282470703125,-1,-1,1,-1,-1,-1
170,6,999.6611938476562,289.619873046875,-1,-1,1,-1,-1,-1
171,5,1027.1004638671875,252.7661590576172,-1,-1,1,-1,-1,-1
173,5,998.694580078125,254.1109161376953,-1,-1,1,-1,-1,-1
176,5,962.819580078125,252.30665588378906,-1,-1,1,-1,-1,-1
188,7,1354.4256591796875,691.8572998046875,-1,-1,1,-1,-1,-1
194,5,735.9906005859375,190.17037963867188,-1,-1,1,-1,-1,-1
195,5,715.0322265625,189.01223754882812,-1,-1,1,-1,-1,-1
195,7,1191.693359375,672.43798828125,-1,-1,1,-1,-1,-1
196,5,693.5009765625,186.00180053710938,-1,-1,1,-1,-1,-1
197,5,672.5840454101562,182.2764129638672,-1,-1,1,-1,-1,-1
198,5,636.8125,209.3733367919922,-1,-1,1,-1,-1,-1
220,8,160.00247192382812,153.94680786132812,-1,-1,1,-1,-1,-1
221,8,125.47830200195312,157.70376586914062,-1,-1,1,-1,-1,-1
240,9,1282.8131103515625,904.13720703125,-1,-1,1,-1,-1,-1
265,10,956.3670654296875,847.55126953125,-1,-1,1,-1,-1,-1
273,11,394.48406982421875,992.4859619140625,-1,-1,1,-1,-1,-1
274,11,416.2979431152344,983.435546875,-1,-1,1,-1,-1,-1
284,12,530.2949829101562,800.409423828125,-1,-1,1,-1,-1,-1
292,13,1176.3525390625,420.74566650390625,-1,-1,1,-1,-1,-1
298,14,1177.416015625,997.5921630859375,-1,-1,1,-1,-1,-1
334,15,565.7705078125,402.1982421875,-1,-1,1,-1,-1,-1
