1,1,509.8011474609375,786.673583984375,-1,-1,1,-1,-1,-1
2,1,530.4483642578125,790.245849609375,-1,-1,1,-1,-1,-1
3,1,551.299560546875,790.3228759765625,-1,-1,1,-1,-1,-1
3,2,894.875732421875,608.2268676757812,-1,-1,1,-1,-1,-1
4,1,572.1324462890625,791.4851684570312,-1,-1,1,-1,-1,-1
5,2,900.9056396484375,621.531494140625,-1,-1,1,-1,-1,-1
6,2,964.4608154296875,600.4442138671875,-1,-1,1,-1,-1,-1
7,2,985.82958984375,607.3132934570312,-1,-1,1,-1,-1,-1
8,2,1007.8297119140625,607.4832763671875,-1,-1,1,-1,-1,-1
8,3,1020.5430908203125,523.7830810546875,-1,-1,1,-1,-1,-1
9,2,1035.4300537109375,606.9680786132812,-1,-1,1,-1,-1,-1
9,3,1034.946533203125,523.443359375,-1,-1,1,-1,-1,-1
10,2,1056.47900390625,606.3683471679688,-1,-1,1,-1,-1,-1
10,3,1069.85888671875,529.7659912109375,-1,-1,1,-1,-1,-1
11,2,1077.9598388671875,605.9522094726562,-1,-1,1,-1,-1,-1
11,3,1091.140869140625,530.2657470703125,-1,-1,1,-1,-1,-1
12,2,1098.9034423828125,621.2185668945312,-1,-1,1,-1,-1,-1
12,3,1112.86767578125,530.865966796875,-1,-1,1,-1,-1,-1
13,3,1140.7933349609375,530.9591064453125,-1,-1,1,-1,-1,-1
14,3,1169.2431640625,535.7420043945312,-1,-1,1,-1,-1,-1
15,3,1198.1236572265625,535.74609375,-1,-1,1,-1,-1,-1
16,3,1232.775634765625,536.6282958984375,-1,-1,1,-1,-1,-1
17,3,1260.9765625,537.1218872070312,-1,-1,1,-1,-1,-1
18,3,1289.4835205078125,543.5222778320312,-1,-1,1,-1,-1,-1
19,3,1312.7313232421875,543.9288330078125,-1,-1,1,-1,-1,-1
20,2,1333.413818359375,656.8314208984375,-1,-1,1,-1,-1,-1
25,4,196.06137084960938,516.2684326171875,-1,-1,1,-1,-1,-1
26,4,216.79315185546875,515.4296875,-1,-1,1,-1,-1,-1
27,2,1510.79931640625,763.9793701171875,-1,-1,1,-1,-1,-1
27,4,230.48388671875,510.3534851074219,-1,-1,1,-1,-1,-1
28,2,1517.477294921875,770.6868286132812,-1,-1,1,-1,-1,-1
28,4,245.31976318359375,513.3755493164062,-1,-1,1,-1,-1,-1
29,4,259.6813659667969,509.712890625,-1,-1,1,-1,-1,-1
30,4,274.43450927734375,510.36480712890625,-1,-1,1,-1,-1,-1
31,4,289.6365966796875,510.4209289550781,-1,-1,1,-1,-1,-1
32,4,308.80755615234375,510.5860595703125,-1,-1,1,-1,-1,-1
33,4,318.2960205078125,514.2711181640625,-1,-1,1,-1,-1,-1
34,4,337.61029052734375,517.2932739257812,-1,-1,1,-1,-1,-1
35,4,352.6646728515625,521.3798217773438,-1,-1,1,-1,-1,-1
36,4,367.41693115234375,523.3519287109375,-1,-1,1,-1,-1,-1
37,4,382.3817138671875,524.7405395507812,-1,-1,1,-1,-1,-1
37,5,1574.26953125,805.9379272460938,-1,-1,1,-1,-1,-1
38,4,402.00537109375,527.5586547851562,-1,-1,1,-1,-1,-1
38,5,1588.90673828125,798.560546875,-1,-1,1,-1,-1,-1
39,4,416.38836669921875,528.4197998046875,-1,-1,1,-1,-1,-1
40,4,430.7757568359375,528.8109130859375,-1,-1,1,-1,-1,-1
40,5,1639.605712890625,812.1055908203125,-1,-1,1,-1,-1,-1
41,4,445.316650390625,529.6920166015625,-1,-1,1,-1,-1,-1
41,6,181.05882263183594,680.1226806640625,-1,-1,1,-1,-1,-1
42,4,460.07861328125,530.7303466796875,-1,-1,1,-1,-1,-1
42,6,189.60519409179688,684.208251953125,-1,-1,1,-1,-1,-1
42,7,182.31097412109375,792.5198974609375,-1,-1,1,-1,-1,-1
43,4,479.65484619140625,531.6397705078125,-1,-1,1,-1,-1,-1
43,6,203.8968963623047,684.94140625,-1,-1,1,-1,-1,-1
44,4,494.8316955566406,534.5153198242188,-1,-1,1,-1,-1,-1
45,4,509.8147888183594,536.2744140625,-1,-1,1,-1,-1,-1
45,6,238.0420379638672,686.5210571289062,-1,-1,1,-1,-1,-1
46,4,529.6756591796875,536.09326171875,-1,-1,1,-1,-1,-1
46,7,251.79525756835938,799.2537841796875,-1,-1,1,-1,-1,-1
47,4,545.0155029296875,538.1209106445312,-1,-1,1,-1,-1,-1
47,6,266.761474609375,691.8154296875,-1,-1,1,-1,-1,-1
48,4,565.33349609375,541.5327758789062,-1,-1,1,-1,-1,-1
48,6,282.249267578125,692.689697265625,-1,-1,1,-1,-1,-1
49,4,580.696044921875,543.370849609375,-1,-1,1,-1,-1,-1
49,6,302.347900390625,694.044921875,-1,-1,1,-1,-1,-1
49,7,302.0832214355469,805.9718627929688,-1,-1,1,-1,-1,-1
50,4,600.61083984375,545.1339111328125,-1,-1,1,-1,-1,-1
50,6,316.9559326171875,695.0390625,-1,-1,1,-1,-1,-1
51,4,615.6728515625,544.4005126953125,-1,-1,1,-1,-1,-1
51,6,331.75054931640625,698.092529296875,-1,-1,1,-1,-1,-1
51,7,331.465087890625,808.7901000976562,-1,-1,1,-1,-1,-1
52,4,635.917724609375,544.6322021484375,-1,-1,1,-1,-1,-1
52,6,351.777587890625,698.5999755859375,-1,-1,1,-1,-1,-1
52,7,352.58453369140625,811.55419921875,-1,-1,1,-1,-1,-1
53,4,651.22998046875,545.572998046875,-1,-1,1,-1,-1,-1
53,6,366.43218994140625,700.0379638671875,-1,-1,1,-1,-1,-1
53,7,373.19329833984375,812.2762451171875,-1,-1,1,-1,-1,-1
54,4,671.534423828125,545.4105834960938,-1,-1,1,-1,-1,-1
54,6,387.1326904296875,700.7974853515625,-1,-1,1,-1,-1,-1
54,7,388.2840270996094,812.3812866210938,-1,-1,1,-1,-1,-1
55,4,686.67529296875,545.7269287109375,-1,-1,1,-1,-1,-1
55,6,401.7371826171875,701.4803466796875,-1,-1,1,-1,-1,-1
55,7,408.76837158203125,814.6783447265625,-1,-1,1,-1,-1,-1
56,4,701.916015625,545.2947998046875,-1,-1,1,-1,-1,-1
56,6,416.62518310546875,701.2973022460938,-1,-1,1,-1,-1,-1
56,7,423.064453125,813.1168823242188,-1,-1,1,-1,-1,-1
57,4,721.611328125,544.2703857421875,-1,-1,1,-1,-1,-1
57,6,430.69970703125,700.9719848632812,-1,-1,1,-1,-1,-1
57,7,444.5147705078125,811.8804321289062,-1,-1,1,-1,-1,-1
58,4,736.3678588867188,542.916748046875,-1,-1,1,-1,-1,-1
58,6,445.1898193359375,701.558837890625,-1,-1,1,-1,-1,-1
59,4,750.6923828125,538.9371948242188,-1,-1,1,-1,-1,-1
59,6,458.8694763183594,698.768798828125,-1,-1,1,-1,-1,-1
60,4,764.9657592773438,538.8048095703125,-1,-1,1,-1,-1,-1
60,6,472.99151611328125,698.05224609375,-1,-1,1,-1,-1,-1
60,7,487.37841796875,809.37060546875,-1,-1,1,-1,-1,-1
61,4,779.0308837890625,535.4450073242188,-1,-1,1,-1,-1,-1
61,6,487.41650390625,695.1763305664062,-1,-1,1,-1,-1,-1
61,7,502.0111999511719,808.4161987304688,-1,-1,1,-1,-1,-1
62,4,793.698974609375,532.0789184570312,-1,-1,1,-1,-1,-1
62,6,501.55633544921875,694.7880249023438,-1,-1,1,-1,-1,-1
62,7,516.538818359375,807.3157958984375,-1,-1,1,-1,-1,-1
63,4,808.641845703125,531.1256713867188,-1,-1,1,-1,-1,-1
63,6,515.6824951171875,692.6318359375,-1,-1,1,-1,-1,-1
63,7,537.3726196289062,806.203369140625,-1,-1,1,-1,-1,-1
64,4,828.489013671875,528.7996215820312,-1,-1,1,-1,-1,-1
64,6,529.7010498046875,691.5474853515625,-1,-1,1,-1,-1,-1
64,7,557.835205078125,805.8368530273438,-1,-1,1,-1,-1,-1
65,4,842.8804931640625,527.6067504882812,-1,-1,1,-1,-1,-1
65,6,544.3973388671875,687.777587890625,-1,-1,1,-1,-1,-1
65,7,571.7127685546875,802.16259765625,-1,-1,1,-1,-1,-1
66,4,857.8405151367188,522.9226684570312,-1,-1,1,-1,-1,-1
66,6,558.5108032226562,686.807373046875,-1,-1,1,-1,-1,-1
66,7,586.4097900390625,800.423095703125,-1,-1,1,-1,-1,-1
67,4,877.421875,517.3776245117188,-1,-1,1,-1,-1,-1
67,6,572.57177734375,684.166259765625,-1,-1,1,-1,-1,-1
67,7,601.1474609375,797.2994384765625,-1,-1,1,-1,-1,-1
68,4,892.764404296875,516.128173828125,-1,-1,1,-1,-1,-1
68,6,593.5968017578125,680.0934448242188,-1,-1,1,-1,-1,-1
68,7,615.8062744140625,794.2830810546875,-1,-1,1,-1,-1,-1
69,4,907.5107421875,509.6197509765625,-1,-1,1,-1,-1,-1
69,6,608.178955078125,674.040771484375,-1,-1,1,-1,-1,-1
69,7,635.9466552734375,789.896240234375,-1,-1,1,-1,-1,-1
70,4,921.9756469726562,506.40826416015625,-1,-1,1,-1,-1,-1
70,6,622.1556396484375,671.6201171875,-1,-1,1,-1,-1,-1
70,7,651.421630859375,784.835693359375,-1,-1,1,-1,-1,-1
71,4,949.4102172851562,503.52978515625,-1,-1,1,-1,-1,-1
71,6,643.38916015625,669.715576171875,-1,-1,1,-1,-1,-1
71,7,672.5481567382812,782.372802734375,-1,-1,1,-1,-1,-1
72,4,964.1908569335938,502.854248046875,-1,-1,1,-1,-1,-1
72,6,658.0569458007812,669.4515991210938,-1,-1,1,-1,-1,-1
72,7,693.66162109375,782.7099609375,-1,-1,1,-1,-1,-1
73,4,984.6780395507812,502.8185729980469,-1,-1,1,-1,-1,-1
73,6,673.123779296875,666.660888671875,-1,-1,1,-1,-1,-1
73,7,714.4246826171875,780.3626098632812,-1,-1,1,-1,-1,-1
74,4,999.236083984375,500.5556945800781,-1,-1,1,-1,-1,-1
74,6,692.684326171875,665.46337890625,-1,-1,1,-1,-1,-1
74,7,728.6761474609375,778.7444458007812,-1,-1,1,-1,-1,-1
75,4,1014.05126953125,500.16229248046875,-1,-1,1,-1,-1,-1
75,6,707.526611328125,665.6326904296875,-1,-1,1,-1,-1,-1
75,7,743.2412109375,779.1917724609375,-1,-1,1,-1,-1,-1
76,4,1034.5716552734375,495.72955322265625,-1,-1,1,-1,-1,-1
76,6,721.7181396484375,664.0775146484375,-1,-1,1,-1,-1,-1
76,7,764.47900390625,776.27880859375,-1,-1,1,-1,-1,-1
77,4,1049.59130859375,496.07366943359375,-1,-1,1,-1,-1,-1
77,6,736.599609375,662.115478515625,-1,-1,1,-1,-1,-1
77,7,778.828369140625,775.916015625,-1,-1,1,-1,-1,-1
78,4,1070.291015625,492.444580078125,-1,-1,1,-1,-1,-1
78,6,757.1383056640625,658.9971313476562,-1,-1,1,-1,-1,-1
78,7,793.101806640625,772.9881591796875,-1,-1,1,-1,-1,-1
79,4,1085.123779296875,491.86322021484375,-1,-1,1,-1,-1,-1
79,6,771.6338500976562,657.98681640625,-1,-1,1,-1,-1,-1
79,7,814.298583984375,770.6100463867188,-1,-1,1,-1,-1,-1
80,4,1105.9114990234375,487.0843505859375,-1,-1,1,-1,-1,-1
80,6,792.55126953125,655.3475341796875,-1,-1,1,-1,-1,-1
80,7,835.3754272460938,769.322265625,-1,-1,1,-1,-1,-1
81,4,1126.8863525390625,481.89263916015625,-1,-1,1,-1,-1,-1
81,6,807.120361328125,651.8209228515625,-1,-1,1,-1,-1,-1
81,7,856.39013671875,766.2408447265625,-1,-1,1,-1,-1,-1
82,4,1141.7442626953125,478.9895324707031,-1,-1,1,-1,-1,-1
82,6,828.13623046875,649.6109619140625,-1,-1,1,-1,-1,-1
82,7,870.9658203125,763.7330322265625,-1,-1,1,-1,-1,-1
83,4,1162.719482421875,477.9456787109375,-1,-1,1,-1,-1,-1
83,6,842.9840087890625,645.0126953125,-1,-1,1,-1,-1,-1
83,7,885.4302978515625,761.8712158203125,-1,-1,1,-1,-1,-1
84,4,1183.90869140625,473.9697265625,-1,-1,1,-1,-1,-1
84,6,863.5701904296875,643.5443115234375,-1,-1,1,-1,-1,-1
84,7,913.5455932617188,758.1513671875,-1,-1,1,-1,-1,-1
85,4,1204.8343505859375,470.41094970703125,-1,-1,1,-1,-1,-1
85,6,878.488037109375,641.076904296875,-1,-1,1,-1,-1,-1
85,7,927.7188110351562,755.6749267578125,-1,-1,1,-1,-1,-1
86,4,1220.21630859375,466.722412109375,-1,-1,1,-1,-1,-1
86,6,899.240966796875,636.2186889648438,-1,-1,1,-1,-1,-1
86,7,948.8765869140625,754.6002197265625,-1,-1,1,-1,-1,-1
87,4,1240.712890625,463.3526611328125,-1,-1,1,-1,-1,-1
87,6,920.6676025390625,634.7401123046875,-1,-1,1,-1,-1,-1
87,7,970.454345703125,750.3214111328125,-1,-1,1,-1,-1,-1
87,8,1204.690673828125,365.4710693359375,-1,-1,1,-1,-1,-1
88,4,1262.452392578125,460.327880859375,-1,-1,1,-1,-1,-1
88,6,941.8697509765625,634.200927734375,-1,-1,1,-1,-1,-1
88,7,991.791015625,749.549072265625,-1,-1,1,-1,-1,-1
89,4,1283.4869384765625,458.04571533203125,-1,-1,1,-1,-1,-1
89,6,963.0096435546875,630.6901245117188,-1,-1,1,-1,-1,-1
89,7,1013.0982666015625,748.2828369140625,-1,-1,1,-1,-1,-1
90,4,1311.681640625,456.166259765625,-1,-1,1,-1,-1,-1
90,6,984.0458984375,627.7247924804688,-1,-1,1,-1,-1,-1
90,7,1034.38134765625,747.1258544921875,-1,-1,1,-1,-1,-1
91,4,1333.316650390625,451.842529296875,-1,-1,1,-1,-1,-1
91,6,1005.510498046875,623.679931640625,-1,-1,1,-1,-1,-1
91,7,1062.2781982421875,742.4268798828125,-1,-1,1,-1,-1,-1
92,4,1354.829833984375,449.6688232421875,-1,-1,1,-1,-1,-1
92,6,1021.114990234375,623.138671875,-1,-1,1,-1,-1,-1
92,7,1084.1915283203125,740.9810791015625,-1,-1,1,-1,-1,-1
93,4,1382.8809814453125,445.8049011230469,-1,-1,1,-1,-1,-1
93,6,1042.3388671875,620.3090209960938,-1,-1,1,-1,-1,-1
93,7,1105.5916748046875,736.7828369140625,-1,-1,1,-1,-1,-1
94,4,1404.266357421875,443.7689514160156,-1,-1,1,-1,-1,-1
94,6,1063.6802978515625,616.24462890625,-1,-1,1,-1,-1,-1
94,7,1133.62109375,734.2666015625,-1,-1,1,-1,-1,-1
95,6,1084.9786376953125,616.4857177734375,-1,-1,1,-1,-1,-1
95,7,1148.510986328125,733.4725341796875,-1,-1,1,-1,-1,-1
96,4,1453.8427734375,438.94537353515625,-1,-1,1,-1,-1,-1
96,6,1112.4501953125,616.12744140625,-1,-1,1,-1,-1,-1
96,7,1176.457275390625,734.031982421875,-1,-1,1,-1,-1,-1
97,6,1133.848388671875,616.4012451171875,-1,-1,1,-1,-1,-1
97,7,1198.0548095703125,733.960693359375,-1,-1,1,-1,-1,-1
97,9,821.823974609375,755.5953369140625,-1,-1,1,-1,-1,-1
98,4,1503.61328125,436.37933349609375,-1,-1,1,-1,-1,-1
98,6,1155.375244140625,615.7704467773438,-1,-1,1,-1,-1,-1
98,7,1226.1552734375,733.3350219726562,-1,-1,1,-1,-1,-1
99,6,1177.14111328125,614.3126220703125,-1,-1,1,-1,-1,-1
99,7,1247.861572265625,733.0880126953125,-1,-1,1,-1,-1,-1
99,9,872.0560302734375,750.9515380859375,-1,-1,1,-1,-1,-1
100,4,1553.500732421875,434.52142333984375,-1,-1,1,-1,-1,-1
100,6,1204.8555908203125,614.7113037109375,-1,-1,1,-1,-1,-1
100,7,1275.73828125,728.8602294921875,-1,-1,1,-1,-1,-1
101,6,1226.2064208984375,614.4132080078125,-1,-1,1,-1,-1,-1
101,7,1297.696533203125,728.7997436523438,-1,-1,1,-1,-1,-1
101,9,927.1102294921875,751.1242065429688,-1,-1,1,-1,-1,-1
102,6,1248.1893310546875,612.955078125,-1,-1,1,-1,-1,-1
102,7,1325.931396484375,728.6636962890625,-1,-1,1,-1,-1,-1
102,9,948.8480224609375,750.3857421875,-1,-1,1,-1,-1,-1
103,6,1275.743896484375,615.06982421875,-1,-1,1,-1,-1,-1
103,7,1354.031982421875,729.2845458984375,-1,-1,1,-1,-1,-1
104,6,1297.5791015625,615.4297485351562,-1,-1,1,-1,-1,-1
104,7,1376.0712890625,729.9564208984375,-1,-1,1,-1,-1,-1
104,9,1005.828125,756.109375,-1,-1,1,-1,-1,-1
105,6,1325.5994873046875,615.8232421875,-1,-1,1,-1,-1,-1
105,7,1410.521240234375,733.39892578125,-1,-1,1,-1,-1,-1
106,6,1347.3765869140625,616.6995849609375,-1,-1,1,-1,-1,-1
106,7,1432.5413818359375,734.4031372070312,-1,-1,1,-1,-1,-1
106,9,1055.27490234375,756.9306640625,-1,-1,1,-1,-1,-1
107,6,1375.4061279296875,620.6669921875,-1,-1,1,-1,-1,-1
107,7,1460.843505859375,736.3470458984375,-1,-1,1,-1,-1,-1
108,6,1403.8563232421875,621.2369384765625,-1,-1,1,-1,-1,-1
108,7,1489.378173828125,740.5892944335938,-1,-1,1,-1,-1,-1
109,6,1425.5648193359375,622.3095703125,-1,-1,1,-1,-1,-1
109,7,1517.7987060546875,741.7348022460938,-1,-1,1,-1,-1,-1
110,6,1453.767578125,622.6007080078125,-1,-1,1,-1,-1,-1
110,9,1162.361083984375,762.54296875,-1,-1,1,-1,-1,-1
111,6,1482.110595703125,623.3590087890625,-1,-1,1,-1,-1,-1
112,6,1504.06201171875,626.8533935546875,-1,-1,1,-1,-1,-1
112,9,1205.706787109375,763.4694213867188,-1,-1,1,-1,-1,-1
113,6,1531.8641357421875,627.707763671875,-1,-1,1,-1,-1,-1
114,6,1560.140380859375,629.4752197265625,-1,-1,1,-1,-1,-1
115,6,1581.9921875,630.072021484375,-1,-1,1,-1,-1,-1
116,6,1610.1357421875,629.9044189453125,-1,-1,1,-1,-1,-1
117,6,1638.6229248046875,630.1309204101562,-1,-1,1,-1,-1,-1
118,6,1666.934814453125,630.382080078125,-1,-1,1,-1,-1,-1
119,6,1695.5751953125,630.5845947265625,-1,-1,1,-1,-1,-1
120,6,1723.944091796875,630.2000122070312,-1,-1,1,-1,-1,-1
139,10,1069.9700927734375,763.1919555664062,-1,-1,1,-1,-1,-1
140,11,1318.9459228515625,743.5516357421875,-1,-1,1,-1,-1,-1
143,10,1155.713623046875,763.1405029296875,-1,-1,1,-1,-1,-1
145,10,1198.53173828125,763.3179931640625,-1,-1,1,-1,-1,-1
146,10,1225.888427734375,763.239013671875,-1,-1,1,-1,-1,-1
148,10,1268.9931640625,762.301025390625,-1,-1,1,-1,-1,-1
150,10,1312.0926513671875,756.2514038085938,-1,-1,1,-1,-1,-1
151,10,1339.21044921875,749.87158203125,-1,-1,1,-1,-1,-1
152,10,1360.8564453125,750.919921875,-1,-1,1,-1,-1,-1
153,10,1383.094970703125,742.3297119140625,-1,-1,1,-1,-1,-1
154,12,352.9339904785156,485.75714111328125,-1,-1,1,-1,-1,-1
155,10,1425.909912109375,735.858642578125,-1,-1,1,-1,-1,-1
156,10,1453.796630859375,735.4501953125,-1,-1,1,-1,-1,-1
157,11,1759.479736328125,712.9578857421875,-1,-1,1,-1,-1,-1
157,12,387.3443298339844,472.793212890625,-1,-1,1,-1,-1,-1
158,10,1503.670654296875,729.123291015625,-1,-1,1,-1,-1,-1
159,10,1531.6671142578125,726.7091674804688,-1,-1,1,-1,-1,-1
161,12,437.50946044921875,464.9673156738281,-1,-1,1,-1,-1,-1
162,10,1616.56396484375,720.5445556640625,-1,-1,1,-1,-1,-1
163,12,465.0948791503906,458.81103515625,-1,-1,1,-1,-1,-1
164,12,473.8421936035156,457.66534423828125,-1,-1,1,-1,-1,-1
165,12,487.01666259765625,457.6470947265625,-1,-1,1,-1,-1,-1
166,12,501.80926513671875,457.2344055175781,-1,-1,1,-1,-1,-1
168,12,529.69287109375,456.8959655761719,-1,-1,1,-1,-1,-1
169,12,543.474609375,457.6472473144531,-1,-1,1,-1,-1,-1
172,12,579.5780029296875,457.94793701171875,-1,-1,1,-1,-1,-1
173,12,593.481201171875,457.10150146484375,-1,-1,1,-1,-1,-1
181,12,693.8575439453125,457.5899658203125,-1,-1,1,-1,-1,-1
193,13,800.1690673828125,592.4248046875,-1,-1,1,-1,-1,-1
194,13,813.9928588867188,586.5916748046875,-1,-1,1,-1,-1,-1
195,13,828.0321044921875,581.035400390625,-1,-1,1,-1,-1,-1
196,13,836.216796875,578.0144653320312,-1,-1,1,-1,-1,-1
197,13,850.4019165039062,572.7266845703125,-1,-1,1,-1,-1,-1
198,13,863.9862060546875,570.515625,-1,-1,1,-1,-1,-1
199,13,878.53955078125,570.2998046875,-1,-1,1,-1,-1,-1
200,13,892.8035888671875,567.4252319335938,-1,-1,1,-1,-1,-1
201,13,907.040771484375,566.27685546875,-1,-1,1,-1,-1,-1
202,13,921.3126220703125,564.7469482421875,-1,-1,1,-1,-1,-1
203,13,935.3305053710938,563.649658203125,-1,-1,1,-1,-1,-1
204,13,949.6141357421875,559.348876953125,-1,-1,1,-1,-1,-1
205,13,963.6719970703125,556.6575927734375,-1,-1,1,-1,-1,-1
206,13,977.7852172851562,556.2234497070312,-1,-1,1,-1,-1,-1
207,13,992.1701049804688,555.474609375,-1,-1,1,-1,-1,-1
208,13,1006.480712890625,552.8902587890625,-1,-1,1,-1,-1,-1
209,13,1020.6441650390625,552.8564453125,-1,-1,1,-1,-1,-1
210,13,1034.6263427734375,552.736328125,-1,-1,1,-1,-1,-1
211,13,1042.3748779296875,552.6083374023438,-1,-1,1,-1,-1,-1
212,13,1056.508056640625,555.5250244140625,-1,-1,1,-1,-1,-1
213,13,1077.5889892578125,556.4342041015625,-1,-1,1,-1,-1,-1
213,14,203.34469604492188,670.1549072265625,-1,-1,1,-1,-1,-1
214,13,1091.407958984375,556.9073486328125,-1,-1,1,-1,-1,-1
215,13,1099.0875244140625,558.93896484375,-1,-1,1,-1,-1,-1
216,13,1120.070556640625,563.1104736328125,-1,-1,1,-1,-1,-1
217,13,1134.3170166015625,563.1903076171875,-1,-1,1,-1,-1,-1
217,15,273.3286437988281,301.6535339355469,-1,-1,1,-1,-1,-1
218,13,1148.41357421875,563.3717041015625,-1,-1,1,-1,-1,-1
219,13,1162.666259765625,564.8525390625,-1,-1,1,-1,-1,-1
220,13,1177.101318359375,565.94970703125,-1,-1,1,-1,-1,-1
221,13,1191.16748046875,566.8411865234375,-1,-1,1,-1,-1,-1
221,14,274.328857421875,679.3321533203125,-1,-1,1,-1,-1,-1
222,13,1205.595703125,570.84912109375,-1,-1,1,-1,-1,-1
222,14,281.683837890625,680.447998046875,-1,-1,1,-1,-1,-1
223,13,1226.573486328125,571.3636474609375,-1,-1,1,-1,-1,-1
223,14,288.72021484375,683.4728393554688,-1,-1,1,-1,-1,-1
224,13,1240.982177734375,572.7337036132812,-1,-1,1,-1,-1,-1
224,14,295.6177978515625,683.9239501953125,-1,-1,1,-1,-1,-1
225,13,1255.14306640625,574.249267578125,-1,-1,1,-1,-1,-1
225,14,302.90582275390625,685.027099609375,-1,-1,1,-1,-1,-1
226,13,1269.060546875,577.52099609375,-1,-1,1,-1,-1,-1
227,13,1283.271240234375,577.7373046875,-1,-1,1,-1,-1,-1
227,14,317.1468811035156,686.9893798828125,-1,-1,1,-1,-1,-1
228,13,1297.595947265625,577.4341430664062,-1,-1,1,-1,-1,-1
228,14,331.0916748046875,686.4892578125,-1,-1,1,-1,-1,-1
229,13,1319.0458984375,574.651611328125,-1,-1,1,-1,-1,-1
229,14,338.0188903808594,685.231201171875,-1,-1,1,-1,-1,-1
230,13,1333.10546875,574.5152587890625,-1,-1,1,-1,-1,-1
230,14,345.51385498046875,684.3026123046875,-1,-1,1,-1,-1,-1
231,13,1354.5712890625,574.0150146484375,-1,-1,1,-1,-1,-1
231,14,359.3338623046875,684.3770751953125,-1,-1,1,-1,-1,-1
232,13,1368.701904296875,574.5386962890625,-1,-1,1,-1,-1,-1
232,14,366.427978515625,684.86328125,-1,-1,1,-1,-1,-1
233,13,1382.7418212890625,578.641357421875,-1,-1,1,-1,-1,-1
233,14,373.975830078125,686.6427001953125,-1,-1,1,-1,-1,-1
234,13,1403.9990234375,584.3138427734375,-1,-1,1,-1,-1,-1
234,14,387.7471923828125,690.9961547851562,-1,-1,1,-1,-1,-1
235,13,1418.6259765625,588.885009765625,-1,-1,1,-1,-1,-1
235,14,395.11260986328125,692.9991455078125,-1,-1,1,-1,-1,-1
236,13,1439.2589111328125,593.3055419921875,-1,-1,1,-1,-1,-1
236,14,401.82830810546875,694.6347045898438,-1,-1,1,-1,-1,-1
237,13,1453.563232421875,598.7891845703125,-1,-1,1,-1,-1,-1
237,14,409.0483093261719,697.6585083007812,-1,-1,1,-1,-1,-1
238,13,1461.162109375,602.7852783203125,-1,-1,1,-1,-1,-1
238,14,409.0623474121094,698.70849609375,-1,-1,1,-1,-1,-1
239,13,1474.91455078125,608.83935546875,-1,-1,1,-1,-1,-1
239,14,409.23486328125,704.6373291015625,-1,-1,1,-1,-1,-1
240,13,1482.6256103515625,612.9552001953125,-1,-1,1,-1,-1,-1
240,14,408.9776611328125,705.7635498046875,-1,-1,1,-1,-1,-1
241,13,1496.42724609375,616.3699951171875,-1,-1,1,-1,-1,-1
241,14,408.91131591796875,708.544677734375,-1,-1,1,-1,-1,-1
242,13,1503.471435546875,620.5074462890625,-1,-1,1,-1,-1,-1
242,14,409.02783203125,713.052001953125,-1,-1,1,-1,-1,-1
243,13,1517.46630859375,622.8989868164062,-1,-1,1,-1,-1,-1
243,14,409.1383056640625,715.55126953125,-1,-1,1,-1,-1,-1
244,13,1524.7529296875,627.2982177734375,-1,-1,1,-1,-1,-1
244,14,402.1190490722656,717.10986328125,-1,-1,1,-1,-1,-1
245,13,1531.740966796875,627.818603515625,-1,-1,1,-1,-1,-1
245,14,401.91552734375,720.0730590820312,-1,-1,1,-1,-1,-1
246,13,1538.97314453125,627.81494140625,-1,-1,1,-1,-1,-1
246,14,401.817138671875,721.2559814453125,-1,-1,1,-1,-1,-1
247,13,1553.053955078125,629.970703125,-1,-1,1,-1,-1,-1
247,14,394.9316711425781,723.4688110351562,-1,-1,1,-1,-1,-1
248,13,1560.1904296875,629.682373046875,-1,-1,1,-1,-1,-1
248,14,395.03076171875,725.8776245117188,-1,-1,1,-1,-1,-1
248,16,828.0535888671875,755.72802734375,-1,-1,1,-1,-1,-1
249,13,1574.390869140625,629.57421875,-1,-1,1,-1,-1,-1
249,14,394.75555419921875,727.1304321289062,-1,-1,1,-1,-1,-1
249,16,834.6632690429688,756.981689453125,-1,-1,1,-1,-1,-1
250,13,1581.4063720703125,628.82763671875,-1,-1,1,-1,-1,-1
250,14,394.754638671875,727.4254150390625,-1,-1,1,-1,-1,-1
250,16,842.2384033203125,757.890380859375,-1,-1,1,-1,-1,-1
251,13,1595.8310546875,629.6517333984375,-1,-1,1,-1,-1,-1
251,14,401.57501220703125,729.9254150390625,-1,-1,1,-1,-1,-1
252,13,1603.287841796875,629.9944458007812,-1,-1,1,-1,-1,-1
252,14,401.93035888671875,733.2786865234375,-1,-1,1,-1,-1,-1
252,16,863.150634765625,762.645751953125,-1,-1,1,-1,-1,-1
253,13,1617.144287109375,630.0654296875,-1,-1,1,-1,-1,-1
253,14,401.87762451171875,733.9771118164062,-1,-1,1,-1,-1,-1
254,13,1631.358642578125,629.5433959960938,-1,-1,1,-1,-1,-1
254,14,401.8514404296875,733.8009033203125,-1,-1,1,-1,-1,-1
255,13,1638.3642578125,628.8980712890625,-1,-1,1,-1,-1,-1
255,14,409.05633544921875,734.0823974609375,-1,-1,1,-1,-1,-1
255,16,891.8472900390625,764.7018432617188,-1,-1,1,-1,-1,-1
256,13,1652.35693359375,627.67724609375,-1,-1,1,-1,-1,-1
256,14,409.15216064453125,733.876708984375,-1,-1,1,-1,-1,-1
256,16,899.7220458984375,764.5076904296875,-1,-1,1,-1,-1,-1
257,13,1659.718994140625,628.0540771484375,-1,-1,1,-1,-1,-1
257,14,416.0709533691406,734.067626953125,-1,-1,1,-1,-1,-1
257,16,913.611083984375,762.787841796875,-1,-1,1,-1,-1,-1
258,13,1673.85107421875,627.7744140625,-1,-1,1,-1,-1,-1
258,14,416.1690673828125,734.1231689453125,-1,-1,1,-1,-1,-1
258,16,920.985595703125,763.6396484375,-1,-1,1,-1,-1,-1
259,13,1688.0185546875,627.6822509765625,-1,-1,1,-1,-1,-1
259,14,423.1506042480469,734.619873046875,-1,-1,1,-1,-1,-1
260,13,1695.6744384765625,624.001708984375,-1,-1,1,-1,-1,-1
260,14,423.2605895996094,735.796142578125,-1,-1,1,-1,-1,-1
260,16,949.0743408203125,764.7120361328125,-1,-1,1,-1,-1,-1
261,13,1716.4993896484375,621.89990234375,-1,-1,1,-1,-1,-1
261,14,430.3583984375,736.4332275390625,-1,-1,1,-1,-1,-1
262,13,1730.76611328125,620.7034912109375,-1,-1,1,-1,-1,-1
262,14,444.55035400390625,737.0060424804688,-1,-1,1,-1,-1,-1
263,13,1745.097900390625,616.2908935546875,-1,-1,1,-1,-1,-1
263,14,451.6484069824219,737.0270385742188,-1,-1,1,-1,-1,-1
263,16,992.232421875,763.1739501953125,-1,-1,1,-1,-1,-1
264,13,1765.97509765625,614.81591796875,-1,-1,1,-1,-1,-1
264,14,459.04833984375,737.0396728515625,-1,-1,1,-1,-1,-1
265,13,1780.339599609375,613.17431640625,-1,-1,1,-1,-1,-1
265,14,472.9134521484375,736.71142578125,-1,-1,1,-1,-1,-1
266,13,1794.788818359375,609.7745361328125,-1,-1,1,-1,-1,-1
266,14,487.20904541015625,737.10400390625,-1,-1,1,-1,-1,-1
267,13,1815.718994140625,607.9501342773438,-1,-1,1,-1,-1,-1
267,14,501.46728515625,737.384033203125,-1,-1,1,-1,-1,-1
268,13,1836.8023681640625,607.462158203125,-1,-1,1,-1,-1,-1
268,14,515.6544799804688,737.1941528320312,-1,-1,1,-1,-1,-1
269,13,1851.410888671875,606.1672973632812,-1,-1,1,-1,-1,-1
269,14,529.885498046875,736.955322265625,-1,-1,1,-1,-1,-1
270,13,1873.091796875,605.5433349609375,-1,-1,1,-1,-1,-1
270,14,544.2008666992188,737.4600830078125,-1,-1,1,-1,-1,-1
271,14,558.3406982421875,737.200927734375,-1,-1,1,-1,-1,-1
272,14,572.6785888671875,736.4981689453125,-1,-1,1,-1,-1,-1
273,14,594.072998046875,733.77197265625,-1,-1,1,-1,-1,-1
273,16,1204.014404296875,756.8424072265625,-1,-1,1,-1,-1,-1
274,14,608.4232788085938,733.9829711914062,-1,-1,1,-1,-1,-1
274,16,1225.75439453125,757.6397705078125,-1,-1,1,-1,-1,-1
275,14,629.6111450195312,735.4456787109375,-1,-1,1,-1,-1,-1
275,16,1247.164306640625,757.77880859375,-1,-1,1,-1,-1,-1
276,14,643.7540283203125,735.718017578125,-1,-1,1,-1,-1,-1
276,16,1268.99267578125,758.17138671875,-1,-1,1,-1,-1,-1
277,14,665.1461181640625,736.98974609375,-1,-1,1,-1,-1,-1
277,16,1296.7740478515625,763.143798828125,-1,-1,1,-1,-1,-1
278,14,679.5802001953125,740.389892578125,-1,-1,1,-1,-1,-1
278,16,1317.950439453125,762.9775390625,-1,-1,1,-1,-1,-1
279,14,700.827880859375,740.6581420898438,-1,-1,1,-1,-1,-1
279,16,1340.250732421875,764.30224609375,-1,-1,1,-1,-1,-1
280,14,715.0555419921875,740.0653686523438,-1,-1,1,-1,-1,-1
280,16,1367.89794921875,763.834716796875,-1,-1,1,-1,-1,-1
281,14,736.209716796875,740.6094970703125,-1,-1,1,-1,-1,-1
282,14,757.5474243164062,740.6300048828125,-1,-1,1,-1,-1,-1
282,16,1417.9925537109375,764.6536865234375,-1,-1,1,-1,-1,-1
283,14,778.9013671875,742.0050048828125,-1,-1,1,-1,-1,-1
283,16,1445.883544921875,764.9613037109375,-1,-1,1,-1,-1,-1
284,14,800.22021484375,743.0897827148438,-1,-1,1,-1,-1,-1
284,16,1474.572265625,769.6714477539062,-1,-1,1,-1,-1,-1
285,14,814.2813110351562,743.999267578125,-1,-1,1,-1,-1,-1
285,16,1496.447509765625,771.4080200195312,-1,-1,1,-1,-1,-1
285,17,174.31094360351562,608.9534912109375,-1,-1,1,-1,-1,-1
286,14,835.887939453125,747.1326293945312,-1,-1,1,-1,-1,-1
286,17,188.5372314453125,610.277099609375,-1,-1,1,-1,-1,-1
287,14,850.1280517578125,747.3687744140625,-1,-1,1,-1,-1,-1
287,16,1552.3712158203125,772.2139282226562,-1,-1,1,-1,-1,-1
287,17,203.22042846679688,612.33203125,-1,-1,1,-1,-1,-1
288,14,871.43310546875,749.2120361328125,-1,-1,1,-1,-1,-1
288,16,1580.4443359375,777.1284790039062,-1,-1,1,-1,-1,-1
288,17,217.28952026367188,614.245361328125,-1,-1,1,-1,-1,-1
289,14,892.4776611328125,751.0821533203125,-1,-1,1,-1,-1,-1
289,16,1603.0919189453125,779.1171875,-1,-1,1,-1,-1,-1
289,17,225.84255981445312,615.7977294921875,-1,-1,1,-1,-1,-1
290,14,914.0098266601562,751.8883056640625,-1,-1,1,-1,-1,-1
290,17,239.62631225585938,616.869140625,-1,-1,1,-1,-1,-1
291,14,928.1505126953125,754.3751220703125,-1,-1,1,-1,-1,-1
291,17,253.26629638671875,619.5452880859375,-1,-1,1,-1,-1,-1
292,14,949.4599609375,755.087890625,-1,-1,1,-1,-1,-1
292,17,267.0679931640625,619.8652954101562,-1,-1,1,-1,-1,-1
293,14,963.745361328125,755.3709716796875,-1,-1,1,-1,-1,-1
293,17,275.041259765625,619.8580322265625,-1,-1,1,-1,-1,-1
294,14,984.821533203125,754.9183349609375,-1,-1,1,-1,-1,-1
294,17,288.48345947265625,619.6651611328125,-1,-1,1,-1,-1,-1
295,14,1006.3199462890625,755.6648559570312,-1,-1,1,-1,-1,-1
295,17,296.1751708984375,619.325439453125,-1,-1,1,-1,-1,-1
296,14,1020.3943481445312,755.5498657226562,-1,-1,1,-1,-1,-1
296,17,309.47967529296875,619.3614501953125,-1,-1,1,-1,-1,-1
297,14,1041.6607666015625,754.765869140625,-1,-1,1,-1,-1,-1
297,17,317.11944580078125,619.28271484375,-1,-1,1,-1,-1,-1
298,14,1062.8935546875,754.927001953125,-1,-1,1,-1,-1,-1
298,17,324.24908447265625,619.9833984375,-1,-1,1,-1,-1,-1
299,14,1070.093505859375,754.10595703125,-1,-1,1,-1,-1,-1
299,17,331.3957824707031,619.442138671875,-1,-1,1,-1,-1,-1
300,14,1091.327392578125,750.5440673828125,-1,-1,1,-1,-1,-1
300,17,338.45635986328125,619.578857421875,-1,-1,1,-1,-1,-1
301,14,1105.5185546875,751.1145629882812,-1,-1,1,-1,-1,-1
301,17,345.9209899902344,617.4214477539062,-1,-1,1,-1,-1,-1
302,14,1119.898681640625,749.168701171875,-1,-1,1,-1,-1,-1
302,17,353.208740234375,617.0023193359375,-1,-1,1,-1,-1,-1
303,14,1134.08203125,747.6998291015625,-1,-1,1,-1,-1,-1
303,17,360.58441162109375,617.2466430664062,-1,-1,1,-1,-1,-1
304,14,1155.4503173828125,747.5877685546875,-1,-1,1,-1,-1,-1
304,17,367.70611572265625,617.4386596679688,-1,-1,1,-1,-1,-1
305,14,1169.74951171875,747.5681762695312,-1,-1,1,-1,-1,-1
305,17,381.0775146484375,617.1046752929688,-1,-1,1,-1,-1,-1
306,14,1190.899658203125,747.926513671875,-1,-1,1,-1,-1,-1
306,17,388.2513427734375,617.478759765625,-1,-1,1,-1,-1,-1
307,14,1205.0675048828125,747.8794555664062,-1,-1,1,-1,-1,-1
307,17,395.3421630859375,619.6248168945312,-1,-1,1,-1,-1,-1
308,14,1219.3544921875,747.615234375,-1,-1,1,-1,-1,-1
308,17,409.045654296875,619.5338745117188,-1,-1,1,-1,-1,-1
309,14,1233.4375,747.9602661132812,-1,-1,1,-1,-1,-1
309,17,416.6172790527344,616.71044921875,-1,-1,1,-1,-1,-1
310,14,1254.771484375,747.729736328125,-1,-1,1,-1,-1,-1
310,17,424.5614929199219,616.3548583984375,-1,-1,1,-1,-1,-1
311,14,1276.1160888671875,747.4713745117188,-1,-1,1,-1,-1,-1
311,17,437.87713623046875,615.6859130859375,-1,-1,1,-1,-1,-1
312,14,1290.4027099609375,747.294921875,-1,-1,1,-1,-1,-1
312,17,445.5848083496094,614.39111328125,-1,-1,1,-1,-1,-1
313,14,1304.463134765625,748.0384521484375,-1,-1,1,-1,-1,-1
313,17,458.7371826171875,614.76513671875,-1,-1,1,-1,-1,-1
314,14,1325.667236328125,748.042724609375,-1,-1,1,-1,-1,-1
314,17,466.7523193359375,615.2279052734375,-1,-1,1,-1,-1,-1
315,14,1339.934814453125,748.519287109375,-1,-1,1,-1,-1,-1
315,17,480.575439453125,615.21240234375,-1,-1,1,-1,-1,-1
316,14,1361.110107421875,748.533447265625,-1,-1,1,-1,-1,-1
316,17,488.63671875,615.6444091796875,-1,-1,1,-1,-1,-1
317,14,1382.444091796875,748.8976440429688,-1,-1,1,-1,-1,-1
317,17,501.93780517578125,617.15625,-1,-1,1,-1,-1,-1
318,14,1396.499755859375,750.5159912109375,-1,-1,1,-1,-1,-1
318,17,515.884765625,617.2363891601562,-1,-1,1,-1,-1,-1
319,14,1410.9229736328125,750.8482666015625,-1,-1,1,-1,-1,-1
319,17,524.0236206054688,619.5051879882812,-1,-1,1,-1,-1,-1
320,14,1432.096923828125,754.6590576171875,-1,-1,1,-1,-1,-1
320,17,537.2997436523438,620.0997314453125,-1,-1,1,-1,-1,-1
321,14,1453.6353759765625,755.139404296875,-1,-1,1,-1,-1,-1
321,17,551.4613647460938,621.4404296875,-1,-1,1,-1,-1,-1
322,14,1467.6669921875,756.33544921875,-1,-1,1,-1,-1,-1
322,17,565.6527099609375,622.877685546875,-1,-1,1,-1,-1,-1
322,18,913.5313110351562,287.97308349609375,-1,-1,1,-1,-1,-1
323,14,1481.858642578125,757.5108642578125,-1,-1,1,-1,-1,-1
323,17,579.326904296875,623.9766845703125,-1,-1,1,-1,-1,-1
323,18,935.2396850585938,289.01953125,-1,-1,1,-1,-1,-1
324,14,1503.3824462890625,761.5690307617188,-1,-1,1,-1,-1,-1
324,17,587.6619873046875,627.581298828125,-1,-1,1,-1,-1,-1
324,18,962.8642578125,288.53887939453125,-1,-1,1,-1,-1,-1
325,14,1524.7568359375,761.815673828125,-1,-1,1,-1,-1,-1
325,17,601.546875,627.3355712890625,-1,-1,1,-1,-1,-1
325,18,991.85107421875,287.9663391113281,-1,-1,1,-1,-1,-1
326,14,1539.1175537109375,761.8779907226562,-1,-1,1,-1,-1,-1
326,17,615.5569458007812,626.6587524414062,-1,-1,1,-1,-1,-1
326,18,1013.52587890625,281.0768737792969,-1,-1,1,-1,-1,-1
327,14,1560.18017578125,762.0703125,-1,-1,1,-1,-1,-1
327,17,630.0528564453125,627.4034423828125,-1,-1,1,-1,-1,-1
327,18,1041.34765625,279.3929748535156,-1,-1,1,-1,-1,-1
328,17,644.385986328125,629.1312255859375,-1,-1,1,-1,-1,-1
328,18,1063.801513671875,279.6731872558594,-1,-1,1,-1,-1,-1
329,17,658.7096557617188,628.968505859375,-1,-1,1,-1,-1,-1
329,18,1091.197265625,280.50396728515625,-1,-1,1,-1,-1,-1
330,17,672.9215087890625,629.1034545898438,-1,-1,1,-1,-1,-1
330,18,1119.084716796875,279.36114501953125,-1,-1,1,-1,-1,-1
331,17,687.3019409179688,628.745849609375,-1,-1,1,-1,-1,-1
332,17,700.7561645507812,627.44189453125,-1,-1,1,-1,-1,-1
333,14,1666.771484375,764.114013671875,-1,-1,1,-1,-1,-1
333,17,715.6728515625,623.923828125,-1,-1,1,-1,-1,-1
333,18,1191.204345703125,267.2650451660156,-1,-1,1,-1,-1,-1
334,14,1688.1259765625,762.7373046875,-1,-1,1,-1,-1,-1
334,17,735.6370849609375,622.7029418945312,-1,-1,1,-1,-1,-1
335,14,1709.4151611328125,762.1624755859375,-1,-1,1,-1,-1,-1
335,17,749.9841918945312,620.1015625,-1,-1,1,-1,-1,-1
336,14,1723.7081298828125,758.197509765625,-1,-1,1,-1,-1,-1
336,17,764.78076171875,616.8908081054688,-1,-1,1,-1,-1,-1
337,14,1745.1513671875,758.341064453125,-1,-1,1,-1,-1,-1
337,17,785.2619018554688,615.6956787109375,-1,-1,1,-1,-1,-1
338,14,1765.85791015625,758.7615966796875,-1,-1,1,-1,-1,-1
338,17,800.252685546875,616.4362182617188,-1,-1,1,-1,-1,-1
338,18,1325.8125,215.44439697265625,-1,-1,1,-1,-1,-1
339,14,1787.696533203125,761.9859619140625,-1,-1,1,-1,-1,-1
339,17,815.0486450195312,615.9127197265625,-1,-1,1,-1,-1,-1
340,14,1808.671142578125,762.1976318359375,-1,-1,1,-1,-1,-1
340,17,835.59375,616.002197265625,-1,-1,1,-1,-1,-1
341,14,1829.810791015625,762.2911376953125,-1,-1,1,-1,-1,-1
341,17,856.4743041992188,615.6785888671875,-1,-1,1,-1,-1,-1
342,14,1845.351318359375,763.3360595703125,-1,-1,1,-1,-1,-1
342,17,871.0115966796875,614.3007202148438,-1,-1,1,-1,-1,-1
343,14,1866.264404296875,763.0015869140625,-1,-1,1,-1,-1,-1
343,17,885.703125,614.277099609375,-1,-1,1,-1,-1,-1
344,17,906.1945190429688,614.192626953125,-1,-1,1,-1,-1,-1
348,17,970.3897705078125,612.7147827148438,-1,-1,1,-1,-1,-1
349,17,991.9227905273438,609.1240234375,-1,-1,1,-1,-1,-1
350,17,1006.4395141601562,608.54345703125,-1,-1,1,-1,-1,-1
351,17,1027.50146484375,608.2154541015625,-1,-1,1,-1,-1,-1
352,17,1042.445068359375,606.1722412109375,-1,-1,1,-1,-1,-1
353,17,1063.505615234375,606.267333984375,-1,-1,1,-1,-1,-1
354,17,1085.081787109375,606.1668701171875,-1,-1,1,-1,-1,-1
355,17,1106.2459716796875,606.5029296875,-1,-1,1,-1,-1,-1
356,17,1127.5279541015625,607.1666259765625,-1,-1,1,-1,-1,-1
357,17,1148.97998046875,607.3080444335938,-1,-1,1,-1,-1,-1
358,17,1169.9171142578125,608.6871948242188,-1,-1,1,-1,-1,-1
359,17,1190.880126953125,612.680419921875,-1,-1,1,-1,-1,-1
360,17,1212.083251953125,612.9420166015625,-1,-1,1,-1,-1,-1
