1,1,906.145751953125,592.0443115234375,-1,-1,1,-1,-1,-1
2,1,913.6073608398438,594.2390747070312,-1,-1,1,-1,-1,-1
3,1,926.7781982421875,595.303466796875,-1,-1,1,-1,-1,-1
4,1,934.4625244140625,597.68115234375,-1,-1,1,-1,-1,-1
5,1,935.372314453125,601.4915771484375,-1,-1,1,-1,-1,-1
6,1,942.0306396484375,604.1288452148438,-1,-1,1,-1,-1,-1
7,1,955.693603515625,605.1298828125,-1,-1,1,-1,-1,-1
8,1,963.0465698242188,609.0794677734375,-1,-1,1,-1,-1,-1
9,1,970.0366821289062,612.1403198242188,-1,-1,1,-1,-1,-1
10,1,977.8138427734375,616.4005126953125,-1,-1,1,-1,-1,-1
11,1,991.1410522460938,618.2861328125,-1,-1,1,-1,-1,-1
12,1,998.3953247070312,619.3563232421875,-1,-1,1,-1,-1,-1
13,1,1012.0345458984375,621.748779296875,-1,-1,1,-1,-1,-1
14,1,1019.737060546875,622.8094482421875,-1,-1,1,-1,-1,-1
15,1,1027.7633056640625,622.51171875,-1,-1,1,-1,-1,-1
16,1,1040.84228515625,621.0130615234375,-1,-1,1,-1,-1,-1
17,1,1054.71240234375,621.0135498046875,-1,-1,1,-1,-1,-1
18,1,1062.346923828125,619.0487060546875,-1,-1,1,-1,-1,-1
19,1,1076.6058349609375,616.4600830078125,-1,-1,1,-1,-1,-1
20,1,1090.337158203125,616.0132446289062,-1,-1,1,-1,-1,-1
23,1,1133.640625,615.2516479492188,-1,-1,1,-1,-1,-1
24,1,1147.6329345703125,611.5675048828125,-1,-1,1,-1,-1,-1
25,1,1162.6279296875,609.1907958984375,-1,-1,1,-1,-1,-1
26,1,1182.81689453125,605.2288818359375,-1,-1,1,-1,-1,-1
30,1,1248.055908203125,598.3038940429688,-1,-1,1,-1,-1,-1
36,1,1352.736328125,591.212890625,-1,-1,1,-1,-1,-1
38,1,1395.092041015625,587.2113037109375,-1,-1,1,-1,-1,-1
44,2,472.43951416015625,1040.2093505859375,-1,-1,1,-1,-1,-1
45,2,543.8336181640625,1039.8348388671875,-1,-1,1,-1,-1,-1
46,2,628.693359375,1026.505615234375,-1,-1,1,-1,-1,-1
48,2,728.6567993164062,1040.4111328125,-1,-1,1,-1,-1,-1
58,2,1305.20751953125,970.5965576171875,-1,-1,1,-1,-1,-1
59,2,1369.13330078125,962.491455078125,-1,-1,1,-1,-1,-1
61,2,1488.769287109375,954.4397583007812,-1,-1,1,-1,-1,-1
62,2,1545.91748046875,948.139892578125,-1,-1,1,-1,-1,-1
99,3,1695.6729736328125,416.54180908203125,-1,-1,1,-1,-1,-1
100,3,1722.69921875,437.50579833984375,-1,-1,1,-1,-1,-1
102,3,1772.293212890625,437.65850830078125,-1,-1,1,-1,-1,-1
103,3,1788.1060791015625,436.4857482910156,-1,-1,1,-1,-1,-1
104,3,1807.7841796875,437.0320739746094,-1,-1,1,-1,-1,-1
105,3,1829.625244140625,438.13677978515625,-1,-1,1,-1,-1,-1
110,4,786.1563720703125,884.546142578125,-1,-1,1,-1,-1,-1
111,4,813.4705810546875,876.6253051757812,-1,-1,1,-1,-1,-1
112,4,863.44873046875,869.8402709960938,-1,-1,1,-1,-1,-1
113,4,899.3125,871.1817626953125,-1,-1,1,-1,-1,-1
114,4,934.680419921875,877.712158203125,-1,-1,1,-1,-1,-1
195,5,607.3763427734375,811.250732421875,-1,-1,1,-1,-1,-1
198,5,642.5380859375,796.9017333984375,-1,-1,1,-1,-1,-1
203,5,692.536376953125,783.37353515625,-1,-1,1,-1,-1,-1
208,5,735.1021728515625,769.609619140625,-1,-1,1,-1,-1,-1
209,5,742.981689453125,764.8645629882812,-1,-1,1,-1,-1,-1
213,5,792.6276245117188,755.98388671875,-1,-1,1,-1,-1,-1
215,5,813.714599609375,755.2320556640625,-1,-1,1,-1,-1,-1
216,5,820.736328125,755.5350952148438,-1,-1,1,-1,-1,-1
218,5,842.33154296875,754.961181640625,-1,-1,1,-1,-1,-1
227,5,955.6307983398438,735.2246704101562,-1,-1,1,-1,-1,-1
230,5,1026.7109375,719.4324951171875,-1,-1,1,-1,-1,-1
231,5,1048.333984375,714.3896484375,-1,-1,1,-1,-1,-1
232,5,1069.76416015625,712.903076171875,-1,-1,1,-1,-1,-1
233,5,1090.59033203125,712.03076171875,-1,-1,1,-1,-1,-1
234,5,1119.4407958984375,712.959228515625,-1,-1,1,-1,-1,-1
235,5,1146.91552734375,713.4028930664062,-1,-1,1,-1,-1,-1
241,6,1808.38330078125,30.823333740234375,-1,-1,1,-1,-1,-1
242,7,1261.829345703125,79.42390441894531,-1,-1,1,-1,-1,-1
243,6,1823.06298828125,33.74164581298828,-1,-1,1,-1,-1,-1
243,7,1276.20263671875,80.0110092163086,-1,-1,1,-1,-1,-1
244,6,1829.963623046875,37.367313385009766,-1,-1,1,-1,-1,-1
245,7,1304.6700439453125,85.86779022216797,-1,-1,1,-1,-1,-1
247,6,1850.7685546875,47.5760498046875,-1,-1,1,-1,-1,-1
248,6,1858.075439453125,50.183799743652344,-1,-1,1,-1,-1,-1
249,6,1865.67578125,52.82171630859375,-1,-1,1,-1,-1,-1
254,7,1439.5618896484375,88.01571655273438,-1,-1,1,-1,-1,-1
255,7,1453.978271484375,86.51446533203125,-1,-1,1,-1,-1,-1
256,7,1468.039306640625,85.31778717041016,-1,-1,1,-1,-1,-1
257,7,1475.1063232421875,79.8134536743164,-1,-1,1,-1,-1,-1
258,7,1489.115478515625,76.70906829833984,-1,-1,1,-1,-1,-1
259,7,1503.52294921875,72.41704559326172,-1,-1,1,-1,-1,-1
261,7,1531.8504638671875,59.29969024658203,-1,-1,1,-1,-1,-1
263,7,1560.517333984375,43.968936920166016,-1,-1,1,-1,-1,-1
283,8,231.30715942382812,512.8724365234375,-1,-1,1,-1,-1,-1
285,9,516.333251953125,727.2543334960938,-1,-1,1,-1,-1,-1
287,8,316.40032958984375,505.78814697265625,-1,-1,1,-1,-1,-1
289,8,359.22955322265625,505.904052734375,-1,-1,1,-1,-1,-1
289,9,593.9163208007812,727.7568359375,-1,-1,1,-1,-1,-1
292,8,416.45806884765625,513.42236328125,-1,-1,1,-1,-1,-1
293,8,437.6044616699219,515.1807861328125,-1,-1,1,-1,-1,-1
294,8,458.8509521484375,514.4093017578125,-1,-1,1,-1,-1,-1
295,8,480.08367919921875,513.8792724609375,-1,-1,1,-1,-1,-1
296,8,501.3951416015625,510.2104187011719,-1,-1,1,-1,-1,-1
297,8,522.6354370117188,509.8768310546875,-1,-1,1,-1,-1,-1
298,8,537.0004272460938,509.59051513671875,-1,-1,1,-1,-1,-1
299,8,558.1295776367188,506.98150634765625,-1,-1,1,-1,-1,-1
300,8,572.287841796875,505.8994140625,-1,-1,1,-1,-1,-1
300,9,814.9122924804688,746.6065063476562,-1,-1,1,-1,-1,-1
301,8,586.8955688476562,501.922607421875,-1,-1,1,-1,-1,-1
302,8,601.631591796875,499.11346435546875,-1,-1,1,-1,-1,-1
302,9,850.672119140625,740.11962890625,-1,-1,1,-1,-1,-1
303,8,622.3106689453125,493.9486389160156,-1,-1,1,-1,-1,-1
303,9,877.5618896484375,737.396240234375,-1,-1,1,-1,-1,-1
304,8,643.4970703125,488.5730895996094,-1,-1,1,-1,-1,-1
305,8,664.6978759765625,484.4585266113281,-1,-1,1,-1,-1,-1
305,9,921.2611083984375,725.96142578125,-1,-1,1,-1,-1,-1
306,8,679.2510986328125,477.4753723144531,-1,-1,1,-1,-1,-1
306,9,948.140625,720.48974609375,-1,-1,1,-1,-1,-1
307,8,700.5816650390625,470.6905517578125,-1,-1,1,-1,-1,-1
307,9,970.6439208984375,718.616455078125,-1,-1,1,-1,-1,-1
308,8,721.6097412109375,465.99249267578125,-1,-1,1,-1,-1,-1
308,9,992.8887939453125,712.1932373046875,-1,-1,1,-1,-1,-1
309,8,743.0159912109375,459.63543701171875,-1,-1,1,-1,-1,-1
309,9,1019.1193237304688,707.6502685546875,-1,-1,1,-1,-1,-1
310,8,757.7281494140625,456.1522216796875,-1,-1,1,-1,-1,-1
311,8,778.361328125,448.8861999511719,-1,-1,1,-1,-1,-1
311,9,1063.5267333984375,697.5604248046875,-1,-1,1,-1,-1,-1
312,8,793.2454833984375,442.3863525390625,-1,-1,1,-1,-1,-1
312,9,1084.207763671875,691.5474853515625,-1,-1,1,-1,-1,-1
313,8,813.8953857421875,436.44390869140625,-1,-1,1,-1,-1,-1
314,8,828.2060546875,431.19140625,-1,-1,1,-1,-1,-1
314,9,1119.136962890625,684.0459594726562,-1,-1,1,-1,-1,-1
315,8,842.5015258789062,427.74957275390625,-1,-1,1,-1,-1,-1
315,9,1140.0675048828125,678.921142578125,-1,-1,1,-1,-1,-1
316,8,857.37939453125,424.02606201171875,-1,-1,1,-1,-1,-1
316,9,1155.53271484375,678.2362670898438,-1,-1,1,-1,-1,-1
317,8,877.7254028320312,421.06256103515625,-1,-1,1,-1,-1,-1
317,9,1176.8955078125,678.3250122070312,-1,-1,1,-1,-1,-1
318,8,892.1602783203125,420.6597900390625,-1,-1,1,-1,-1,-1
318,9,1197.6990966796875,679.285888671875,-1,-1,1,-1,-1,-1
319,8,913.240478515625,416.806396484375,-1,-1,1,-1,-1,-1
319,9,1219.6005859375,679.8182983398438,-1,-1,1,-1,-1,-1
320,8,927.700439453125,417.350341796875,-1,-1,1,-1,-1,-1
320,9,1239.88916015625,683.4547119140625,-1,-1,1,-1,-1,-1
321,8,942.0801391601562,418.1976318359375,-1,-1,1,-1,-1,-1
321,9,1256.1424560546875,684.970458984375,-1,-1,1,-1,-1,-1
322,8,956.0335693359375,420.8881530761719,-1,-1,1,-1,-1,-1
322,9,1274.8994140625,687.1681518554688,-1,-1,1,-1,-1,-1
323,8,970.2752685546875,421.68585205078125,-1,-1,1,-1,-1,-1
323,9,1290.8763427734375,690.4249267578125,-1,-1,1,-1,-1,-1
324,8,984.5372314453125,422.29547119140625,-1,-1,1,-1,-1,-1
324,9,1310.9359130859375,694.0488891601562,-1,-1,1,-1,-1,-1
325,8,998.421630859375,423.91192626953125,-1,-1,1,-1,-1,-1
326,8,1005.7135009765625,428.3330078125,-1,-1,1,-1,-1,-1
327,8,1013.9080810546875,429.2598571777344,-1,-1,1,-1,-1,-1
328,8,1027.171630859375,430.38873291015625,-1,-1,1,-1,-1,-1
329,8,1041.0423583984375,431.4569091796875,-1,-1,1,-1,-1,-1
330,8,1048.652099609375,434.9971923828125,-1,-1,1,-1,-1,-1
331,8,1062.5877685546875,436.2598571777344,-1,-1,1,-1,-1,-1
332,8,1077.0084228515625,439.206787109375,-1,-1,1,-1,-1,-1
333,8,1090.7734375,442.1615295410156,-1,-1,1,-1,-1,-1
334,8,1098.79150390625,442.93902587890625,-1,-1,1,-1,-1,-1
335,8,1112.64111328125,444.9438171386719,-1,-1,1,-1,-1,-1
336,8,1127.42138671875,445.57635498046875,-1,-1,1,-1,-1,-1
337,8,1147.5439453125,446.4101867675781,-1,-1,1,-1,-1,-1
338,8,1162.156005859375,446.280029296875,-1,-1,1,-1,-1,-1
339,8,1177.0679931640625,449.96563720703125,-1,-1,1,-1,-1,-1
340,8,1198.400634765625,450.7885437011719,-1,-1,1,-1,-1,-1
341,8,1219.1207275390625,453.29302978515625,-1,-1,1,-1,-1,-1
342,8,1240.4951171875,452.1854248046875,-1,-1,1,-1,-1,-1
343,8,1261.762939453125,453.3317565917969,-1,-1,1,-1,-1,-1
344,8,1283.31982421875,452.6170959472656,-1,-1,1,-1,-1,-1
345,8,1304.281494140625,456.4263000488281,-1,-1,1,-1,-1,-1
346,8,1325.8121337890625,456.80865478515625,-1,-1,1,-1,-1,-1
347,8,1347.1639404296875,458.80743408203125,-1,-1,1,-1,-1,-1
348,8,1368.18359375,459.6595153808594,-1,-1,1,-1,-1,-1
349,8,1389.44970703125,464.42608642578125,-1,-1,1,-1,-1,-1
350,8,1410.8447265625,466.1807861328125,-1,-1,1,-1,-1,-1
351,8,1432.3204345703125,466.8856201171875,-1,-1,1,-1,-1,-1
352,8,1454.16552734375,466.9328918457031,-1,-1,1,-1,-1,-1
353,8,1481.957275390625,466.94287109375,-1,-1,1,-1,-1,-1
354,8,1503.318603515625,470.48211669921875,-1,-1,1,-1,-1,-1
355,8,1524.95458984375,470.3736572265625,-1,-1,1,-1,-1,-1
