57,1,820.3602294921875,642.1713256835938,-1,-1,1,-1,-1,-1
58,1,848.7750244140625,642.2294921875,-1,-1,1,-1,-1,-1
59,1,884.2659912109375,642.2737426757812,-1,-1,1,-1,-1,-1
60,1,919.6654052734375,642.320068359375,-1,-1,1,-1,-1,-1
61,1,948.1867065429688,642.1400146484375,-1,-1,1,-1,-1,-1
62,1,983.7711181640625,642.166259765625,-1,-1,1,-1,-1,-1
63,1,1012.171142578125,642.147216796875,-1,-1,1,-1,-1,-1
64,1,1047.7484130859375,642.0960693359375,-1,-1,1,-1,-1,-1
65,1,1076.22216796875,642.1068115234375,-1,-1,1,-1,-1,-1
66,1,1111.688232421875,642.1619262695312,-1,-1,1,-1,-1,-1
67,1,1147.1593017578125,642.175537109375,-1,-1,1,-1,-1,-1
68,1,1175.445556640625,649.111328125,-1,-1,1,-1,-1,-1
69,1,1203.87255859375,642.31640625,-1,-1,1,-1,-1,-1
70,1,1239.533447265625,649.125732421875,-1,-1,1,-1,-1,-1
71,1,1274.977294921875,649.1743774414062,-1,-1,1,-1,-1,-1
72,1,1303.423583984375,649.242919921875,-1,-1,1,-1,-1,-1
73,1,1339.1282958984375,649.2262573242188,-1,-1,1,-1,-1,-1
74,1,1374.59423828125,649.2471313476562,-1,-1,1,-1,-1,-1
75,1,1410.232421875,649.1702880859375,-1,-1,1,-1,-1,-1
76,1,1438.650146484375,649.2596435546875,-1,-1,1,-1,-1,-1
77,1,1474.2198486328125,649.2501220703125,-1,-1,1,-1,-1,-1
78,1,1509.645263671875,649.315185546875,-1,-1,1,-1,-1,-1
79,1,1552.4652099609375,649.3033447265625,-1,-1,1,-1,-1,-1
80,1,1587.86669921875,649.1848754882812,-1,-1,1,-1,-1,-1
81,1,1630.58935546875,649.2167358398438,-1,-1,1,-1,-1,-1
82,1,1673.16943359375,649.1815185546875,-1,-1,1,-1,-1,-1
83,1,1715.970703125,649.0440063476562,-1,-1,1,-1,-1,-1
84,1,1758.4095458984375,649.095458984375,-1,-1,1,-1,-1,-1
86,1,1850.4339599609375,648.8319702148438,-1,-1,1,-1,-1,-1
306,2,671.033935546875,663.4329833984375,-1,-1,1,-1,-1,-1
307,2,685.4603881835938,670.5150146484375,-1,-1,1,-1,-1,-1
308,2,671.2970581054688,677.772216796875,-1,-1,1,-1,-1,-1
309,2,685.4940185546875,677.832763671875,-1,-1,1,-1,-1,-1
310,2,699.821044921875,677.7821655273438,-1,-1,1,-1,-1,-1
311,2,713.8788452148438,677.915283203125,-1,-1,1,-1,-1,-1
312,2,728.0504150390625,670.6669311523438,-1,-1,1,-1,-1,-1
313,2,742.3460693359375,670.6554565429688,-1,-1,1,-1,-1,-1
314,2,756.4491577148438,670.6956176757812,-1,-1,1,-1,-1,-1
315,2,763.6168212890625,670.6174926757812,-1,-1,1,-1,-1,-1
316,2,777.8858642578125,670.6851806640625,-1,-1,1,-1,-1,-1
317,2,792.172119140625,670.695068359375,-1,-1,1,-1,-1,-1
318,2,806.200439453125,670.8009033203125,-1,-1,1,-1,-1,-1
319,2,820.34326171875,663.5990600585938,-1,-1,1,-1,-1,-1
320,2,834.6152954101562,663.717529296875,-1,-1,1,-1,-1,-1
321,2,848.8248901367188,663.6279296875,-1,-1,1,-1,-1,-1
322,2,863.0847778320312,663.6325073242188,-1,-1,1,-1,-1,-1
323,2,877.2581176757812,663.6334228515625,-1,-1,1,-1,-1,-1
324,2,891.4984130859375,663.770263671875,-1,-1,1,-1,-1,-1
325,2,905.7523193359375,663.75537109375,-1,-1,1,-1,-1,-1
326,2,919.885009765625,663.787109375,-1,-1,1,-1,-1,-1
327,2,934.0867919921875,663.603759765625,-1,-1,1,-1,-1,-1
328,2,948.3603515625,656.480712890625,-1,-1,1,-1,-1,-1
329,2,962.5463256835938,656.4608764648438,-1,-1,1,-1,-1,-1
330,2,969.5948486328125,656.61328125,-1,-1,1,-1,-1,-1
331,2,983.724853515625,656.60791015625,-1,-1,1,-1,-1,-1
332,2,997.94873046875,649.39892578125,-1,-1,1,-1,-1,-1
333,2,1012.3463134765625,649.4041748046875,-1,-1,1,-1,-1,-1
334,2,1019.2952880859375,649.5166015625,-1,-1,1,-1,-1,-1
335,2,1033.546630859375,649.647216796875,-1,-1,1,-1,-1,-1
336,2,1040.573974609375,649.7249145507812,-1,-1,1,-1,-1,-1
337,2,1054.855712890625,642.404296875,-1,-1,1,-1,-1,-1
338,2,1069.0517578125,642.358154296875,-1,-1,1,-1,-1,-1
339,2,1076.006591796875,642.3687744140625,-1,-1,1,-1,-1,-1
340,2,1090.4088134765625,635.015625,-1,-1,1,-1,-1,-1
341,2,1104.65966796875,635.076904296875,-1,-1,1,-1,-1,-1
342,2,1111.703369140625,635.20654296875,-1,-1,1,-1,-1,-1
343,2,1125.735107421875,635.21630859375,-1,-1,1,-1,-1,-1
344,2,1132.7579345703125,635.1781005859375,-1,-1,1,-1,-1,-1
345,2,1147.114990234375,635.2666015625,-1,-1,1,-1,-1,-1
346,2,1154.158447265625,635.061279296875,-1,-1,1,-1,-1,-1
347,2,1168.298095703125,634.9428100585938,-1,-1,1,-1,-1,-1
348,2,1182.559326171875,635.0880126953125,-1,-1,1,-1,-1,-1
349,2,1196.84326171875,635.0984497070312,-1,-1,1,-1,-1,-1
350,2,1203.86962890625,634.9596557617188,-1,-1,1,-1,-1,-1
351,2,1218.22119140625,634.93359375,-1,-1,1,-1,-1,-1
352,2,1225.0650634765625,642.4427490234375,-1,-1,1,-1,-1,-1
353,2,1239.373291015625,642.4052734375,-1,-1,1,-1,-1,-1
354,2,1253.540771484375,642.4881591796875,-1,-1,1,-1,-1,-1
355,2,1267.680419921875,642.3941650390625,-1,-1,1,-1,-1,-1
356,2,1282.115234375,642.3801879882812,-1,-1,1,-1,-1,-1
357,2,1289.282470703125,642.270263671875,-1,-1,1,-1,-1,-1
358,2,1303.347412109375,642.1939697265625,-1,-1,1,-1,-1,-1
359,2,1317.6064453125,642.1719970703125,-1,-1,1,-1,-1,-1
360,2,1331.8294677734375,642.32470703125,-1,-1,1,-1,-1,-1
