2,1,956.204345703125,536.1006469726562,-1,-1,1,-1,-1,-1
4,1,878.0205078125,528.8759765625,-1,-1,1,-1,-1,-1
5,1,842.49951171875,528.9750366210938,-1,-1,1,-1,-1,-1
7,1,785.64501953125,536.079833984375,-1,-1,1,-1,-1,-1
8,1,750.2731323242188,536.33984375,-1,-1,1,-1,-1,-1
9,1,721.750244140625,536.4005737304688,-1,-1,1,-1,-1,-1
12,1,601.160888671875,543.5220947265625,-1,-1,1,-1,-1,-1
13,1,551.5068359375,543.5033569335938,-1,-1,1,-1,-1,-1
14,1,501.48406982421875,543.3602905273438,-1,-1,1,-1,-1,-1
15,1,459.0404052734375,543.29638671875,-1,-1,1,-1,-1,-1
16,1,409.4769592285156,536.2356567382812,-1,-1,1,-1,-1,-1
17,1,359.6622314453125,536.3028564453125,-1,-1,1,-1,-1,-1
19,1,267.1551208496094,529.0408935546875,-1,-1,1,-1,-1,-1
20,1,224.59295654296875,528.8262939453125,-1,-1,1,-1,-1,-1
176,3,608.1529541015625,827.7503662109375,-1,-1,1,-1,-1,-1
177,3,586.572265625,821.281982421875,-1,-1,1,-1,-1,-1
186,3,544.1505737304688,791.8036499023438,-1,-1,1,-1,-1,-1
187,3,529.9990234375,784.91357421875,-1,-1,1,-1,-1,-1
194,2,415.4622802734375,536.6084594726562,-1,-1,1,-1,-1,-1
195,2,415.8438415527344,536.27783203125,-1,-1,1,-1,-1,-1
196,2,408.540771484375,536.3987426757812,-1,-1,1,-1,-1,-1
197,2,408.60552978515625,529.211181640625,-1,-1,1,-1,-1,-1
198,2,408.57183837890625,522.1572265625,-1,-1,1,-1,-1,-1
199,2,401.36627197265625,529.2630615234375,-1,-1,1,-1,-1,-1
200,2,408.70660400390625,529.1749267578125,-1,-1,1,-1,-1,-1
201,2,401.3848571777344,536.45458984375,-1,-1,1,-1,-1,-1
202,2,401.4400634765625,536.5358276367188,-1,-1,1,-1,-1,-1
203,2,401.62188720703125,536.3983764648438,-1,-1,1,-1,-1,-1
204,2,394.4549865722656,543.611572265625,-1,-1,1,-1,-1,-1
205,2,380.0975036621094,557.8695068359375,-1,-1,1,-1,-1,-1
206,2,380.3099670410156,550.7896728515625,-1,-1,1,-1,-1,-1
211,4,1183.069091796875,685.478515625,-1,-1,1,-1,-1,-1
212,4,1176.06787109375,685.10498046875,-1,-1,1,-1,-1,-1
224,4,1090.908935546875,713.6323852539062,-1,-1,1,-1,-1,-1
225,4,1076.767822265625,720.67138671875,-1,-1,1,-1,-1,-1
226,4,1069.57568359375,713.7354736328125,-1,-1,1,-1,-1,-1
228,4,1048.1455078125,713.6844482421875,-1,-1,1,-1,-1,-1
229,4,1041.05126953125,713.679931640625,-1,-1,1,-1,-1,-1
230,4,1026.863525390625,713.7657470703125,-1,-1,1,-1,-1,-1
231,4,1019.83984375,713.8482666015625,-1,-1,1,-1,-1,-1
232,4,1012.5953979492188,706.7376098632812,-1,-1,1,-1,-1,-1
233,4,1005.659912109375,713.670166015625,-1,-1,1,-1,-1,-1
234,4,991.61181640625,713.8275146484375,-1,-1,1,-1,-1,-1
235,4,984.3488159179688,713.6522216796875,-1,-1,1,-1,-1,-1
236,4,970.1452026367188,713.6036376953125,-1,-1,1,-1,-1,-1
237,4,955.9113159179688,713.68701171875,-1,-1,1,-1,-1,-1
238,4,941.7872314453125,720.7801513671875,-1,-1,1,-1,-1,-1
239,4,927.5382080078125,727.86376953125,-1,-1,1,-1,-1,-1
240,4,913.2579345703125,727.6485595703125,-1,-1,1,-1,-1,-1
242,4,877.7708740234375,727.7431640625,-1,-1,1,-1,-1,-1
243,4,863.4605102539062,713.8676147460938,-1,-1,1,-1,-1,-1
247,4,792.322021484375,706.568603515625,-1,-1,1,-1,-1,-1
248,4,771.12109375,713.9107666015625,-1,-1,1,-1,-1,-1
249,4,749.8826904296875,713.8692016601562,-1,-1,1,-1,-1,-1
251,4,714.344970703125,713.8480224609375,-1,-1,1,-1,-1,-1
252,4,699.9288330078125,706.5858764648438,-1,-1,1,-1,-1,-1
253,4,678.84375,713.8540649414062,-1,-1,1,-1,-1,-1
254,4,657.5848388671875,713.8660888671875,-1,-1,1,-1,-1,-1
255,4,643.2540283203125,706.8128051757812,-1,-1,1,-1,-1,-1
256,4,621.998779296875,713.81396484375,-1,-1,1,-1,-1,-1
257,4,600.8272705078125,706.7366943359375,-1,-1,1,-1,-1,-1
258,4,586.3639526367188,699.6094970703125,-1,-1,1,-1,-1,-1
259,4,565.1251220703125,699.6126098632812,-1,-1,1,-1,-1,-1
306,5,1332.298095703125,720.646728515625,-1,-1,1,-1,-1,-1
307,5,1304.159912109375,720.510498046875,-1,-1,1,-1,-1,-1
331,5,750.4744873046875,777.480712890625,-1,-1,1,-1,-1,-1
332,5,721.7676391601562,777.594970703125,-1,-1,1,-1,-1,-1
335,5,657.8280029296875,784.651611328125,-1,-1,1,-1,-1,-1
336,5,636.51806640625,784.7127075195312,-1,-1,1,-1,-1,-1
360,6,629.0496826171875,770.3495483398438,-1,-1,1,-1,-1,-1
361,6,607.8561401367188,777.6199340820312,-1,-1,1,-1,-1,-1
362,6,579.53662109375,777.491943359375,-1,-1,1,-1,-1,-1
363,6,550.8922119140625,777.48388671875,-1,-1,1,-1,-1,-1
364,6,529.540283203125,784.7161865234375,-1,-1,1,-1,-1,-1
365,6,501.07574462890625,784.6558837890625,-1,-1,1,-1,-1,-1
366,6,479.88482666015625,791.9009399414062,-1,-1,1,-1,-1,-1
367,6,451.5074462890625,798.9232788085938,-1,-1,1,-1,-1,-1
368,6,422.9912414550781,806.108642578125,-1,-1,1,-1,-1,-1
369,6,387.5483703613281,805.7487182617188,-1,-1,1,-1,-1,-1
370,6,359.0035400390625,813.0310668945312,-1,-1,1,-1,-1,-1
371,6,330.6246337890625,813.0569458007812,-1,-1,1,-1,-1,-1
372,6,295.02410888671875,820.221923828125,-1,-1,1,-1,-1,-1
373,6,259.37652587890625,820.1627197265625,-1,-1,1,-1,-1,-1
374,6,223.8905029296875,827.261962890625,-1,-1,1,-1,-1,-1
375,6,181.29043579101562,826.9171142578125,-1,-1,1,-1,-1,-1
376,6,145.68679809570312,834.290283203125,-1,-1,1,-1,-1,-1
377,6,103.22669219970703,834.056396484375,-1,-1,1,-1,-1,-1
378,6,67.79369354248047,841.382080078125,-1,-1,1,-1,-1,-1
464,7,1247.421630859375,656.8426513671875,-1,-1,1,-1,-1,-1
465,7,1211.860595703125,664.015380859375,-1,-1,1,-1,-1,-1
466,7,1169.4039306640625,671.1846923828125,-1,-1,1,-1,-1,-1
467,7,1133.7259521484375,670.9775390625,-1,-1,1,-1,-1,-1
468,7,1091.1904296875,678.29345703125,-1,-1,1,-1,-1,-1
469,7,1048.5379638671875,677.9840698242188,-1,-1,1,-1,-1,-1
470,7,1005.9971923828125,678.0350952148438,-1,-1,1,-1,-1,-1
471,7,956.2554931640625,677.89306640625,-1,-1,1,-1,-1,-1
472,7,906.5817260742188,677.8443603515625,-1,-1,1,-1,-1,-1
473,7,849.8060302734375,677.7918090820312,-1,-1,1,-1,-1,-1
474,7,800.07275390625,685.3134765625,-1,-1,1,-1,-1,-1
475,7,743.09716796875,685.1187744140625,-1,-1,1,-1,-1,-1
476,7,693.3268432617188,692.1181640625,-1,-1,1,-1,-1,-1
477,7,636.508544921875,699.356689453125,-1,-1,1,-1,-1,-1
478,7,579.8224487304688,713.6962280273438,-1,-1,1,-1,-1,-1
479,8,1375.306396484375,293.972412109375,-1,-1,1,-1,-1,-1
480,8,1339.89404296875,301.0843811035156,-1,-1,1,-1,-1,-1
481,8,1289.958740234375,308.35809326171875,-1,-1,1,-1,-1,-1
482,7,338.18927001953125,763.6641845703125,-1,-1,1,-1,-1,-1
482,8,1254.54052734375,315.36798095703125,-1,-1,1,-1,-1,-1
487,8,1055.7147216796875,393.6606750488281,-1,-1,1,-1,-1,-1
488,8,1019.9998168945312,393.3412780761719,-1,-1,1,-1,-1,-1
489,9,899.29345703125,600.015380859375,-1,-1,1,-1,-1,-1
490,9,849.689697265625,607.0093994140625,-1,-1,1,-1,-1,-1
492,9,757.144775390625,635.7191162109375,-1,-1,1,-1,-1,-1
493,9,728.437255859375,678.4288330078125,-1,-1,1,-1,-1,-1
494,9,657.7816162109375,649.7564697265625,-1,-1,1,-1,-1,-1
495,9,600.8538208007812,642.7222900390625,-1,-1,1,-1,-1,-1
496,9,551.0087890625,642.8021240234375,-1,-1,1,-1,-1,-1
497,10,1374.9775390625,798.877197265625,-1,-1,1,-1,-1,-1
498,9,437.1510009765625,650.0015869140625,-1,-1,1,-1,-1,-1
499,9,387.55914306640625,649.8799438476562,-1,-1,1,-1,-1,-1
499,10,1296.911865234375,798.8798217773438,-1,-1,1,-1,-1,-1
500,10,1254.40869140625,791.6941528320312,-1,-1,1,-1,-1,-1
501,10,1218.8372802734375,791.7987060546875,-1,-1,1,-1,-1,-1
502,10,1176.30029296875,791.57763671875,-1,-1,1,-1,-1,-1
503,10,1140.6611328125,784.5125732421875,-1,-1,1,-1,-1,-1
504,10,1105.206787109375,784.5108032226562,-1,-1,1,-1,-1,-1
505,10,1062.5587158203125,791.5570678710938,-1,-1,1,-1,-1,-1
506,10,1033.99462890625,784.5457763671875,-1,-1,1,-1,-1,-1
507,10,991.423583984375,784.4713134765625,-1,-1,1,-1,-1,-1
508,10,955.7911376953125,784.476806640625,-1,-1,1,-1,-1,-1
509,10,920.4061279296875,784.490966796875,-1,-1,1,-1,-1,-1
510,10,877.8035888671875,784.5919189453125,-1,-1,1,-1,-1,-1
511,10,835.0570068359375,784.5308227539062,-1,-1,1,-1,-1,-1
512,10,792.4930419921875,784.6912841796875,-1,-1,1,-1,-1,-1
513,10,749.886474609375,784.6484985351562,-1,-1,1,-1,-1,-1
514,10,707.26220703125,777.7542724609375,-1,-1,1,-1,-1,-1
515,10,664.583984375,777.8416137695312,-1,-1,1,-1,-1,-1
516,10,622.1142578125,784.7915649414062,-1,-1,1,-1,-1,-1
517,10,579.2626953125,784.7365112304688,-1,-1,1,-1,-1,-1
518,10,536.73828125,791.9459228515625,-1,-1,1,-1,-1,-1
519,10,494.03411865234375,799.06201171875,-1,-1,1,-1,-1,-1
520,10,451.4093017578125,798.9486083984375,-1,-1,1,-1,-1,-1
521,10,408.79412841796875,806.1619873046875,-1,-1,1,-1,-1,-1
522,10,366.16839599609375,805.9752197265625,-1,-1,1,-1,-1,-1
523,10,316.4583740234375,806.0322265625,-1,-1,1,-1,-1,-1
524,10,259.41363525390625,806.030517578125,-1,-1,1,-1,-1,-1
525,10,209.76614379882812,805.9862060546875,-1,-1,1,-1,-1,-1
526,10,159.95059204101562,806.02294921875,-1,-1,1,-1,-1,-1
527,10,110.268798828125,805.987548828125,-1,-1,1,-1,-1,-1
542,11,1517.27880859375,734.706787109375,-1,-1,1,-1,-1,-1
543,11,1481.72021484375,727.6698608398438,-1,-1,1,-1,-1,-1
544,11,1453.1600341796875,727.87255859375,-1,-1,1,-1,-1,-1
550,11,1275.8031005859375,699.06298828125,-1,-1,1,-1,-1,-1
551,11,1247.3819580078125,699.0789794921875,-1,-1,1,-1,-1,-1
552,11,1225.934814453125,692.041015625,-1,-1,1,-1,-1,-1
553,11,1190.59130859375,692.1322631835938,-1,-1,1,-1,-1,-1
554,11,1162.07958984375,692.1943359375,-1,-1,1,-1,-1,-1
555,11,1133.671142578125,692.16015625,-1,-1,1,-1,-1,-1
556,11,1098.1551513671875,692.0178833007812,-1,-1,1,-1,-1,-1
557,11,1069.71435546875,692.1615600585938,-1,-1,1,-1,-1,-1
558,11,1034.157958984375,692.2208251953125,-1,-1,1,-1,-1,-1
559,11,991.5015258789062,692.27783203125,-1,-1,1,-1,-1,-1
559,12,1233.27880859375,486.276611328125,-1,-1,1,-1,-1,-1
560,11,941.6075439453125,692.404052734375,-1,-1,1,-1,-1,-1
560,12,1226.198486328125,486.30303955078125,-1,-1,1,-1,-1,-1
561,11,891.8070678710938,685.1456298828125,-1,-1,1,-1,-1,-1
561,12,1226.23828125,486.24267578125,-1,-1,1,-1,-1,-1
562,11,842.2110595703125,685.2322998046875,-1,-1,1,-1,-1,-1
562,12,1219.10205078125,486.0380859375,-1,-1,1,-1,-1,-1
563,11,792.60986328125,685.265625,-1,-1,1,-1,-1,-1
563,12,1218.850830078125,493.4810791015625,-1,-1,1,-1,-1,-1
564,11,735.6834716796875,692.4083251953125,-1,-1,1,-1,-1,-1
564,12,1175.9501953125,564.035400390625,-1,-1,1,-1,-1,-1
565,12,1204.7451171875,500.43963623046875,-1,-1,1,-1,-1,-1
566,12,1154.78662109375,571.1126708984375,-1,-1,1,-1,-1,-1
567,12,1197.738525390625,507.46514892578125,-1,-1,1,-1,-1,-1
568,12,1190.64306640625,514.7240600585938,-1,-1,1,-1,-1,-1
568,13,1140.484375,585.5318603515625,-1,-1,1,-1,-1,-1
569,12,1176.3055419921875,528.9754638671875,-1,-1,1,-1,-1,-1
569,13,1126.270751953125,592.590087890625,-1,-1,1,-1,-1,-1
570,12,1169.365478515625,535.8134155273438,-1,-1,1,-1,-1,-1
570,13,1111.966064453125,606.9613037109375,-1,-1,1,-1,-1,-1
571,12,1162.148193359375,550.0546264648438,-1,-1,1,-1,-1,-1
571,13,1090.633056640625,613.885986328125,-1,-1,1,-1,-1,-1
572,12,1140.7476806640625,564.55810546875,-1,-1,1,-1,-1,-1
572,13,1076.48388671875,628.261474609375,-1,-1,1,-1,-1,-1
573,12,1126.574951171875,578.6810302734375,-1,-1,1,-1,-1,-1
573,13,1062.2728271484375,649.7738037109375,-1,-1,1,-1,-1,-1
574,12,1112.3837890625,585.60400390625,-1,-1,1,-1,-1,-1
574,13,1033.933349609375,656.55322265625,-1,-1,1,-1,-1,-1
575,12,1091.085205078125,599.953857421875,-1,-1,1,-1,-1,-1
575,13,1012.5615234375,670.8699951171875,-1,-1,1,-1,-1,-1
575,14,1133.5380859375,557.5103149414062,-1,-1,1,-1,-1,-1
576,14,1112.465087890625,571.5955810546875,-1,-1,1,-1,-1,-1
577,12,1041.306884765625,621.2259521484375,-1,-1,1,-1,-1,-1
578,12,1012.9660034179688,628.5079345703125,-1,-1,1,-1,-1,-1
579,12,984.52490234375,642.5443725585938,-1,-1,1,-1,-1,-1
580,12,963.3497314453125,649.580810546875,-1,-1,1,-1,-1,-1
581,12,934.908935546875,656.6777954101562,-1,-1,1,-1,-1,-1
582,12,906.517578125,663.7967529296875,-1,-1,1,-1,-1,-1
583,12,878.1143798828125,671.0029296875,-1,-1,1,-1,-1,-1
584,12,849.723876953125,671.0563354492188,-1,-1,1,-1,-1,-1
584,13,749.966552734375,741.830322265625,-1,-1,1,-1,-1,-1
585,12,821.2967529296875,678.0491333007812,-1,-1,1,-1,-1,-1
585,13,714.1931762695312,749.1851806640625,-1,-1,1,-1,-1,-1
586,12,792.85693359375,678.01953125,-1,-1,1,-1,-1,-1
587,12,764.4293212890625,685.2127685546875,-1,-1,1,-1,-1,-1
589,12,707.6229248046875,692.0672607421875,-1,-1,1,-1,-1,-1
589,14,757.259765625,656.8460693359375,-1,-1,1,-1,-1,-1
590,12,664.914306640625,699.4993896484375,-1,-1,1,-1,-1,-1
590,14,728.8955078125,656.736083984375,-1,-1,1,-1,-1,-1
591,12,629.324951171875,699.3130493164062,-1,-1,1,-1,-1,-1
591,14,686.0780029296875,663.99072265625,-1,-1,1,-1,-1,-1
591,15,1105.640869140625,713.9074096679688,-1,-1,1,-1,-1,-1
592,12,593.952880859375,706.4627075195312,-1,-1,1,-1,-1,-1
592,14,650.3458251953125,663.9620361328125,-1,-1,1,-1,-1,-1
592,15,1076.978515625,713.8479614257812,-1,-1,1,-1,-1,-1
593,12,558.4496459960938,706.220703125,-1,-1,1,-1,-1,-1
593,14,615.0377197265625,670.9007568359375,-1,-1,1,-1,-1,-1
594,12,515.5970458984375,706.423095703125,-1,-1,1,-1,-1,-1
594,14,579.3948364257812,670.648193359375,-1,-1,1,-1,-1,-1
595,12,472.89801025390625,713.3001708984375,-1,-1,1,-1,-1,-1
595,14,536.8458251953125,677.7978515625,-1,-1,1,-1,-1,-1
596,12,430.2607727050781,720.458251953125,-1,-1,1,-1,-1,-1
596,14,494.06744384765625,685.1235961914062,-1,-1,1,-1,-1,-1
597,14,451.4639587402344,685.05029296875,-1,-1,1,-1,-1,-1
598,14,408.8082580566406,691.9615478515625,-1,-1,1,-1,-1,-1
601,15,743.1177368164062,749.4257202148438,-1,-1,1,-1,-1,-1
601,16,1531.15478515625,629.06982421875,-1,-1,1,-1,-1,-1
602,15,700.4609985351562,756.5526123046875,-1,-1,1,-1,-1,-1
603,16,1452.892822265625,629.0416259765625,-1,-1,1,-1,-1,-1
604,16,1417.2359619140625,635.84326171875,-1,-1,1,-1,-1,-1
605,16,1367.5552978515625,635.9950561523438,-1,-1,1,-1,-1,-1
606,16,1339.1580810546875,635.958251953125,-1,-1,1,-1,-1,-1
607,16,1303.6822509765625,635.846435546875,-1,-1,1,-1,-1,-1
608,15,451.863037109375,777.5686645507812,-1,-1,1,-1,-1,-1
608,16,1268.103271484375,628.5723266601562,-1,-1,1,-1,-1,-1
609,15,416.3292541503906,784.868896484375,-1,-1,1,-1,-1,-1
609,16,1239.71630859375,635.62890625,-1,-1,1,-1,-1,-1
610,16,1204.3665771484375,614.0510864257812,-1,-1,1,-1,-1,-1
611,16,1176.068359375,614.0623779296875,-1,-1,1,-1,-1,-1
747,17,820.5015869140625,756.7761840820312,-1,-1,1,-1,-1,-1
749,17,749.5213623046875,756.919189453125,-1,-1,1,-1,-1,-1
750,17,720.9300537109375,763.8931884765625,-1,-1,1,-1,-1,-1
751,17,692.0107421875,771.1824951171875,-1,-1,1,-1,-1,-1
752,17,643.080078125,778.0478515625,-1,-1,1,-1,-1,-1
1029,18,1311.197509765625,493.42041015625,-1,-1,1,-1,-1,-1
1030,18,1289.6748046875,493.49053955078125,-1,-1,1,-1,-1,-1
1031,18,1268.47314453125,486.1143493652344,-1,-1,1,-1,-1,-1
1032,18,1239.99462890625,486.03277587890625,-1,-1,1,-1,-1,-1
1033,18,1218.849609375,486.0738525390625,-1,-1,1,-1,-1,-1
1034,18,1190.4013671875,486.1553955078125,-1,-1,1,-1,-1,-1
1035,18,1162.097412109375,485.94573974609375,-1,-1,1,-1,-1,-1
1036,18,1140.819580078125,485.911865234375,-1,-1,1,-1,-1,-1
1037,18,1105.2900390625,485.97662353515625,-1,-1,1,-1,-1,-1
1038,18,1076.809814453125,486.0203857421875,-1,-1,1,-1,-1,-1
1042,18,955.9280395507812,464.7674255371094,-1,-1,1,-1,-1,-1
1043,18,920.3099975585938,464.76611328125,-1,-1,1,-1,-1,-1
1044,18,877.7694702148438,457.75885009765625,-1,-1,1,-1,-1,-1
1046,18,799.4835815429688,450.8658142089844,-1,-1,1,-1,-1,-1
1153,19,877.0474243164062,351.1556701660156,-1,-1,1,-1,-1,-1
1154,19,870.06884765625,358.0952453613281,-1,-1,1,-1,-1,-1
1160,19,827.7366943359375,365.2944030761719,-1,-1,1,-1,-1,-1
1161,19,813.7227172851562,372.0869140625,-1,-1,1,-1,-1,-1
1241,20,1083.677490234375,685.121337890625,-1,-1,1,-1,-1,-1
1242,20,1062.473876953125,685.078125,-1,-1,1,-1,-1,-1
1288,20,252.39175415039062,628.5513916015625,-1,-1,1,-1,-1,-1
1289,20,245.27468872070312,635.6884765625,-1,-1,1,-1,-1,-1
1290,20,238.10153198242188,635.738037109375,-1,-1,1,-1,-1,-1
1291,20,231.17449951171875,628.7166748046875,-1,-1,1,-1,-1,-1
1292,20,216.889892578125,628.5888671875,-1,-1,1,-1,-1,-1
1293,20,216.91517639160156,628.6126708984375,-1,-1,1,-1,-1,-1
1294,20,209.80307006835938,628.6367797851562,-1,-1,1,-1,-1,-1
1295,20,202.67645263671875,628.6119384765625,-1,-1,1,-1,-1,-1
1296,20,195.62161254882812,628.5235595703125,-1,-1,1,-1,-1,-1
1297,20,181.3701171875,628.6759033203125,-1,-1,1,-1,-1,-1
1298,20,174.2261962890625,628.66259765625,-1,-1,1,-1,-1,-1
1299,20,167.11517333984375,628.7373046875,-1,-1,1,-1,-1,-1
1300,20,152.91192626953125,628.5988159179688,-1,-1,1,-1,-1,-1
1301,20,145.8369140625,621.5038452148438,-1,-1,1,-1,-1,-1
1302,20,131.54624938964844,621.4863891601562,-1,-1,1,-1,-1,-1
1303,20,117.37617492675781,621.5284423828125,-1,-1,1,-1,-1,-1
1304,20,96.09072875976562,621.4346313476562,-1,-1,1,-1,-1,-1
1305,20,81.77268981933594,621.4345092773438,-1,-1,1,-1,-1,-1
1306,20,67.6048355102539,621.4722900390625,-1,-1,1,-1,-1,-1
1307,20,46.468257904052734,621.443115234375,-1,-1,1,-1,-1,-1
1462,21,579.177978515625,365.1982421875,-1,-1,1,-1,-1,-1
1463,21,544.1387939453125,379.34027099609375,-1,-1,1,-1,-1,-1
1464,21,515.0639038085938,364.93487548828125,-1,-1,1,-1,-1,-1
1465,21,479.65386962890625,365.06829833984375,-1,-1,1,-1,-1,-1
1466,21,429.90191650390625,365.1170654296875,-1,-1,1,-1,-1,-1
1467,21,394.5992431640625,364.9365234375,-1,-1,1,-1,-1,-1
1468,21,344.58392333984375,365.06219482421875,-1,-1,1,-1,-1,-1
1578,22,1730.277099609375,664.0371704101562,-1,-1,1,-1,-1,-1
1605,22,1453.170654296875,649.5599365234375,-1,-1,1,-1,-1,-1
1606,22,1439.092041015625,649.572021484375,-1,-1,1,-1,-1,-1
1607,22,1417.60107421875,656.860107421875,-1,-1,1,-1,-1,-1
1608,22,1403.4415283203125,663.8350830078125,-1,-1,1,-1,-1,-1
1609,22,1382.1378173828125,663.821044921875,-1,-1,1,-1,-1,-1
1610,22,1367.919921875,671.0235595703125,-1,-1,1,-1,-1,-1
1611,22,1346.6561279296875,670.8660888671875,-1,-1,1,-1,-1,-1
1612,22,1325.299560546875,678.1348876953125,-1,-1,1,-1,-1,-1
1613,22,1304.042236328125,677.9908447265625,-1,-1,1,-1,-1,-1
1614,22,1282.69921875,685.2069091796875,-1,-1,1,-1,-1,-1
1615,22,1268.42138671875,692.146240234375,-1,-1,1,-1,-1,-1
1616,22,1247.216064453125,692.0369873046875,-1,-1,1,-1,-1,-1
1617,22,1225.959228515625,699.2205810546875,-1,-1,1,-1,-1,-1
1618,22,1204.5263671875,706.41064453125,-1,-1,1,-1,-1,-1
1619,22,1183.275634765625,706.2748413085938,-1,-1,1,-1,-1,-1
1620,22,1168.964111328125,713.5783081054688,-1,-1,1,-1,-1,-1
1621,22,1147.64111328125,713.3438720703125,-1,-1,1,-1,-1,-1
1622,22,1126.4610595703125,713.3463134765625,-1,-1,1,-1,-1,-1
1623,22,1105.137451171875,713.3446044921875,-1,-1,1,-1,-1,-1
1624,22,1083.666015625,720.6097412109375,-1,-1,1,-1,-1,-1
1625,22,1069.47998046875,720.4296875,-1,-1,1,-1,-1,-1
1626,22,1048.1348876953125,713.279296875,-1,-1,1,-1,-1,-1
1627,22,1019.8900756835938,713.4451904296875,-1,-1,1,-1,-1,-1
1628,22,1005.58544921875,713.2724609375,-1,-1,1,-1,-1,-1
1629,22,984.3199462890625,713.4818115234375,-1,-1,1,-1,-1,-1
1630,22,963.0201416015625,713.3232421875,-1,-1,1,-1,-1,-1
1631,22,941.5615234375,713.6151123046875,-1,-1,1,-1,-1,-1
1632,22,920.2711181640625,713.6322021484375,-1,-1,1,-1,-1,-1
1636,22,849.190673828125,706.2120971679688,-1,-1,1,-1,-1,-1
1637,22,828.0428466796875,706.22021484375,-1,-1,1,-1,-1,-1
1638,22,806.78662109375,706.32568359375,-1,-1,1,-1,-1,-1
1643,22,707.2779541015625,706.348388671875,-1,-1,1,-1,-1,-1
1644,22,693.0712890625,706.387451171875,-1,-1,1,-1,-1,-1
1646,22,650.3648681640625,699.0752563476562,-1,-1,1,-1,-1,-1
1647,22,622.0530395507812,699.213623046875,-1,-1,1,-1,-1,-1
1651,22,515.3225708007812,685.1190795898438,-1,-1,1,-1,-1,-1
1652,22,480.019775390625,677.643798828125,-1,-1,1,-1,-1,-1
1653,22,451.38665771484375,670.613525390625,-1,-1,1,-1,-1,-1
1722,23,1204.591796875,457.4996337890625,-1,-1,1,-1,-1,-1
1723,23,1197.298583984375,450.253662109375,-1,-1,1,-1,-1,-1
1724,23,1183.197021484375,450.0373840332031,-1,-1,1,-1,-1,-1
1725,23,1175.9844970703125,450.38275146484375,-1,-1,1,-1,-1,-1
1864,24,1012.5799560546875,521.37353515625,-1,-1,1,-1,-1,-1
1865,24,1012.56298828125,507.5118408203125,-1,-1,1,-1,-1,-1
1866,24,998.5526123046875,507.68475341796875,-1,-1,1,-1,-1,-1
1867,24,984.2987060546875,514.8641967773438,-1,-1,1,-1,-1,-1
1868,24,969.984130859375,521.9248046875,-1,-1,1,-1,-1,-1
1870,24,955.8460083007812,529.1006469726562,-1,-1,1,-1,-1,-1
1871,24,941.6146240234375,536.302490234375,-1,-1,1,-1,-1,-1
1880,24,870.47412109375,564.4814453125,-1,-1,1,-1,-1,-1
1881,24,863.6456909179688,571.8193359375,-1,-1,1,-1,-1,-1
1882,24,856.4805297851562,571.8779296875,-1,-1,1,-1,-1,-1
1883,24,849.3662719726562,571.8626098632812,-1,-1,1,-1,-1,-1
1884,24,842.2734375,571.7493896484375,-1,-1,1,-1,-1,-1
1885,24,835.283447265625,578.9195556640625,-1,-1,1,-1,-1,-1
1887,24,813.941650390625,571.8320922851562,-1,-1,1,-1,-1,-1
1888,24,806.679931640625,571.6900634765625,-1,-1,1,-1,-1,-1
1889,24,799.6697998046875,564.6754150390625,-1,-1,1,-1,-1,-1
1890,24,799.6611938476562,571.8201904296875,-1,-1,1,-1,-1,-1
1891,24,799.7470703125,564.7040405273438,-1,-1,1,-1,-1,-1
1892,24,799.6349487304688,571.839599609375,-1,-1,1,-1,-1,-1
1893,24,799.730712890625,571.9447021484375,-1,-1,1,-1,-1,-1
1894,24,792.459716796875,571.8323364257812,-1,-1,1,-1,-1,-1
1895,24,792.461181640625,571.7376708984375,-1,-1,1,-1,-1,-1
1896,24,792.6571655273438,571.7740478515625,-1,-1,1,-1,-1,-1
1897,24,792.6434326171875,579.1087646484375,-1,-1,1,-1,-1,-1
1898,24,785.3487548828125,579.1028442382812,-1,-1,1,-1,-1,-1
1899,24,785.2443237304688,579.0423583984375,-1,-1,1,-1,-1,-1
1901,24,785.4027099609375,571.7529296875,-1,-1,1,-1,-1,-1
1902,24,778.1700439453125,571.71484375,-1,-1,1,-1,-1,-1
1903,24,778.0604248046875,571.743408203125,-1,-1,1,-1,-1,-1
1904,24,778.1385498046875,571.784912109375,-1,-1,1,-1,-1,-1
1943,25,1502.775146484375,315.8011474609375,-1,-1,1,-1,-1,-1
1944,25,1481.25830078125,315.8463439941406,-1,-1,1,-1,-1,-1
1948,25,1410.331787109375,301.66259765625,-1,-1,1,-1,-1,-1
1949,25,1389.1412353515625,294.485595703125,-1,-1,1,-1,-1,-1
1959,25,1197.182861328125,266.05999755859375,-1,-1,1,-1,-1,-1
1960,25,1175.742919921875,265.8955383300781,-1,-1,1,-1,-1,-1
1961,25,1161.608642578125,258.9548645019531,-1,-1,1,-1,-1,-1
1962,25,1140.2650146484375,258.8880310058594,-1,-1,1,-1,-1,-1
1963,25,1126.217041015625,258.8269958496094,-1,-1,1,-1,-1,-1
1964,25,1104.9189453125,251.8779296875,-1,-1,1,-1,-1,-1
1965,25,1090.689208984375,251.88363647460938,-1,-1,1,-1,-1,-1
1966,25,1076.44140625,251.8671875,-1,-1,1,-1,-1,-1
1967,25,1055.236572265625,251.636962890625,-1,-1,1,-1,-1,-1
1968,25,1040.913818359375,251.73895263671875,-1,-1,1,-1,-1,-1
1969,25,1026.8935546875,251.62136840820312,-1,-1,1,-1,-1,-1
1970,25,1012.4276123046875,251.68313598632812,-1,-1,1,-1,-1,-1
1972,25,983.9337158203125,251.7635498046875,-1,-1,1,-1,-1,-1
1973,25,969.764404296875,251.79981994628906,-1,-1,1,-1,-1,-1
1974,25,962.5438842773438,251.7698974609375,-1,-1,1,-1,-1,-1
1992,25,735.56396484375,187.81039428710938,-1,-1,1,-1,-1,-1
1993,25,714.236083984375,187.82534790039062,-1,-1,1,-1,-1,-1
1994,25,692.7015380859375,187.75587463378906,-1,-1,1,-1,-1,-1
1995,25,678.6738891601562,180.6007080078125,-1,-1,1,-1,-1,-1
1996,25,628.9974365234375,216.25802612304688,-1,-1,1,-1,-1,-1
2017,25,188.54611206054688,152.05535888671875,-1,-1,1,-1,-1,-1
2018,25,160.08045959472656,152.34381103515625,-1,-1,1,-1,-1,-1
2019,25,124.5731201171875,159.3949737548828,-1,-1,1,-1,-1,-1
2020,25,96.17522430419922,159.42465209960938,-1,-1,1,-1,-1,-1
2272,26,1666.07470703125,699.5601806640625,-1,-1,1,-1,-1,-1
2273,26,1644.805419921875,699.4431762695312,-1,-1,1,-1,-1,-1
2283,26,1367.640869140625,685.314208984375,-1,-1,1,-1,-1,-1
2284,26,1332.269287109375,685.1199951171875,-1,-1,1,-1,-1,-1
2285,26,1296.658935546875,685.2537841796875,-1,-1,1,-1,-1,-1
2286,26,1261.2183837890625,685.1022338867188,-1,-1,1,-1,-1,-1
2287,26,1225.7347412109375,685.1032104492188,-1,-1,1,-1,-1,-1
2288,26,1190.22021484375,685.2442626953125,-1,-1,1,-1,-1,-1
2289,26,1154.5546875,692.474365234375,-1,-1,1,-1,-1,-1
2290,26,1119.021484375,692.3617553710938,-1,-1,1,-1,-1,-1
2291,26,1090.52734375,699.5181884765625,-1,-1,1,-1,-1,-1
2293,26,1012.4676513671875,706.7514038085938,-1,-1,1,-1,-1,-1
2294,26,977.1771240234375,706.4603881835938,-1,-1,1,-1,-1,-1
2295,26,934.05712890625,706.450439453125,-1,-1,1,-1,-1,-1
2296,26,891.501953125,713.8270263671875,-1,-1,1,-1,-1,-1
2297,26,834.69775390625,713.5469970703125,-1,-1,1,-1,-1,-1
2297,27,1410.5313720703125,720.5493774414062,-1,-1,1,-1,-1,-1
2298,26,799.1409912109375,720.7059326171875,-1,-1,1,-1,-1,-1
2298,27,1375.080078125,720.57373046875,-1,-1,1,-1,-1,-1
2299,26,756.7415771484375,720.6658325195312,-1,-1,1,-1,-1,-1
2299,27,1346.7421875,720.7996826171875,-1,-1,1,-1,-1,-1
2300,26,721.0438842773438,720.669189453125,-1,-1,1,-1,-1,-1
2300,27,1311.11181640625,720.4976806640625,-1,-1,1,-1,-1,-1
2301,26,678.6270751953125,727.8350830078125,-1,-1,1,-1,-1,-1
2302,26,635.5831298828125,727.8018188476562,-1,-1,1,-1,-1,-1
2302,27,1247.291015625,727.8150634765625,-1,-1,1,-1,-1,-1
2303,27,1211.664794921875,727.9898071289062,-1,-1,1,-1,-1,-1
2305,27,1147.73291015625,734.884033203125,-1,-1,1,-1,-1,-1
2306,26,458.0391845703125,742.1129760742188,-1,-1,1,-1,-1,-1
2306,27,1112.22021484375,734.7068481445312,-1,-1,1,-1,-1,-1
2307,27,1076.799072265625,734.9151000976562,-1,-1,1,-1,-1,-1
2308,27,1048.07666015625,742.0823974609375,-1,-1,1,-1,-1,-1
2309,27,1012.5442504882812,741.95947265625,-1,-1,1,-1,-1,-1
2319,27,700.0103149414062,741.9412841796875,-1,-1,1,-1,-1,-1
2320,27,664.376708984375,741.98876953125,-1,-1,1,-1,-1,-1
2322,27,586.465087890625,735.169921875,-1,-1,1,-1,-1,-1
2323,27,550.8847045898438,735.1190185546875,-1,-1,1,-1,-1,-1
2324,27,508.38128662109375,735.072021484375,-1,-1,1,-1,-1,-1
2550,28,756.8995361328125,407.9744873046875,-1,-1,1,-1,-1,-1
2551,28,679.4380493164062,429.2703857421875,-1,-1,1,-1,-1,-1
2552,28,600.7244873046875,401.03021240234375,-1,-1,1,-1,-1,-1
2554,28,423.2308349609375,394.1114501953125,-1,-1,1,-1,-1,-1
2555,28,338.450439453125,379.7425537109375,-1,-1,1,-1,-1,-1
2556,28,231.57308959960938,365.541748046875,-1,-1,1,-1,-1,-1
2557,28,132.08016967773438,351.421142578125,-1,-1,1,-1,-1,-1
2808,29,494.1398620605469,685.0952758789062,-1,-1,1,-1,-1,-1
2809,29,444.5838317871094,692.2376708984375,-1,-1,1,-1,-1,-1
2810,29,394.90301513671875,692.0385131835938,-1,-1,1,-1,-1,-1
2811,29,344.9898681640625,699.312744140625,-1,-1,1,-1,-1,-1
2812,29,295.1978454589844,706.3902587890625,-1,-1,1,-1,-1,-1
2850,30,643.608642578125,755.8582763671875,-1,-1,1,-1,-1,-1
2851,30,594.067138671875,762.8367919921875,-1,-1,1,-1,-1,-1
2852,30,544.0491943359375,763.0343017578125,-1,-1,1,-1,-1,-1
2853,30,487.35888671875,763.2069702148438,-1,-1,1,-1,-1,-1
2938,31,1481.7099609375,706.650146484375,-1,-1,1,-1,-1,-1
2939,31,1474.7581787109375,706.682861328125,-1,-1,1,-1,-1,-1
2940,31,1467.59814453125,713.7927856445312,-1,-1,1,-1,-1,-1
2941,31,1460.502685546875,720.7332763671875,-1,-1,1,-1,-1,-1
2947,31,1396.3519287109375,720.7921142578125,-1,-1,1,-1,-1,-1
2948,31,1382.126220703125,720.736328125,-1,-1,1,-1,-1,-1
2971,32,1048.52783203125,756.084228515625,-1,-1,1,-1,-1,-1
2972,32,1013.1156005859375,763.343505859375,-1,-1,1,-1,-1,-1
2973,32,977.3624267578125,763.075439453125,-1,-1,1,-1,-1,-1
2974,32,941.8953857421875,755.9925537109375,-1,-1,1,-1,-1,-1
2975,32,913.48779296875,756.2514038085938,-1,-1,1,-1,-1,-1
2976,32,877.8931884765625,749.027099609375,-1,-1,1,-1,-1,-1
2977,32,842.407958984375,749.2171630859375,-1,-1,1,-1,-1,-1
2978,32,821.3403930664062,748.9815673828125,-1,-1,1,-1,-1,-1
2979,32,778.076904296875,734.9935302734375,-1,-1,1,-1,-1,-1
2980,32,749.716796875,742.309814453125,-1,-1,1,-1,-1,-1
2981,32,721.46337890625,742.1848754882812,-1,-1,1,-1,-1,-1
2982,32,678.7745971679688,734.9712524414062,-1,-1,1,-1,-1,-1
2983,32,650.7001953125,734.8091430664062,-1,-1,1,-1,-1,-1
2984,32,607.6383056640625,742.207275390625,-1,-1,1,-1,-1,-1
2985,32,565.1241455078125,735.0054321289062,-1,-1,1,-1,-1,-1
2986,32,515.337890625,727.6896362304688,-1,-1,1,-1,-1,-1
2987,32,465.589599609375,720.7210693359375,-1,-1,1,-1,-1,-1
3094,33,593.5043334960938,770.336181640625,-1,-1,1,-1,-1,-1
3095,33,557.984619140625,777.2327880859375,-1,-1,1,-1,-1,-1
3097,33,479.83294677734375,784.536376953125,-1,-1,1,-1,-1,-1
3098,33,444.4610595703125,791.7296142578125,-1,-1,1,-1,-1,-1
3155,34,1588.1951904296875,677.982421875,-1,-1,1,-1,-1,-1
3156,34,1574.19384765625,678.1132202148438,-1,-1,1,-1,-1,-1
3157,34,1545.649169921875,677.8436279296875,-1,-1,1,-1,-1,-1
3158,34,1531.37744140625,677.6630859375,-1,-1,1,-1,-1,-1
3162,34,1466.87255859375,670.8922119140625,-1,-1,1,-1,-1,-1
3163,34,1452.92626953125,670.821533203125,-1,-1,1,-1,-1,-1
3164,34,1431.591796875,670.8902587890625,-1,-1,1,-1,-1,-1
3165,34,1417.431396484375,663.8349609375,-1,-1,1,-1,-1,-1
3166,34,1403.2874755859375,663.9716796875,-1,-1,1,-1,-1,-1
3167,34,1388.933349609375,656.6431884765625,-1,-1,1,-1,-1,-1
3182,34,1168.603515625,621.5777587890625,-1,-1,1,-1,-1,-1
3183,34,1140.137939453125,614.431884765625,-1,-1,1,-1,-1,-1
3184,34,1118.8360595703125,614.65625,-1,-1,1,-1,-1,-1
3185,34,1090.57568359375,614.9403686523438,-1,-1,1,-1,-1,-1
3193,34,920.2691650390625,621.82861328125,-1,-1,1,-1,-1,-1
3194,34,892.027587890625,614.297119140625,-1,-1,1,-1,-1,-1
3195,34,870.7518310546875,614.44775390625,-1,-1,1,-1,-1,-1
3196,34,841.97900390625,614.4917602539062,-1,-1,1,-1,-1,-1
3197,34,821.0781860351562,614.4367065429688,-1,-1,1,-1,-1,-1
3198,34,792.4669189453125,614.544921875,-1,-1,1,-1,-1,-1
3199,34,763.918212890625,621.5438232421875,-1,-1,1,-1,-1,-1
3200,34,742.414306640625,621.4437255859375,-1,-1,1,-1,-1,-1
3201,34,714.2392578125,621.5357666015625,-1,-1,1,-1,-1,-1
3202,34,685.9044189453125,621.3502197265625,-1,-1,1,-1,-1,-1
3203,34,657.4857788085938,621.4631958007812,-1,-1,1,-1,-1,-1
3204,34,636.3380126953125,621.4632568359375,-1,-1,1,-1,-1,-1
3207,34,536.6007690429688,614.468505859375,-1,-1,1,-1,-1,-1
3208,34,500.88983154296875,614.4813232421875,-1,-1,1,-1,-1,-1
4064,35,1446.431640625,664.615234375,-1,-1,1,-1,-1,-1
4065,35,1411.0450439453125,664.4244995117188,-1,-1,1,-1,-1,-1
4066,35,1375.333984375,664.5276489257812,-1,-1,1,-1,-1,-1
4067,35,1325.383544921875,656.9293212890625,-1,-1,1,-1,-1,-1
4068,35,1289.90234375,657.2344970703125,-1,-1,1,-1,-1,-1
4082,35,707.0968017578125,628.9449462890625,-1,-1,1,-1,-1,-1
4083,35,657.6778564453125,621.4981079101562,-1,-1,1,-1,-1,-1
4084,35,614.8228759765625,614.6175537109375,-1,-1,1,-1,-1,-1
4085,35,572.1012573242188,607.6336669921875,-1,-1,1,-1,-1,-1
4175,36,1345.932373046875,593.4657592773438,-1,-1,1,-1,-1,-1
4176,36,1324.614990234375,586.421875,-1,-1,1,-1,-1,-1
4177,36,1296.78271484375,586.1001586914062,-1,-1,1,-1,-1,-1
4178,36,1275.5125732421875,586.08056640625,-1,-1,1,-1,-1,-1
4179,36,1246.640869140625,586.2533569335938,-1,-1,1,-1,-1,-1
4181,36,1175.979736328125,586.11767578125,-1,-1,1,-1,-1,-1
4182,36,1133.46484375,579.0240478515625,-1,-1,1,-1,-1,-1
4183,36,1090.5849609375,579.1240234375,-1,-1,1,-1,-1,-1
4185,36,1019.669677734375,579.10400390625,-1,-1,1,-1,-1,-1
4185,37,1396.599609375,621.2415161132812,-1,-1,1,-1,-1,-1
4186,36,976.9624633789062,579.0401611328125,-1,-1,1,-1,-1,-1
4186,37,1361.100830078125,621.249267578125,-1,-1,1,-1,-1,-1
4187,36,941.31884765625,586.2380981445312,-1,-1,1,-1,-1,-1
4187,37,1318.520751953125,628.219482421875,-1,-1,1,-1,-1,-1
4188,36,905.8343505859375,586.0,-1,-1,1,-1,-1,-1
4188,37,1275.8367919921875,628.3348388671875,-1,-1,1,-1,-1,-1
4189,37,1239.94287109375,628.6251220703125,-1,-1,1,-1,-1,-1
4190,37,1204.32861328125,635.6138916015625,-1,-1,1,-1,-1,-1
4191,37,1154.4407958984375,635.6919555664062,-1,-1,1,-1,-1,-1
4201,37,828.1708984375,756.205810546875,-1,-1,1,-1,-1,-1
4202,37,778.2955322265625,763.3023681640625,-1,-1,1,-1,-1,-1
4203,37,735.7579345703125,770.4134521484375,-1,-1,1,-1,-1,-1
4204,37,686.0149536132812,777.5193481445312,-1,-1,1,-1,-1,-1
4205,37,629.1961669921875,784.4674072265625,-1,-1,1,-1,-1,-1
4206,37,572.3493041992188,784.4578247070312,-1,-1,1,-1,-1,-1
4207,37,515.42041015625,784.6083984375,-1,-1,1,-1,-1,-1
4208,37,451.63482666015625,777.35791015625,-1,-1,1,-1,-1,-1
4209,37,373.46044921875,777.3621826171875,-1,-1,1,-1,-1,-1
4211,37,217.2989501953125,756.3272705078125,-1,-1,1,-1,-1,-1
4212,37,124.81940460205078,749.0310668945312,-1,-1,1,-1,-1,-1
4226,38,1297.182373046875,876.7740478515625,-1,-1,1,-1,-1,-1
4227,38,1254.599365234375,884.1329345703125,-1,-1,1,-1,-1,-1
4228,38,1211.868896484375,883.993408203125,-1,-1,1,-1,-1,-1
4229,38,1176.485595703125,891.1838989257812,-1,-1,1,-1,-1,-1
4264,39,1432.117919921875,209.53431701660156,-1,-1,1,-1,-1,-1
4265,39,1410.927490234375,209.32025146484375,-1,-1,1,-1,-1,-1
4266,39,1382.496337890625,244.5542755126953,-1,-1,1,-1,-1,-1
4268,39,1332.988037109375,216.28982543945312,-1,-1,1,-1,-1,-1
4292,40,1233.219970703125,756.3470458984375,-1,-1,1,-1,-1,-1
4293,40,1183.25244140625,749.2537841796875,-1,-1,1,-1,-1,-1
4304,40,671.8823852539062,763.4288330078125,-1,-1,1,-1,-1,-1
4305,40,629.6448364257812,770.3543701171875,-1,-1,1,-1,-1,-1
4307,40,530.06298828125,770.2947998046875,-1,-1,1,-1,-1,-1
4308,40,480.4598388671875,777.45654296875,-1,-1,1,-1,-1,-1
4309,40,423.41448974609375,777.6419677734375,-1,-1,1,-1,-1,-1
4310,40,366.4185791015625,777.5252685546875,-1,-1,1,-1,-1,-1
4312,40,245.54193115234375,777.822998046875,-1,-1,1,-1,-1,-1
4312,41,1126.09765625,792.2518310546875,-1,-1,1,-1,-1,-1
4313,41,1090.797607421875,792.194580078125,-1,-1,1,-1,-1,-1
4314,41,1033.888427734375,799.15283203125,-1,-1,1,-1,-1,-1
4315,41,1005.1834716796875,792.2667846679688,-1,-1,1,-1,-1,-1
4316,41,941.6712646484375,799.231201171875,-1,-1,1,-1,-1,-1
4317,41,891.7158203125,799.2462158203125,-1,-1,1,-1,-1,-1
4318,41,841.8935546875,799.3348999023438,-1,-1,1,-1,-1,-1
4327,41,443.9591064453125,848.6045532226562,-1,-1,1,-1,-1,-1
4328,41,380.3701477050781,855.789794921875,-1,-1,1,-1,-1,-1
4329,41,316.5742492675781,862.80859375,-1,-1,1,-1,-1,-1
4330,41,295.13067626953125,862.4873046875,-1,-1,1,-1,-1,-1
4394,42,1126.48583984375,763.4476318359375,-1,-1,1,-1,-1,-1
4401,42,913.1260986328125,770.2659912109375,-1,-1,1,-1,-1,-1
4402,42,884.7760620117188,770.2064208984375,-1,-1,1,-1,-1,-1
4405,42,785.437255859375,777.4410400390625,-1,-1,1,-1,-1,-1
4406,42,749.8135986328125,777.3861083984375,-1,-1,1,-1,-1,-1
4407,42,714.4029541015625,777.4930419921875,-1,-1,1,-1,-1,-1
4438,43,1326.3310546875,295.1819152832031,-1,-1,1,-1,-1,-1
4440,43,1133.8199462890625,280.8431701660156,-1,-1,1,-1,-1,-1
4441,43,1034.3951416015625,273.8612976074219,-1,-1,1,-1,-1,-1
4442,43,927.814697265625,245.76707458496094,-1,-1,1,-1,-1,-1
4444,43,693.0947875976562,223.79542541503906,-1,-1,1,-1,-1,-1
4562,44,1183.17578125,863.06005859375,-1,-1,1,-1,-1,-1
4563,44,1154.72802734375,863.0020751953125,-1,-1,1,-1,-1,-1
4564,44,1119.00634765625,855.8731689453125,-1,-1,1,-1,-1,-1
4565,44,1090.625244140625,848.5790405273438,-1,-1,1,-1,-1,-1
4566,44,1069.3359375,855.9483642578125,-1,-1,1,-1,-1,-1
4567,44,1040.99462890625,848.969970703125,-1,-1,1,-1,-1,-1
4576,44,714.2859497070312,841.6658935546875,-1,-1,1,-1,-1,-1
4577,44,657.292236328125,820.3011474609375,-1,-1,1,-1,-1,-1
4578,44,643.1632690429688,841.72998046875,-1,-1,1,-1,-1,-1
4579,44,579.1865844726562,820.1000366210938,-1,-1,1,-1,-1,-1
4580,44,565.05712890625,841.6971435546875,-1,-1,1,-1,-1,-1
4581,44,522.2628173828125,841.7769775390625,-1,-1,1,-1,-1,-1
4840,45,515.2957763671875,635.301025390625,-1,-1,1,-1,-1,-1
4841,45,486.98944091796875,628.2529296875,-1,-1,1,-1,-1,-1
4842,45,465.5634765625,628.449951171875,-1,-1,1,-1,-1,-1
4843,45,444.39483642578125,621.12744140625,-1,-1,1,-1,-1,-1
4844,45,423.0103759765625,621.2027587890625,-1,-1,1,-1,-1,-1
4888,47,1879.8912353515625,621.161376953125,-1,-1,1,-1,-1,-1
4889,47,1872.5115966796875,621.1490478515625,-1,-1,1,-1,-1,-1
4890,47,1858.26220703125,621.384521484375,-1,-1,1,-1,-1,-1
4891,47,1843.875244140625,621.5694580078125,-1,-1,1,-1,-1,-1
4892,47,1837.030517578125,614.1290893554688,-1,-1,1,-1,-1,-1
4893,47,1829.83544921875,621.3648681640625,-1,-1,1,-1,-1,-1
4894,47,1822.583251953125,628.4793090820312,-1,-1,1,-1,-1,-1
4895,47,1808.5050048828125,621.1757202148438,-1,-1,1,-1,-1,-1
4896,47,1801.33984375,620.9990234375,-1,-1,1,-1,-1,-1
4897,47,1787.095458984375,621.1612548828125,-1,-1,1,-1,-1,-1
4898,47,1779.853271484375,628.412109375,-1,-1,1,-1,-1,-1
4899,47,1765.767578125,628.47412109375,-1,-1,1,-1,-1,-1
4900,47,1758.7979736328125,628.5452270507812,-1,-1,1,-1,-1,-1
4901,46,1133.732177734375,727.6695556640625,-1,-1,1,-1,-1,-1
4901,47,1758.728515625,635.659423828125,-1,-1,1,-1,-1,-1
4902,46,1112.219482421875,734.97412109375,-1,-1,1,-1,-1,-1
4902,47,1758.8016357421875,635.54638671875,-1,-1,1,-1,-1,-1
4903,46,1083.7255859375,735.0772705078125,-1,-1,1,-1,-1,-1
4903,47,1751.640625,642.7694091796875,-1,-1,1,-1,-1,-1
4904,47,1744.64208984375,642.9003295898438,-1,-1,1,-1,-1,-1
4905,46,956.024658203125,706.481201171875,-1,-1,1,-1,-1,-1
4905,47,1737.54638671875,642.82861328125,-1,-1,1,-1,-1,-1
4906,46,934.6483154296875,706.4063720703125,-1,-1,1,-1,-1,-1
4906,47,1730.401611328125,642.7513427734375,-1,-1,1,-1,-1,-1
4907,46,906.2011108398438,706.3054809570312,-1,-1,1,-1,-1,-1
4907,47,1723.35693359375,642.7455444335938,-1,-1,1,-1,-1,-1
4908,46,877.80615234375,706.46337890625,-1,-1,1,-1,-1,-1
4908,47,1709.09619140625,642.8589477539062,-1,-1,1,-1,-1,-1
4909,47,1702.126220703125,642.9313354492188,-1,-1,1,-1,-1,-1
4910,47,1687.888916015625,642.947509765625,-1,-1,1,-1,-1,-1
4911,47,1680.7100830078125,635.593505859375,-1,-1,1,-1,-1,-1
4912,47,1673.625,635.7034912109375,-1,-1,1,-1,-1,-1
4913,47,1659.4837646484375,635.7357177734375,-1,-1,1,-1,-1,-1
4914,47,1645.1571044921875,628.2833251953125,-1,-1,1,-1,-1,-1
4915,47,1631.070068359375,628.46728515625,-1,-1,1,-1,-1,-1
4916,47,1616.804931640625,628.5452880859375,-1,-1,1,-1,-1,-1
4917,47,1602.5400390625,628.6336669921875,-1,-1,1,-1,-1,-1
4918,47,1588.3375244140625,621.2001953125,-1,-1,1,-1,-1,-1
4919,47,1574.19775390625,621.3944702148438,-1,-1,1,-1,-1,-1
4920,47,1559.87353515625,621.644775390625,-1,-1,1,-1,-1,-1
4921,47,1545.730712890625,621.5431518554688,-1,-1,1,-1,-1,-1
4922,47,1531.50634765625,614.141845703125,-1,-1,1,-1,-1,-1
4923,47,1517.263916015625,621.5775146484375,-1,-1,1,-1,-1,-1
4924,47,1495.848388671875,621.462158203125,-1,-1,1,-1,-1,-1
4925,47,1481.723876953125,621.5140380859375,-1,-1,1,-1,-1,-1
4925,48,1573.988525390625,556.9027099609375,-1,-1,1,-1,-1,-1
4926,47,1460.423583984375,621.4048461914062,-1,-1,1,-1,-1,-1
4926,48,1559.965576171875,564.062255859375,-1,-1,1,-1,-1,-1
4927,47,1446.30615234375,621.3162841796875,-1,-1,1,-1,-1,-1
4928,47,1432.1146240234375,621.2860717773438,-1,-1,1,-1,-1,-1
4929,47,1410.638427734375,628.6683959960938,-1,-1,1,-1,-1,-1
4930,47,1396.3203125,628.6921997070312,-1,-1,1,-1,-1,-1
4931,47,1382.265869140625,628.7415161132812,-1,-1,1,-1,-1,-1
4932,47,1360.879638671875,628.6561889648438,-1,-1,1,-1,-1,-1
4933,47,1346.7840576171875,628.612060546875,-1,-1,1,-1,-1,-1
4934,47,1325.4246826171875,628.619873046875,-1,-1,1,-1,-1,-1
4935,47,1311.253662109375,628.661865234375,-1,-1,1,-1,-1,-1
4936,47,1297.048583984375,628.6585693359375,-1,-1,1,-1,-1,-1
4937,47,1275.666259765625,628.6069946289062,-1,-1,1,-1,-1,-1
4938,47,1261.4674072265625,628.6660766601562,-1,-1,1,-1,-1,-1
4939,47,1247.2764892578125,628.5963134765625,-1,-1,1,-1,-1,-1
4940,47,1225.9273681640625,628.5829467773438,-1,-1,1,-1,-1,-1
4941,47,1211.7647705078125,628.5278930664062,-1,-1,1,-1,-1,-1
4942,47,1197.54052734375,628.562255859375,-1,-1,1,-1,-1,-1
4943,47,1183.30224609375,628.6046752929688,-1,-1,1,-1,-1,-1
4944,47,1169.114990234375,628.7293090820312,-1,-1,1,-1,-1,-1
4945,47,1154.8687744140625,628.6478881835938,-1,-1,1,-1,-1,-1
4946,47,1133.58251953125,621.5092163085938,-1,-1,1,-1,-1,-1
4946,49,835.5118408203125,343.9771728515625,-1,-1,1,-1,-1,-1
4947,47,1119.3426513671875,621.6233520507812,-1,-1,1,-1,-1,-1
4947,49,814.2110595703125,343.80560302734375,-1,-1,1,-1,-1,-1
4948,47,1105.104736328125,621.7305297851562,-1,-1,1,-1,-1,-1
4948,49,806.9237060546875,344.2170715332031,-1,-1,1,-1,-1,-1
4949,47,1091.012451171875,614.2592163085938,-1,-1,1,-1,-1,-1
4949,49,792.9791870117188,343.88726806640625,-1,-1,1,-1,-1,-1
4950,47,1076.774658203125,614.3511962890625,-1,-1,1,-1,-1,-1
4950,49,778.667236328125,336.97576904296875,-1,-1,1,-1,-1,-1
4951,47,1062.5919189453125,614.5089111328125,-1,-1,1,-1,-1,-1
4951,49,771.4859619140625,336.8320617675781,-1,-1,1,-1,-1,-1
4952,47,1048.369384765625,607.06201171875,-1,-1,1,-1,-1,-1
4952,49,757.1663818359375,329.97723388671875,-1,-1,1,-1,-1,-1
4953,47,1034.2757568359375,607.2864990234375,-1,-1,1,-1,-1,-1
4954,47,1012.861083984375,607.44140625,-1,-1,1,-1,-1,-1
4955,47,998.6820068359375,600.0826416015625,-1,-1,1,-1,-1,-1
4956,47,984.4380493164062,600.2093505859375,-1,-1,1,-1,-1,-1
4957,47,970.1669921875,600.2044067382812,-1,-1,1,-1,-1,-1
4958,47,956.0053100585938,592.9453735351562,-1,-1,1,-1,-1,-1
4958,49,678.9877319335938,308.3659362792969,-1,-1,1,-1,-1,-1
4959,47,941.8009643554688,593.12353515625,-1,-1,1,-1,-1,-1
4959,49,664.886962890625,308.6409912109375,-1,-1,1,-1,-1,-1
4960,47,927.4901123046875,585.6651611328125,-1,-1,1,-1,-1,-1
4960,49,650.6259765625,308.4017639160156,-1,-1,1,-1,-1,-1
4961,47,906.227783203125,585.841064453125,-1,-1,1,-1,-1,-1
4962,47,892.0308837890625,585.965087890625,-1,-1,1,-1,-1,-1
4962,48,1026.993896484375,585.7953491210938,-1,-1,1,-1,-1,-1
4962,49,621.9769287109375,301.2179870605469,-1,-1,1,-1,-1,-1
4963,47,877.84130859375,585.947265625,-1,-1,1,-1,-1,-1
4963,48,1012.8416748046875,585.7066650390625,-1,-1,1,-1,-1,-1
4963,49,607.8299560546875,301.39483642578125,-1,-1,1,-1,-1,-1
4964,47,863.5911865234375,585.9075927734375,-1,-1,1,-1,-1,-1
4964,48,998.7291259765625,585.617431640625,-1,-1,1,-1,-1,-1
4965,47,849.4277954101562,585.86181640625,-1,-1,1,-1,-1,-1
4966,47,835.099853515625,585.8695678710938,-1,-1,1,-1,-1,-1
4967,47,828.0133056640625,593.1412353515625,-1,-1,1,-1,-1,-1
4968,47,813.756103515625,593.1148681640625,-1,-1,1,-1,-1,-1
4968,49,565.301025390625,308.5394592285156,-1,-1,1,-1,-1,-1
4969,47,806.72314453125,593.1279296875,-1,-1,1,-1,-1,-1
4969,49,558.2792358398438,308.639892578125,-1,-1,1,-1,-1,-1
4970,47,799.5850219726562,593.0283203125,-1,-1,1,-1,-1,-1
4971,47,792.5086669921875,592.8863525390625,-1,-1,1,-1,-1,-1
4971,48,934.5973510742188,592.8126220703125,-1,-1,1,-1,-1,-1
4972,47,778.148193359375,600.3436279296875,-1,-1,1,-1,-1,-1
4972,48,920.3489990234375,592.9403076171875,-1,-1,1,-1,-1,-1
4973,47,771.2392578125,600.220458984375,-1,-1,1,-1,-1,-1
4973,48,913.1563720703125,600.09033203125,-1,-1,1,-1,-1,-1
4974,47,756.9390258789062,600.115478515625,-1,-1,1,-1,-1,-1
4974,48,898.9188232421875,600.058349609375,-1,-1,1,-1,-1,-1
4975,47,749.852294921875,607.2916259765625,-1,-1,1,-1,-1,-1
4975,48,891.9112548828125,599.8941040039062,-1,-1,1,-1,-1,-1
4976,47,735.6417236328125,607.4494018554688,-1,-1,1,-1,-1,-1
4977,47,728.6029052734375,607.3291625976562,-1,-1,1,-1,-1,-1
4978,47,714.3589477539062,607.2945556640625,-1,-1,1,-1,-1,-1
4978,49,501.36358642578125,329.8935546875,-1,-1,1,-1,-1,-1
4979,47,707.2041015625,607.063232421875,-1,-1,1,-1,-1,-1
4979,49,494.5012512207031,329.81787109375,-1,-1,1,-1,-1,-1
4980,47,693.028076171875,607.225830078125,-1,-1,1,-1,-1,-1
4981,47,678.7898559570312,607.23193359375,-1,-1,1,-1,-1,-1
4981,49,480.0339050292969,336.7933349609375,-1,-1,1,-1,-1,-1
4982,47,671.6668701171875,607.1566162109375,-1,-1,1,-1,-1,-1
4982,49,472.81439208984375,336.90753173828125,-1,-1,1,-1,-1,-1
4983,47,657.470703125,614.5584716796875,-1,-1,1,-1,-1,-1
4983,49,465.834228515625,337.04522705078125,-1,-1,1,-1,-1,-1
4984,47,650.3980102539062,614.3902587890625,-1,-1,1,-1,-1,-1
4984,49,458.75177001953125,336.9875793457031,-1,-1,1,-1,-1,-1
4985,47,636.15576171875,614.4749755859375,-1,-1,1,-1,-1,-1
4986,47,622.013671875,614.4813842773438,-1,-1,1,-1,-1,-1
4986,49,437.51068115234375,336.9512634277344,-1,-1,1,-1,-1,-1
4987,47,614.8367919921875,614.429443359375,-1,-1,1,-1,-1,-1
4987,49,437.42132568359375,344.30096435546875,-1,-1,1,-1,-1,-1
4988,47,607.7332153320312,614.4188232421875,-1,-1,1,-1,-1,-1
4989,47,593.61083984375,614.1785888671875,-1,-1,1,-1,-1,-1
4989,49,423.1751708984375,344.134033203125,-1,-1,1,-1,-1,-1
4990,47,579.3755493164062,614.3426513671875,-1,-1,1,-1,-1,-1
4990,49,416.21636962890625,344.171630859375,-1,-1,1,-1,-1,-1
4991,47,565.08056640625,621.60400390625,-1,-1,1,-1,-1,-1
4991,49,401.9437561035156,344.0924072265625,-1,-1,1,-1,-1,-1
4992,47,550.8693237304688,621.7365112304688,-1,-1,1,-1,-1,-1
4992,49,394.87005615234375,344.0383605957031,-1,-1,1,-1,-1,-1
4993,47,536.7569580078125,614.219482421875,-1,-1,1,-1,-1,-1
4994,47,522.4600830078125,614.376708984375,-1,-1,1,-1,-1,-1
4995,47,501.23468017578125,607.2842407226562,-1,-1,1,-1,-1,-1
4996,47,486.9720153808594,607.3886108398438,-1,-1,1,-1,-1,-1
4997,47,472.6583251953125,607.3902587890625,-1,-1,1,-1,-1,-1
4998,47,465.6845397949219,600.0960693359375,-1,-1,1,-1,-1,-1
4999,47,444.2026062011719,600.324951171875,-1,-1,1,-1,-1,-1
5000,47,429.73052978515625,600.022216796875,-1,-1,1,-1,-1,-1
5001,47,415.824462890625,593.0863037109375,-1,-1,1,-1,-1,-1
5002,47,401.7778625488281,585.7916259765625,-1,-1,1,-1,-1,-1
5003,47,380.44683837890625,585.9497680664062,-1,-1,1,-1,-1,-1
5004,47,366.15740966796875,585.941650390625,-1,-1,1,-1,-1,-1
5005,47,344.87103271484375,578.5933837890625,-1,-1,1,-1,-1,-1
5006,47,323.69293212890625,578.6444702148438,-1,-1,1,-1,-1,-1
5007,47,302.18511962890625,578.715576171875,-1,-1,1,-1,-1,-1
5008,47,288.04815673828125,578.4825439453125,-1,-1,1,-1,-1,-1
5009,47,266.6287841796875,585.98193359375,-1,-1,1,-1,-1,-1
5010,47,245.3260498046875,585.9982299804688,-1,-1,1,-1,-1,-1
5011,47,224.04986572265625,585.955078125,-1,-1,1,-1,-1,-1
5012,47,202.68515014648438,585.9105224609375,-1,-1,1,-1,-1,-1
5013,47,181.45748901367188,585.828369140625,-1,-1,1,-1,-1,-1
5014,47,153.04489135742188,585.804443359375,-1,-1,1,-1,-1,-1
5015,47,131.53652954101562,578.5570068359375,-1,-1,1,-1,-1,-1
5016,47,110.30462646484375,578.6735229492188,-1,-1,1,-1,-1,-1
5017,47,81.96637725830078,578.79248046875,-1,-1,1,-1,-1,-1
5017,48,280.6109619140625,493.6609191894531,-1,-1,1,-1,-1,-1
5018,47,60.71169662475586,578.9366455078125,-1,-1,1,-1,-1,-1
5018,48,259.3636779785156,493.68182373046875,-1,-1,1,-1,-1,-1
5026,50,1133.7698974609375,727.553466796875,-1,-1,1,-1,-1,-1
5028,50,1090.78564453125,720.4757080078125,-1,-1,1,-1,-1,-1
5029,50,1076.732666015625,720.4964599609375,-1,-1,1,-1,-1,-1
5030,50,1055.3631591796875,713.5401611328125,-1,-1,1,-1,-1,-1
5031,50,1034.1734619140625,706.341064453125,-1,-1,1,-1,-1,-1
5066,51,1808.4041748046875,798.7093505859375,-1,-1,1,-1,-1,-1
5068,51,1772.999755859375,798.7879638671875,-1,-1,1,-1,-1,-1
5069,51,1758.79248046875,798.7330322265625,-1,-1,1,-1,-1,-1
5070,51,1744.4473876953125,798.7601318359375,-1,-1,1,-1,-1,-1
5071,51,1730.4417724609375,798.6224365234375,-1,-1,1,-1,-1,-1
5072,51,1709.230224609375,798.5618896484375,-1,-1,1,-1,-1,-1
5073,51,1695.0521240234375,798.5693359375,-1,-1,1,-1,-1,-1
5074,51,1680.680419921875,798.7236328125,-1,-1,1,-1,-1,-1
5075,51,1659.445556640625,798.8434448242188,-1,-1,1,-1,-1,-1
5076,51,1638.091796875,798.7130126953125,-1,-1,1,-1,-1,-1
5077,51,1623.69970703125,798.6612548828125,-1,-1,1,-1,-1,-1
5078,51,1609.76123046875,798.8233032226562,-1,-1,1,-1,-1,-1
5079,51,1588.4566650390625,798.5255126953125,-1,-1,1,-1,-1,-1
5080,51,1567.109619140625,791.556884765625,-1,-1,1,-1,-1,-1
5081,51,1545.846923828125,791.6484375,-1,-1,1,-1,-1,-1
5082,51,1517.475830078125,791.4243774414062,-1,-1,1,-1,-1,-1
5083,51,1503.33984375,791.3743896484375,-1,-1,1,-1,-1,-1
5084,51,1481.910400390625,784.5078125,-1,-1,1,-1,-1,-1
5085,51,1460.4775390625,784.5234375,-1,-1,1,-1,-1,-1
5086,51,1446.22607421875,784.3653564453125,-1,-1,1,-1,-1,-1
5087,51,1424.61181640625,777.4923706054688,-1,-1,1,-1,-1,-1
5088,51,1403.4921875,777.2500610351562,-1,-1,1,-1,-1,-1
5089,51,1375.075439453125,777.3280029296875,-1,-1,1,-1,-1,-1
5090,51,1353.598388671875,770.2484130859375,-1,-1,1,-1,-1,-1
5091,51,1332.224365234375,770.2193603515625,-1,-1,1,-1,-1,-1
5092,51,1318.174560546875,770.2286987304688,-1,-1,1,-1,-1,-1
5093,51,1296.62158203125,763.2200317382812,-1,-1,1,-1,-1,-1
5094,51,1275.439208984375,763.2332153320312,-1,-1,1,-1,-1,-1
5095,51,1247.1104736328125,763.29638671875,-1,-1,1,-1,-1,-1
5096,51,1225.399658203125,756.4046630859375,-1,-1,1,-1,-1,-1
5097,51,1204.21923828125,756.3169555664062,-1,-1,1,-1,-1,-1
5098,51,1182.91796875,756.2227783203125,-1,-1,1,-1,-1,-1
5099,51,1161.67333984375,756.0836181640625,-1,-1,1,-1,-1,-1
5100,51,1133.31689453125,756.0262451171875,-1,-1,1,-1,-1,-1
5101,51,1111.8896484375,756.0272216796875,-1,-1,1,-1,-1,-1
5102,51,1083.467041015625,756.0588989257812,-1,-1,1,-1,-1,-1
5103,51,1062.29736328125,756.1651000976562,-1,-1,1,-1,-1,-1
5105,51,1012.2813720703125,749.0474853515625,-1,-1,1,-1,-1,-1
5106,51,983.9598388671875,749.05615234375,-1,-1,1,-1,-1,-1
5107,51,962.83203125,749.054443359375,-1,-1,1,-1,-1,-1
5111,51,870.3719482421875,742.2353515625,-1,-1,1,-1,-1,-1
5112,51,842.291748046875,742.185791015625,-1,-1,1,-1,-1,-1
5114,51,792.2694091796875,734.9176025390625,-1,-1,1,-1,-1,-1
5115,51,764.018798828125,734.88134765625,-1,-1,1,-1,-1,-1
5116,51,735.3952026367188,727.6796875,-1,-1,1,-1,-1,-1
5117,51,713.9088134765625,727.778564453125,-1,-1,1,-1,-1,-1
5118,51,685.8203125,727.6494140625,-1,-1,1,-1,-1,-1
5119,51,657.6043701171875,727.834716796875,-1,-1,1,-1,-1,-1
5120,51,636.0865478515625,720.6046142578125,-1,-1,1,-1,-1,-1
5121,51,607.52197265625,720.4564819335938,-1,-1,1,-1,-1,-1
5122,51,586.2127075195312,720.5362548828125,-1,-1,1,-1,-1,-1
5123,51,557.9061279296875,720.4523315429688,-1,-1,1,-1,-1,-1
5124,51,522.39501953125,720.6754760742188,-1,-1,1,-1,-1,-1
5125,51,494.0518798828125,720.6446533203125,-1,-1,1,-1,-1,-1
5126,51,472.79876708984375,720.5564575195312,-1,-1,1,-1,-1,-1
5127,51,444.27398681640625,720.7017822265625,-1,-1,1,-1,-1,-1
5128,51,415.9048156738281,720.7433471679688,-1,-1,1,-1,-1,-1
5129,51,387.7345886230469,720.6934204101562,-1,-1,1,-1,-1,-1
5130,51,359.0914306640625,720.61376953125,-1,-1,1,-1,-1,-1
5131,51,330.9940490722656,720.6100463867188,-1,-1,1,-1,-1,-1
5132,51,309.54168701171875,720.6325073242188,-1,-1,1,-1,-1,-1
5133,51,280.9029235839844,720.5604248046875,-1,-1,1,-1,-1,-1
5134,51,252.57888793945312,720.7828369140625,-1,-1,1,-1,-1,-1
5231,52,1872.218505859375,642.219482421875,-1,-1,1,-1,-1,-1
5232,52,1865.0030517578125,635.0948486328125,-1,-1,1,-1,-1,-1
5248,52,1652.6832275390625,535.9599609375,-1,-1,1,-1,-1,-1
5249,52,1638.4365234375,535.9776000976562,-1,-1,1,-1,-1,-1
5250,52,1624.288818359375,535.8984985351562,-1,-1,1,-1,-1,-1
5256,52,1538.5687255859375,542.9060668945312,-1,-1,1,-1,-1,-1
5257,52,1524.273193359375,543.0609741210938,-1,-1,1,-1,-1,-1
5258,52,1510.2373046875,549.927978515625,-1,-1,1,-1,-1,-1
5259,52,1495.8140869140625,550.0174560546875,-1,-1,1,-1,-1,-1
5260,52,1481.7366943359375,550.02880859375,-1,-1,1,-1,-1,-1
5261,52,1474.499267578125,550.0888671875,-1,-1,1,-1,-1,-1
5262,52,1460.28955078125,550.0553588867188,-1,-1,1,-1,-1,-1
5263,52,1446.01220703125,550.0980834960938,-1,-1,1,-1,-1,-1
5264,52,1431.779541015625,557.0869140625,-1,-1,1,-1,-1,-1
5265,52,1424.537353515625,557.032958984375,-1,-1,1,-1,-1,-1
5268,52,1403.28369140625,557.089599609375,-1,-1,1,-1,-1,-1
5269,52,1403.3697509765625,550.1661987304688,-1,-1,1,-1,-1,-1
5270,52,1389.19970703125,557.3129272460938,-1,-1,1,-1,-1,-1
5279,52,1318.13134765625,550.3399047851562,-1,-1,1,-1,-1,-1
5280,52,1303.796142578125,550.2042236328125,-1,-1,1,-1,-1,-1
5281,52,1296.8165283203125,557.210693359375,-1,-1,1,-1,-1,-1
5281,53,1147.786865234375,649.8077392578125,-1,-1,1,-1,-1,-1
5282,52,1289.6646728515625,557.12353515625,-1,-1,1,-1,-1,-1
5283,52,1282.51123046875,557.162109375,-1,-1,1,-1,-1,-1
5283,53,1119.3883056640625,649.80859375,-1,-1,1,-1,-1,-1
5284,52,1275.4903564453125,557.3330078125,-1,-1,1,-1,-1,-1
5284,53,1105.10498046875,649.7518310546875,-1,-1,1,-1,-1,-1
5285,52,1261.16015625,557.0648193359375,-1,-1,1,-1,-1,-1
5285,53,1090.951171875,649.7078857421875,-1,-1,1,-1,-1,-1
5286,52,1254.125732421875,557.3294677734375,-1,-1,1,-1,-1,-1
5286,53,1076.52294921875,642.6358642578125,-1,-1,1,-1,-1,-1
5287,52,1246.897705078125,557.5778198242188,-1,-1,1,-1,-1,-1
5287,53,1062.399658203125,642.7404174804688,-1,-1,1,-1,-1,-1
5288,52,1239.79345703125,557.0979614257812,-1,-1,1,-1,-1,-1
5291,52,1211.47021484375,543.2001953125,-1,-1,1,-1,-1,-1
5292,52,1197.5550537109375,542.8406982421875,-1,-1,1,-1,-1,-1
5294,52,1183.134521484375,535.9655151367188,-1,-1,1,-1,-1,-1
5319,53,593.9381103515625,543.0302734375,-1,-1,1,-1,-1,-1
5320,53,565.6758422851562,543.088134765625,-1,-1,1,-1,-1,-1
5321,53,529.970947265625,543.1043090820312,-1,-1,1,-1,-1,-1
5322,53,515.85400390625,543.1668090820312,-1,-1,1,-1,-1,-1
5323,53,487.52325439453125,550.189697265625,-1,-1,1,-1,-1,-1
5324,53,466.21978759765625,550.2455444335938,-1,-1,1,-1,-1,-1
5325,53,444.82073974609375,550.2542114257812,-1,-1,1,-1,-1,-1
