2,1,956.704345703125,536.6006469726562,-1,-1,1,-1,-1,-1
4,1,878.5205078125,529.3759765625,-1,-1,1,-1,-1,-1
5,1,842.99951171875,529.4750366210938,-1,-1,1,-1,-1,-1
7,1,786.14501953125,536.579833984375,-1,-1,1,-1,-1,-1
8,1,750.7731323242188,536.83984375,-1,-1,1,-1,-1,-1
9,1,722.250244140625,536.9005737304688,-1,-1,1,-1,-1,-1
12,1,601.660888671875,544.0220947265625,-1,-1,1,-1,-1,-1
13,1,552.0068359375,544.0033569335938,-1,-1,1,-1,-1,-1
14,1,501.98406982421875,543.8602905273438,-1,-1,1,-1,-1,-1
15,1,459.5404052734375,543.79638671875,-1,-1,1,-1,-1,-1
16,1,409.9769592285156,536.7356567382812,-1,-1,1,-1,-1,-1
17,1,360.1622314453125,536.8028564453125,-1,-1,1,-1,-1,-1
19,1,267.6551208496094,529.5408935546875,-1,-1,1,-1,-1,-1
20,1,225.09295654296875,529.3262939453125,-1,-1,1,-1,-1,-1
173,2,558.4457397460938,671.851318359375,-1,-1,1,-1,-1,-1
176,3,636.9556884765625,835.176513671875,-1,-1,1,-1,-1,-1
176,4,608.6529541015625,828.2503662109375,-1,-1,1,-1,-1,-1
177,4,587.072265625,821.781982421875,-1,-1,1,-1,-1,-1
180,4,594.383056640625,828.3089599609375,-1,-1,1,-1,-1,-1
182,4,601.245849609375,813.7969970703125,-1,-1,1,-1,-1,-1
186,2,430.5113525390625,558.41748046875,-1,-1,1,-1,-1,-1
186,4,544.6505737304688,792.3036499023438,-1,-1,1,-1,-1,-1
187,4,530.4990234375,785.41357421875,-1,-1,1,-1,-1,-1
189,2,430.33343505859375,544.258544921875,-1,-1,1,-1,-1,-1
192,2,423.12518310546875,537.072021484375,-1,-1,1,-1,-1,-1
194,2,415.9622802734375,537.1084594726562,-1,-1,1,-1,-1,-1
195,2,416.3438415527344,536.77783203125,-1,-1,1,-1,-1,-1
196,2,409.040771484375,536.8987426757812,-1,-1,1,-1,-1,-1
197,2,409.10552978515625,529.711181640625,-1,-1,1,-1,-1,-1
198,2,409.07183837890625,522.6572265625,-1,-1,1,-1,-1,-1
199,2,401.86627197265625,529.7630615234375,-1,-1,1,-1,-1,-1
200,2,409.20660400390625,529.6749267578125,-1,-1,1,-1,-1,-1
201,2,401.8848571777344,536.95458984375,-1,-1,1,-1,-1,-1
201,5,1198.0296630859375,643.0947265625,-1,-1,1,-1,-1,-1
202,2,401.9400634765625,537.0358276367188,-1,-1,1,-1,-1,-1
203,2,402.12188720703125,536.8983764648438,-1,-1,1,-1,-1,-1
204,2,394.9549865722656,544.111572265625,-1,-1,1,-1,-1,-1
205,2,380.5975036621094,558.3695068359375,-1,-1,1,-1,-1,-1
206,2,380.8099670410156,551.2896728515625,-1,-1,1,-1,-1,-1
211,5,1183.569091796875,685.978515625,-1,-1,1,-1,-1,-1
212,5,1176.56787109375,685.60498046875,-1,-1,1,-1,-1,-1
213,6,1382.83447265625,735.589599609375,-1,-1,1,-1,-1,-1
214,5,1162.42041015625,693.01953125,-1,-1,1,-1,-1,-1
221,6,1290.38525390625,778.0693359375,-1,-1,1,-1,-1,-1
224,5,1091.408935546875,714.1323852539062,-1,-1,1,-1,-1,-1
225,5,1077.267822265625,721.17138671875,-1,-1,1,-1,-1,-1
226,5,1070.07568359375,714.2354736328125,-1,-1,1,-1,-1,-1
228,5,1048.6455078125,714.1844482421875,-1,-1,1,-1,-1,-1
229,5,1041.55126953125,714.179931640625,-1,-1,1,-1,-1,-1
229,7,1383.119384765625,585.9873046875,-1,-1,1,-1,-1,-1
230,5,1027.363525390625,714.2657470703125,-1,-1,1,-1,-1,-1
231,5,1020.33984375,714.3482666015625,-1,-1,1,-1,-1,-1
232,5,1013.0953979492188,707.2376098632812,-1,-1,1,-1,-1,-1
233,5,1006.159912109375,714.170166015625,-1,-1,1,-1,-1,-1
234,5,992.11181640625,714.3275146484375,-1,-1,1,-1,-1,-1
235,5,984.8488159179688,714.1522216796875,-1,-1,1,-1,-1,-1
236,5,970.6452026367188,714.1036376953125,-1,-1,1,-1,-1,-1
237,5,956.4113159179688,714.18701171875,-1,-1,1,-1,-1,-1
238,5,942.2872314453125,721.2801513671875,-1,-1,1,-1,-1,-1
239,5,928.0382080078125,728.36376953125,-1,-1,1,-1,-1,-1
240,5,913.7579345703125,728.1485595703125,-1,-1,1,-1,-1,-1
242,5,878.2708740234375,728.2431640625,-1,-1,1,-1,-1,-1
243,5,863.9605102539062,714.3676147460938,-1,-1,1,-1,-1,-1
245,5,828.3983154296875,707.1708984375,-1,-1,1,-1,-1,-1
247,5,792.822021484375,707.068603515625,-1,-1,1,-1,-1,-1
248,5,771.62109375,714.4107666015625,-1,-1,1,-1,-1,-1
249,5,750.3826904296875,714.3692016601562,-1,-1,1,-1,-1,-1
251,5,714.844970703125,714.3480224609375,-1,-1,1,-1,-1,-1
252,5,700.4288330078125,707.0858764648438,-1,-1,1,-1,-1,-1
253,5,679.34375,714.3540649414062,-1,-1,1,-1,-1,-1
254,5,658.0848388671875,714.3660888671875,-1,-1,1,-1,-1,-1
255,5,643.7540283203125,707.3128051757812,-1,-1,1,-1,-1,-1
256,5,622.498779296875,714.31396484375,-1,-1,1,-1,-1,-1
257,5,601.3272705078125,707.2366943359375,-1,-1,1,-1,-1,-1
258,5,586.8639526367188,700.1094970703125,-1,-1,1,-1,-1,-1
259,5,565.6251220703125,700.1126098632812,-1,-1,1,-1,-1,-1
278,8,693.8588256835938,713.7821655273438,-1,-1,1,-1,-1,-1
279,8,672.4356689453125,713.8231201171875,-1,-1,1,-1,-1,-1
284,8,565.9166259765625,721.0476684570312,-1,-1,1,-1,-1,-1
290,8,445.227294921875,713.655517578125,-1,-1,1,-1,-1,-1
294,8,352.7547912597656,713.7230224609375,-1,-1,1,-1,-1,-1
306,9,1332.798095703125,721.146728515625,-1,-1,1,-1,-1,-1
307,9,1304.659912109375,721.010498046875,-1,-1,1,-1,-1,-1
307,10,1290.53564453125,721.121826171875,-1,-1,1,-1,-1,-1
310,9,1233.4267578125,714.176513671875,-1,-1,1,-1,-1,-1
311,11,792.9237670898438,756.8207397460938,-1,-1,1,-1,-1,-1
316,11,693.3863525390625,749.77490234375,-1,-1,1,-1,-1,-1
323,11,529.96923828125,756.822998046875,-1,-1,1,-1,-1,-1
331,9,750.9744873046875,777.980712890625,-1,-1,1,-1,-1,-1
332,9,722.2676391601562,778.094970703125,-1,-1,1,-1,-1,-1
335,9,658.3280029296875,785.151611328125,-1,-1,1,-1,-1,-1
336,9,637.01806640625,785.2127075195312,-1,-1,1,-1,-1,-1
350,12,1567.0458984375,770.774169921875,-1,-1,1,-1,-1,-1
357,13,707.915771484375,770.9078369140625,-1,-1,1,-1,-1,-1
360,13,629.5496826171875,770.8495483398438,-1,-1,1,-1,-1,-1
361,13,608.3561401367188,778.1199340820312,-1,-1,1,-1,-1,-1
362,13,580.03662109375,777.991943359375,-1,-1,1,-1,-1,-1
363,13,551.3922119140625,777.98388671875,-1,-1,1,-1,-1,-1
364,13,530.040283203125,785.2161865234375,-1,-1,1,-1,-1,-1
365,13,501.57574462890625,785.1558837890625,-1,-1,1,-1,-1,-1
366,13,480.38482666015625,792.4009399414062,-1,-1,1,-1,-1,-1
367,13,452.0074462890625,799.4232788085938,-1,-1,1,-1,-1,-1
368,13,423.4912414550781,806.608642578125,-1,-1,1,-1,-1,-1
369,13,388.0483703613281,806.2487182617188,-1,-1,1,-1,-1,-1
370,13,359.5035400390625,813.5310668945312,-1,-1,1,-1,-1,-1
371,13,331.1246337890625,813.5569458007812,-1,-1,1,-1,-1,-1
372,13,295.52410888671875,820.721923828125,-1,-1,1,-1,-1,-1
373,13,259.87652587890625,820.6627197265625,-1,-1,1,-1,-1,-1
374,13,224.3905029296875,827.761962890625,-1,-1,1,-1,-1,-1
375,13,181.79043579101562,827.4171142578125,-1,-1,1,-1,-1,-1
376,13,146.18679809570312,834.790283203125,-1,-1,1,-1,-1,-1
377,13,103.72669219970703,834.556396484375,-1,-1,1,-1,-1,-1
378,13,68.29369354248047,841.882080078125,-1,-1,1,-1,-1,-1
421,14,1476.396728515625,849.641845703125,-1,-1,1,-1,-1,-1
424,15,1880.276611328125,543.6064453125,-1,-1,1,-1,-1,-1
425,15,1859.027587890625,543.613525390625,-1,-1,1,-1,-1,-1
437,16,530.2817993164062,792.1870727539062,-1,-1,1,-1,-1,-1
438,15,1596.486572265625,522.3549194335938,-1,-1,1,-1,-1,-1
440,16,402.1424560546875,785.25634765625,-1,-1,1,-1,-1,-1
441,16,366.3983154296875,777.898681640625,-1,-1,1,-1,-1,-1
441,17,1049.114990234375,821.0616455078125,-1,-1,1,-1,-1,-1
450,18,1247.822509765625,678.4793701171875,-1,-1,1,-1,-1,-1
451,17,715.0980224609375,643.5564575195312,-1,-1,1,-1,-1,-1
455,19,1190.977294921875,706.887451171875,-1,-1,1,-1,-1,-1
457,19,1134.4443359375,699.6220703125,-1,-1,1,-1,-1,-1
458,19,1105.946044921875,699.5067749023438,-1,-1,1,-1,-1,-1
464,20,1247.921630859375,657.3426513671875,-1,-1,1,-1,-1,-1
465,20,1212.360595703125,664.515380859375,-1,-1,1,-1,-1,-1
466,20,1169.9039306640625,671.6846923828125,-1,-1,1,-1,-1,-1
467,20,1134.2259521484375,671.4775390625,-1,-1,1,-1,-1,-1
468,20,1091.6904296875,678.79345703125,-1,-1,1,-1,-1,-1
469,20,1049.0379638671875,678.4840698242188,-1,-1,1,-1,-1,-1
469,21,558.5914916992188,607.8226318359375,-1,-1,1,-1,-1,-1
469,22,1027.36572265625,913.2193603515625,-1,-1,1,-1,-1,-1
470,20,1006.4971923828125,678.5350952148438,-1,-1,1,-1,-1,-1
470,23,1702.650634765625,266.29437255859375,-1,-1,1,-1,-1,-1
471,20,956.7554931640625,678.39306640625,-1,-1,1,-1,-1,-1
471,21,466.259033203125,607.8260498046875,-1,-1,1,-1,-1,-1
471,24,1077.3734130859375,614.9352416992188,-1,-1,1,-1,-1,-1
472,20,907.0817260742188,678.3443603515625,-1,-1,1,-1,-1,-1
472,25,1027.970458984375,280.54229736328125,-1,-1,1,-1,-1,-1
473,20,850.3060302734375,678.2918090820312,-1,-1,1,-1,-1,-1
474,20,800.57275390625,685.8134765625,-1,-1,1,-1,-1,-1
474,23,1610.357177734375,273.6153564453125,-1,-1,1,-1,-1,-1
475,20,743.59716796875,685.6187744140625,-1,-1,1,-1,-1,-1
476,20,693.8268432617188,692.6181640625,-1,-1,1,-1,-1,-1
476,24,828.5711669921875,622.3123168945312,-1,-1,1,-1,-1,-1
477,20,637.008544921875,699.856689453125,-1,-1,1,-1,-1,-1
478,20,580.3224487304688,714.1962280273438,-1,-1,1,-1,-1,-1
478,24,715.455078125,643.138916015625,-1,-1,1,-1,-1,-1
478,25,729.0223388671875,330.28192138671875,-1,-1,1,-1,-1,-1
479,23,1375.806396484375,294.472412109375,-1,-1,1,-1,-1,-1
480,20,466.6654968261719,742.987548828125,-1,-1,1,-1,-1,-1
480,23,1340.39404296875,301.5843811035156,-1,-1,1,-1,-1,-1
480,25,615.3917846679688,351.265380859375,-1,-1,1,-1,-1,-1
481,23,1290.458740234375,308.85809326171875,-1,-1,1,-1,-1,-1
482,20,338.68927001953125,764.1641845703125,-1,-1,1,-1,-1,-1
482,23,1255.04052734375,315.86798095703125,-1,-1,1,-1,-1,-1
482,24,480.864990234375,685.8663330078125,-1,-1,1,-1,-1,-1
482,26,1340.4208984375,649.915283203125,-1,-1,1,-1,-1,-1
483,24,423.96832275390625,700.316650390625,-1,-1,1,-1,-1,-1
485,26,1205.403076171875,692.4951171875,-1,-1,1,-1,-1,-1
486,26,1212.386474609375,757.0877685546875,-1,-1,1,-1,-1,-1
487,23,1056.2147216796875,394.1606750488281,-1,-1,1,-1,-1,-1
487,26,1162.806640625,771.229736328125,-1,-1,1,-1,-1,-1
488,23,1020.4998168945312,393.8412780761719,-1,-1,1,-1,-1,-1
489,27,899.79345703125,600.515380859375,-1,-1,1,-1,-1,-1
490,27,850.189697265625,607.5093994140625,-1,-1,1,-1,-1,-1
492,27,757.644775390625,636.2191162109375,-1,-1,1,-1,-1,-1
493,27,728.937255859375,678.9288330078125,-1,-1,1,-1,-1,-1
493,28,714.7999877929688,643.36474609375,-1,-1,1,-1,-1,-1
494,27,658.2816162109375,650.2564697265625,-1,-1,1,-1,-1,-1
495,27,601.3538208007812,643.2222900390625,-1,-1,1,-1,-1,-1
496,27,551.5087890625,643.3021240234375,-1,-1,1,-1,-1,-1
497,29,1375.4775390625,799.377197265625,-1,-1,1,-1,-1,-1
498,27,437.6510009765625,650.5015869140625,-1,-1,1,-1,-1,-1
499,27,388.05914306640625,650.3799438476562,-1,-1,1,-1,-1,-1
499,29,1297.411865234375,799.3798217773438,-1,-1,1,-1,-1,-1
500,29,1254.90869140625,792.1941528320312,-1,-1,1,-1,-1,-1
501,29,1219.3372802734375,792.2987060546875,-1,-1,1,-1,-1,-1
502,29,1176.80029296875,792.07763671875,-1,-1,1,-1,-1,-1
503,29,1141.1611328125,785.0125732421875,-1,-1,1,-1,-1,-1
504,29,1105.706787109375,785.0108032226562,-1,-1,1,-1,-1,-1
505,29,1063.0587158203125,792.0570678710938,-1,-1,1,-1,-1,-1
506,29,1034.49462890625,785.0457763671875,-1,-1,1,-1,-1,-1
507,29,991.923583984375,784.9713134765625,-1,-1,1,-1,-1,-1
508,29,956.2911376953125,784.976806640625,-1,-1,1,-1,-1,-1
509,29,920.9061279296875,784.990966796875,-1,-1,1,-1,-1,-1
510,29,878.3035888671875,785.0919189453125,-1,-1,1,-1,-1,-1
511,29,835.5570068359375,785.0308227539062,-1,-1,1,-1,-1,-1
512,29,792.9930419921875,785.1912841796875,-1,-1,1,-1,-1,-1
513,29,750.386474609375,785.1484985351562,-1,-1,1,-1,-1,-1
514,29,707.76220703125,778.2542724609375,-1,-1,1,-1,-1,-1
515,29,665.083984375,778.3416137695312,-1,-1,1,-1,-1,-1
516,29,622.6142578125,785.2915649414062,-1,-1,1,-1,-1,-1
517,29,579.7626953125,785.2365112304688,-1,-1,1,-1,-1,-1
518,29,537.23828125,792.4459228515625,-1,-1,1,-1,-1,-1
519,29,494.53411865234375,799.56201171875,-1,-1,1,-1,-1,-1
520,29,451.9093017578125,799.4486083984375,-1,-1,1,-1,-1,-1
521,29,409.29412841796875,806.6619873046875,-1,-1,1,-1,-1,-1
522,29,366.66839599609375,806.4752197265625,-1,-1,1,-1,-1,-1
523,29,316.9583740234375,806.5322265625,-1,-1,1,-1,-1,-1
524,29,259.91363525390625,806.530517578125,-1,-1,1,-1,-1,-1
525,29,210.26614379882812,806.4862060546875,-1,-1,1,-1,-1,-1
526,29,160.45059204101562,806.52294921875,-1,-1,1,-1,-1,-1
527,29,110.768798828125,806.487548828125,-1,-1,1,-1,-1,-1
531,30,1866.077392578125,777.8773193359375,-1,-1,1,-1,-1,-1
535,30,1745.2001953125,771.0174560546875,-1,-1,1,-1,-1,-1
542,30,1517.77880859375,735.206787109375,-1,-1,1,-1,-1,-1
543,30,1482.22021484375,728.1698608398438,-1,-1,1,-1,-1,-1
544,30,1453.6600341796875,728.37255859375,-1,-1,1,-1,-1,-1
546,30,1389.969970703125,713.9117431640625,-1,-1,1,-1,-1,-1
548,30,1333.1619873046875,706.7567138671875,-1,-1,1,-1,-1,-1
550,30,1276.3031005859375,699.56298828125,-1,-1,1,-1,-1,-1
551,30,1247.8819580078125,699.5789794921875,-1,-1,1,-1,-1,-1
552,30,1226.434814453125,692.541015625,-1,-1,1,-1,-1,-1
553,30,1191.09130859375,692.6322631835938,-1,-1,1,-1,-1,-1
554,30,1162.57958984375,692.6943359375,-1,-1,1,-1,-1,-1
555,30,1134.171142578125,692.66015625,-1,-1,1,-1,-1,-1
556,30,1098.6551513671875,692.5178833007812,-1,-1,1,-1,-1,-1
557,30,1070.21435546875,692.6615600585938,-1,-1,1,-1,-1,-1
558,30,1034.657958984375,692.7208251953125,-1,-1,1,-1,-1,-1
559,30,992.0015258789062,692.77783203125,-1,-1,1,-1,-1,-1
559,31,1233.77880859375,486.776611328125,-1,-1,1,-1,-1,-1
560,30,942.1075439453125,692.904052734375,-1,-1,1,-1,-1,-1
560,31,1226.698486328125,486.80303955078125,-1,-1,1,-1,-1,-1
561,30,892.3070678710938,685.6456298828125,-1,-1,1,-1,-1,-1
561,31,1226.73828125,486.74267578125,-1,-1,1,-1,-1,-1
562,30,842.7110595703125,685.7322998046875,-1,-1,1,-1,-1,-1
562,31,1219.60205078125,486.5380859375,-1,-1,1,-1,-1,-1
563,30,793.10986328125,685.765625,-1,-1,1,-1,-1,-1
563,31,1219.350830078125,493.9810791015625,-1,-1,1,-1,-1,-1
564,30,736.1834716796875,692.9083251953125,-1,-1,1,-1,-1,-1
564,31,1176.4501953125,564.535400390625,-1,-1,1,-1,-1,-1
565,31,1205.2451171875,500.93963623046875,-1,-1,1,-1,-1,-1
566,31,1155.28662109375,571.6126708984375,-1,-1,1,-1,-1,-1
567,31,1198.238525390625,507.96514892578125,-1,-1,1,-1,-1,-1
568,31,1191.14306640625,515.2240600585938,-1,-1,1,-1,-1,-1
568,32,1140.984375,586.0318603515625,-1,-1,1,-1,-1,-1
569,31,1176.8055419921875,529.4754638671875,-1,-1,1,-1,-1,-1
569,32,1126.770751953125,593.090087890625,-1,-1,1,-1,-1,-1
570,31,1169.865478515625,536.3134155273438,-1,-1,1,-1,-1,-1
570,32,1112.466064453125,607.4613037109375,-1,-1,1,-1,-1,-1
570,33,1205.2200927734375,501.05938720703125,-1,-1,1,-1,-1,-1
571,31,1162.648193359375,550.5546264648438,-1,-1,1,-1,-1,-1
571,32,1091.133056640625,614.385986328125,-1,-1,1,-1,-1,-1
572,31,1141.2476806640625,565.05810546875,-1,-1,1,-1,-1,-1
572,32,1076.98388671875,628.761474609375,-1,-1,1,-1,-1,-1
573,31,1127.074951171875,579.1810302734375,-1,-1,1,-1,-1,-1
573,32,1062.7728271484375,650.2738037109375,-1,-1,1,-1,-1,-1
574,31,1112.8837890625,586.10400390625,-1,-1,1,-1,-1,-1
574,32,1034.433349609375,657.05322265625,-1,-1,1,-1,-1,-1
575,31,1091.585205078125,600.453857421875,-1,-1,1,-1,-1,-1
575,32,1013.0615234375,671.3699951171875,-1,-1,1,-1,-1,-1
575,33,1134.0380859375,558.0103149414062,-1,-1,1,-1,-1,-1
576,33,1112.965087890625,572.0955810546875,-1,-1,1,-1,-1,-1
577,31,1041.806884765625,621.7259521484375,-1,-1,1,-1,-1,-1
578,31,1013.4660034179688,629.0079345703125,-1,-1,1,-1,-1,-1
579,31,985.02490234375,643.0443725585938,-1,-1,1,-1,-1,-1
580,31,963.8497314453125,650.080810546875,-1,-1,1,-1,-1,-1
580,32,871.1114501953125,721.392578125,-1,-1,1,-1,-1,-1
580,33,1006.3721923828125,614.6243896484375,-1,-1,1,-1,-1,-1
581,31,935.408935546875,657.1777954101562,-1,-1,1,-1,-1,-1
582,31,907.017578125,664.2967529296875,-1,-1,1,-1,-1,-1
582,33,956.5771484375,628.7550048828125,-1,-1,1,-1,-1,-1
583,31,878.6143798828125,671.5029296875,-1,-1,1,-1,-1,-1
584,31,850.223876953125,671.5563354492188,-1,-1,1,-1,-1,-1
584,32,750.466552734375,742.330322265625,-1,-1,1,-1,-1,-1
585,31,821.7967529296875,678.5491333007812,-1,-1,1,-1,-1,-1
585,32,714.6931762695312,749.6851806640625,-1,-1,1,-1,-1,-1
586,31,793.35693359375,678.51953125,-1,-1,1,-1,-1,-1
587,31,764.9293212890625,685.7127685546875,-1,-1,1,-1,-1,-1
587,32,650.7891235351562,756.5601806640625,-1,-1,1,-1,-1,-1
589,31,708.1229248046875,692.5672607421875,-1,-1,1,-1,-1,-1
589,33,757.759765625,657.3460693359375,-1,-1,1,-1,-1,-1
590,31,665.414306640625,699.9993896484375,-1,-1,1,-1,-1,-1
590,32,537.275634765625,771.1076049804688,-1,-1,1,-1,-1,-1
590,33,729.3955078125,657.236083984375,-1,-1,1,-1,-1,-1
591,31,629.824951171875,699.8130493164062,-1,-1,1,-1,-1,-1
591,33,686.5780029296875,664.49072265625,-1,-1,1,-1,-1,-1
591,34,1106.140869140625,714.4074096679688,-1,-1,1,-1,-1,-1
592,31,594.452880859375,706.9627075195312,-1,-1,1,-1,-1,-1
592,33,650.8458251953125,664.4620361328125,-1,-1,1,-1,-1,-1
592,34,1077.478515625,714.3479614257812,-1,-1,1,-1,-1,-1
593,31,558.9496459960938,706.720703125,-1,-1,1,-1,-1,-1
593,33,615.5377197265625,671.4007568359375,-1,-1,1,-1,-1,-1
594,31,516.0970458984375,706.923095703125,-1,-1,1,-1,-1,-1
594,33,579.8948364257812,671.148193359375,-1,-1,1,-1,-1,-1
595,31,473.39801025390625,713.8001708984375,-1,-1,1,-1,-1,-1
595,33,537.3458251953125,678.2978515625,-1,-1,1,-1,-1,-1
596,31,430.7607727050781,720.958251953125,-1,-1,1,-1,-1,-1
596,33,494.56744384765625,685.6235961914062,-1,-1,1,-1,-1,-1
597,33,451.9639587402344,685.55029296875,-1,-1,1,-1,-1,-1
598,33,409.3082580566406,692.4615478515625,-1,-1,1,-1,-1,-1
601,34,743.6177368164062,749.9257202148438,-1,-1,1,-1,-1,-1
601,35,1531.65478515625,629.56982421875,-1,-1,1,-1,-1,-1
602,34,700.9609985351562,757.0526123046875,-1,-1,1,-1,-1,-1
603,35,1453.392822265625,629.5416259765625,-1,-1,1,-1,-1,-1
604,35,1417.7359619140625,636.34326171875,-1,-1,1,-1,-1,-1
605,35,1368.0552978515625,636.4950561523438,-1,-1,1,-1,-1,-1
606,34,537.557373046875,771.3369750976562,-1,-1,1,-1,-1,-1
606,35,1339.6580810546875,636.458251953125,-1,-1,1,-1,-1,-1
607,35,1304.1822509765625,636.346435546875,-1,-1,1,-1,-1,-1
608,34,452.363037109375,778.0686645507812,-1,-1,1,-1,-1,-1
608,35,1268.603271484375,629.0723266601562,-1,-1,1,-1,-1,-1
609,34,416.8292541503906,785.368896484375,-1,-1,1,-1,-1,-1
609,35,1240.21630859375,636.12890625,-1,-1,1,-1,-1,-1
610,35,1204.8665771484375,614.5510864257812,-1,-1,1,-1,-1,-1
611,35,1176.568359375,614.5623779296875,-1,-1,1,-1,-1,-1
729,36,700.727294921875,543.4882202148438,-1,-1,1,-1,-1,-1
730,36,643.9258422851562,543.453125,-1,-1,1,-1,-1,-1
731,36,587.1551513671875,529.32861328125,-1,-1,1,-1,-1,-1
747,37,821.0015869140625,757.2761840820312,-1,-1,1,-1,-1,-1
749,37,750.0213623046875,757.419189453125,-1,-1,1,-1,-1,-1
750,37,721.4300537109375,764.3931884765625,-1,-1,1,-1,-1,-1
751,37,692.5107421875,771.6824951171875,-1,-1,1,-1,-1,-1
752,37,643.580078125,778.5478515625,-1,-1,1,-1,-1,-1
757,38,672.4246826171875,920.4930419921875,-1,-1,1,-1,-1,-1
765,39,1482.3955078125,181.44924926757812,-1,-1,1,-1,-1,-1
766,39,1403.9931640625,153.0277099609375,-1,-1,1,-1,-1,-1
806,40,1190.8271484375,472.4579162597656,-1,-1,1,-1,-1,-1
814,40,863.9564208984375,451.0957336425781,-1,-1,1,-1,-1,-1
816,40,785.6334228515625,451.157958984375,-1,-1,1,-1,-1,-1
819,40,700.167236328125,465.17730712890625,-1,-1,1,-1,-1,-1
820,40,678.8994750976562,465.2628479003906,-1,-1,1,-1,-1,-1
824,40,593.5762939453125,479.7313232421875,-1,-1,1,-1,-1,-1
826,41,508.860107421875,628.6803588867188,-1,-1,1,-1,-1,-1
883,42,1517.4373779296875,437.0892028808594,-1,-1,1,-1,-1,-1
893,43,416.22296142578125,365.4734191894531,-1,-1,1,-1,-1,-1
899,43,288.18206787109375,436.95361328125,-1,-1,1,-1,-1,-1
903,43,281.1115417480469,450.88385009765625,-1,-1,1,-1,-1,-1
904,43,302.4772033691406,458.0303649902344,-1,-1,1,-1,-1,-1
1026,44,1368.7509765625,493.6942138671875,-1,-1,1,-1,-1,-1
1029,44,1311.697509765625,493.92041015625,-1,-1,1,-1,-1,-1
1030,44,1290.1748046875,493.99053955078125,-1,-1,1,-1,-1,-1
1031,44,1268.97314453125,486.6143493652344,-1,-1,1,-1,-1,-1
1032,44,1240.49462890625,486.53277587890625,-1,-1,1,-1,-1,-1
1033,44,1219.349609375,486.5738525390625,-1,-1,1,-1,-1,-1
1034,44,1190.9013671875,486.6553955078125,-1,-1,1,-1,-1,-1
1035,44,1162.597412109375,486.44573974609375,-1,-1,1,-1,-1,-1
1036,44,1141.319580078125,486.411865234375,-1,-1,1,-1,-1,-1
1037,44,1105.7900390625,486.47662353515625,-1,-1,1,-1,-1,-1
1038,44,1077.309814453125,486.5203857421875,-1,-1,1,-1,-1,-1
1042,44,956.4280395507812,465.2674255371094,-1,-1,1,-1,-1,-1
1043,44,920.8099975585938,465.26611328125,-1,-1,1,-1,-1,-1
1044,44,878.2694702148438,458.25885009765625,-1,-1,1,-1,-1,-1
1046,44,799.9835815429688,451.3658142089844,-1,-1,1,-1,-1,-1
1091,45,1084.334228515625,884.1984252929688,-1,-1,1,-1,-1,-1
1116,46,870.9119873046875,885.760009765625,-1,-1,1,-1,-1,-1
1153,47,877.5474243164062,351.6556701660156,-1,-1,1,-1,-1,-1
1154,47,870.56884765625,358.5952453613281,-1,-1,1,-1,-1,-1
1160,47,828.2366943359375,365.7944030761719,-1,-1,1,-1,-1,-1
1161,47,814.2227172851562,372.5869140625,-1,-1,1,-1,-1,-1
1163,48,75.55189514160156,209.57431030273438,-1,-1,1,-1,-1,-1
1167,49,750.2688598632812,863.2553100585938,-1,-1,1,-1,-1,-1
1197,50,373.95751953125,39.05973815917969,-1,-1,1,-1,-1,-1
1241,51,1084.177490234375,685.621337890625,-1,-1,1,-1,-1,-1
1242,51,1062.973876953125,685.578125,-1,-1,1,-1,-1,-1
1271,51,551.264404296875,636.1109619140625,-1,-1,1,-1,-1,-1
1276,51,451.79022216796875,629.0679931640625,-1,-1,1,-1,-1,-1
1284,51,309.7477111816406,629.132568359375,-1,-1,1,-1,-1,-1
1288,51,252.89175415039062,629.0513916015625,-1,-1,1,-1,-1,-1
1289,51,245.77468872070312,636.1884765625,-1,-1,1,-1,-1,-1
1290,51,238.60153198242188,636.238037109375,-1,-1,1,-1,-1,-1
1291,51,231.67449951171875,629.2166748046875,-1,-1,1,-1,-1,-1
1292,51,217.389892578125,629.0888671875,-1,-1,1,-1,-1,-1
1293,51,217.41517639160156,629.1126708984375,-1,-1,1,-1,-1,-1
1294,51,210.30307006835938,629.1367797851562,-1,-1,1,-1,-1,-1
1295,51,203.17645263671875,629.1119384765625,-1,-1,1,-1,-1,-1
1296,51,196.12161254882812,629.0235595703125,-1,-1,1,-1,-1,-1
1297,51,181.8701171875,629.1759033203125,-1,-1,1,-1,-1,-1
1298,51,174.7261962890625,629.16259765625,-1,-1,1,-1,-1,-1
1299,51,167.61517333984375,629.2373046875,-1,-1,1,-1,-1,-1
1300,51,153.41192626953125,629.0988159179688,-1,-1,1,-1,-1,-1
1301,51,146.3369140625,622.0038452148438,-1,-1,1,-1,-1,-1
1302,51,132.04624938964844,621.9863891601562,-1,-1,1,-1,-1,-1
1303,51,117.87617492675781,622.0284423828125,-1,-1,1,-1,-1,-1
1304,51,96.59072875976562,621.9346313476562,-1,-1,1,-1,-1,-1
1305,51,82.27268981933594,621.9345092773438,-1,-1,1,-1,-1,-1
1306,51,68.1048355102539,621.9722900390625,-1,-1,1,-1,-1,-1
1307,51,46.968257904052734,621.943115234375,-1,-1,1,-1,-1,-1
1342,52,402.24945068359375,223.91836547851562,-1,-1,1,-1,-1,-1
1396,53,238.81875610351562,74.6484603881836,-1,-1,1,-1,-1,-1
1399,54,1098.392578125,373.0469970703125,-1,-1,1,-1,-1,-1
1404,54,999.0225830078125,373.02520751953125,-1,-1,1,-1,-1,-1
1406,54,956.027099609375,366.0445251464844,-1,-1,1,-1,-1,-1
1438,55,466.42572021484375,706.769775390625,-1,-1,1,-1,-1,-1
1446,56,1873.0068359375,181.26565551757812,-1,-1,1,-1,-1,-1
1458,57,693.509521484375,372.59820556640625,-1,-1,1,-1,-1,-1
1462,57,579.677978515625,365.6982421875,-1,-1,1,-1,-1,-1
1463,57,544.6387939453125,379.84027099609375,-1,-1,1,-1,-1,-1
1464,57,515.5639038085938,365.43487548828125,-1,-1,1,-1,-1,-1
1465,57,480.15386962890625,365.56829833984375,-1,-1,1,-1,-1,-1
1466,57,430.40191650390625,365.6170654296875,-1,-1,1,-1,-1,-1
1467,57,395.0992431640625,365.4365234375,-1,-1,1,-1,-1,-1
1468,57,345.08392333984375,365.56219482421875,-1,-1,1,-1,-1,-1
1473,58,1254.8787841796875,749.6786499023438,-1,-1,1,-1,-1,-1
1483,59,665.00341796875,209.87747192382812,-1,-1,1,-1,-1,-1
1578,60,1730.777099609375,664.5371704101562,-1,-1,1,-1,-1,-1
1580,60,1702.47412109375,664.2958374023438,-1,-1,1,-1,-1,-1
1582,60,1674.0877685546875,671.5661010742188,-1,-1,1,-1,-1,-1
1584,60,1645.79443359375,671.5924072265625,-1,-1,1,-1,-1,-1
1586,61,494.4814758300781,799.962646484375,-1,-1,1,-1,-1,-1
1587,60,1617.25732421875,664.2183837890625,-1,-1,1,-1,-1,-1
1589,60,1595.9599609375,657.3468017578125,-1,-1,1,-1,-1,-1
1592,60,1567.63427734375,642.8486938476562,-1,-1,1,-1,-1,-1
1603,60,1489.271484375,642.9231567382812,-1,-1,1,-1,-1,-1
1605,60,1453.670654296875,650.0599365234375,-1,-1,1,-1,-1,-1
1606,60,1439.592041015625,650.072021484375,-1,-1,1,-1,-1,-1
1607,60,1418.10107421875,657.360107421875,-1,-1,1,-1,-1,-1
1608,60,1403.9415283203125,664.3350830078125,-1,-1,1,-1,-1,-1
1609,60,1382.6378173828125,664.321044921875,-1,-1,1,-1,-1,-1
1609,62,1652.833740234375,557.6287841796875,-1,-1,1,-1,-1,-1
1610,60,1368.419921875,671.5235595703125,-1,-1,1,-1,-1,-1
1611,60,1347.1561279296875,671.3660888671875,-1,-1,1,-1,-1,-1
1612,60,1325.799560546875,678.6348876953125,-1,-1,1,-1,-1,-1
1613,60,1304.542236328125,678.4908447265625,-1,-1,1,-1,-1,-1
1614,60,1283.19921875,685.7069091796875,-1,-1,1,-1,-1,-1
1615,60,1268.92138671875,692.646240234375,-1,-1,1,-1,-1,-1
1616,60,1247.716064453125,692.5369873046875,-1,-1,1,-1,-1,-1
1617,60,1226.459228515625,699.7205810546875,-1,-1,1,-1,-1,-1
1618,60,1205.0263671875,706.91064453125,-1,-1,1,-1,-1,-1
1619,60,1183.775634765625,706.7748413085938,-1,-1,1,-1,-1,-1
1620,60,1169.464111328125,714.0783081054688,-1,-1,1,-1,-1,-1
1621,60,1148.14111328125,713.8438720703125,-1,-1,1,-1,-1,-1
1622,60,1126.9610595703125,713.8463134765625,-1,-1,1,-1,-1,-1
1623,60,1105.637451171875,713.8446044921875,-1,-1,1,-1,-1,-1
1624,60,1084.166015625,721.1097412109375,-1,-1,1,-1,-1,-1
1625,60,1069.97998046875,720.9296875,-1,-1,1,-1,-1,-1
1626,60,1048.6348876953125,713.779296875,-1,-1,1,-1,-1,-1
1627,60,1020.3900756835938,713.9451904296875,-1,-1,1,-1,-1,-1
1628,60,1006.08544921875,713.7724609375,-1,-1,1,-1,-1,-1
1629,60,984.8199462890625,713.9818115234375,-1,-1,1,-1,-1,-1
1630,60,963.5201416015625,713.8232421875,-1,-1,1,-1,-1,-1
1631,60,942.0615234375,714.1151123046875,-1,-1,1,-1,-1,-1
1632,60,920.7711181640625,714.1322021484375,-1,-1,1,-1,-1,-1
1634,60,885.3623046875,706.738525390625,-1,-1,1,-1,-1,-1
1636,60,849.690673828125,706.7120971679688,-1,-1,1,-1,-1,-1
1637,60,828.5428466796875,706.72021484375,-1,-1,1,-1,-1,-1
1638,60,807.28662109375,706.82568359375,-1,-1,1,-1,-1,-1
1643,60,707.7779541015625,706.848388671875,-1,-1,1,-1,-1,-1
1644,60,693.5712890625,706.887451171875,-1,-1,1,-1,-1,-1
1646,60,650.8648681640625,699.5752563476562,-1,-1,1,-1,-1,-1
1647,60,622.5530395507812,699.713623046875,-1,-1,1,-1,-1,-1
1649,60,565.689697265625,692.6100463867188,-1,-1,1,-1,-1,-1
1651,60,515.8225708007812,685.6190795898438,-1,-1,1,-1,-1,-1
1652,60,480.519775390625,678.143798828125,-1,-1,1,-1,-1,-1
1652,63,1069.91650390625,635.548583984375,-1,-1,1,-1,-1,-1
1653,60,451.88665771484375,671.113525390625,-1,-1,1,-1,-1,-1
1656,60,345.51068115234375,664.1439208984375,-1,-1,1,-1,-1,-1
1678,64,338.1271057128906,777.9482421875,-1,-1,1,-1,-1,-1
1680,65,558.2246704101562,785.529541015625,-1,-1,1,-1,-1,-1
1682,66,1304.67236328125,742.8170166015625,-1,-1,1,-1,-1,-1
1722,67,1205.091796875,457.9996337890625,-1,-1,1,-1,-1,-1
1723,67,1197.798583984375,450.753662109375,-1,-1,1,-1,-1,-1
1724,67,1183.697021484375,450.5373840332031,-1,-1,1,-1,-1,-1
1725,67,1176.4844970703125,450.88275146484375,-1,-1,1,-1,-1,-1
1730,67,1148.10400390625,429.5111083984375,-1,-1,1,-1,-1,-1
1734,67,1112.6890869140625,422.44189453125,-1,-1,1,-1,-1,-1
1741,68,1119.7177734375,699.7650146484375,-1,-1,1,-1,-1,-1
1742,68,1112.752685546875,699.7236328125,-1,-1,1,-1,-1,-1
1744,69,814.3072509765625,614.6500244140625,-1,-1,1,-1,-1,-1
1802,70,1325.89501953125,806.4996337890625,-1,-1,1,-1,-1,-1
1809,70,956.378662109375,763.80859375,-1,-1,1,-1,-1,-1
1811,70,864.12109375,756.6715087890625,-1,-1,1,-1,-1,-1
1813,70,771.7344970703125,749.4774169921875,-1,-1,1,-1,-1,-1
1850,71,1212.1724853515625,444.19110107421875,-1,-1,1,-1,-1,-1
1862,71,1034.546142578125,507.5860290527344,-1,-1,1,-1,-1,-1
1864,71,1013.0799560546875,521.87353515625,-1,-1,1,-1,-1,-1
1864,72,565.720703125,685.6898193359375,-1,-1,1,-1,-1,-1
1865,71,1013.06298828125,508.0118408203125,-1,-1,1,-1,-1,-1
1866,71,999.0526123046875,508.18475341796875,-1,-1,1,-1,-1,-1
1867,71,984.7987060546875,515.3641967773438,-1,-1,1,-1,-1,-1
1868,71,970.484130859375,522.4248046875,-1,-1,1,-1,-1,-1
1870,71,956.3460083007812,529.6006469726562,-1,-1,1,-1,-1,-1
1871,71,942.1146240234375,536.802490234375,-1,-1,1,-1,-1,-1
1875,71,913.6956787109375,550.7398681640625,-1,-1,1,-1,-1,-1
1877,71,892.3851318359375,557.8177490234375,-1,-1,1,-1,-1,-1
1880,71,870.97412109375,564.9814453125,-1,-1,1,-1,-1,-1
1881,71,864.1456909179688,572.3193359375,-1,-1,1,-1,-1,-1
1882,71,856.9805297851562,572.3779296875,-1,-1,1,-1,-1,-1
1883,71,849.8662719726562,572.3626098632812,-1,-1,1,-1,-1,-1
1884,71,842.7734375,572.2493896484375,-1,-1,1,-1,-1,-1
1885,71,835.783447265625,579.4195556640625,-1,-1,1,-1,-1,-1
1887,71,814.441650390625,572.3320922851562,-1,-1,1,-1,-1,-1
1888,71,807.179931640625,572.1900634765625,-1,-1,1,-1,-1,-1
1889,71,800.1697998046875,565.1754150390625,-1,-1,1,-1,-1,-1
1890,71,800.1611938476562,572.3201904296875,-1,-1,1,-1,-1,-1
1891,71,800.2470703125,565.2040405273438,-1,-1,1,-1,-1,-1
1892,71,800.1349487304688,572.339599609375,-1,-1,1,-1,-1,-1
1893,71,800.230712890625,572.4447021484375,-1,-1,1,-1,-1,-1
1894,71,792.959716796875,572.3323364257812,-1,-1,1,-1,-1,-1
1895,71,792.961181640625,572.2376708984375,-1,-1,1,-1,-1,-1
1896,71,793.1571655273438,572.2740478515625,-1,-1,1,-1,-1,-1
1897,71,793.1434326171875,579.6087646484375,-1,-1,1,-1,-1,-1
1898,71,785.8487548828125,579.6028442382812,-1,-1,1,-1,-1,-1
1899,71,785.7443237304688,579.5423583984375,-1,-1,1,-1,-1,-1
1901,71,785.9027099609375,572.2529296875,-1,-1,1,-1,-1,-1
1902,71,778.6700439453125,572.21484375,-1,-1,1,-1,-1,-1
1903,71,778.5604248046875,572.243408203125,-1,-1,1,-1,-1,-1
1904,71,778.6385498046875,572.284912109375,-1,-1,1,-1,-1,-1
1920,71,757.0423583984375,550.9605102539062,-1,-1,1,-1,-1,-1
1927,71,736.0794067382812,565.0656127929688,-1,-1,1,-1,-1,-1
1932,71,700.27734375,572.26708984375,-1,-1,1,-1,-1,-1
1933,73,721.9691162109375,749.4278564453125,-1,-1,1,-1,-1,-1
1934,73,707.80615234375,749.412841796875,-1,-1,1,-1,-1,-1
1943,74,1503.275146484375,316.3011474609375,-1,-1,1,-1,-1,-1
1944,74,1481.75830078125,316.3463439941406,-1,-1,1,-1,-1,-1
1948,74,1410.831787109375,302.16259765625,-1,-1,1,-1,-1,-1
1949,74,1389.6412353515625,294.985595703125,-1,-1,1,-1,-1,-1
1951,74,1353.75048828125,294.9197692871094,-1,-1,1,-1,-1,-1
1953,74,1311.301025390625,287.9281311035156,-1,-1,1,-1,-1,-1
1955,74,1268.730224609375,280.6667785644531,-1,-1,1,-1,-1,-1
1959,74,1197.682861328125,266.55999755859375,-1,-1,1,-1,-1,-1
1960,71,288.56292724609375,465.5340881347656,-1,-1,1,-1,-1,-1
1960,74,1176.242919921875,266.3955383300781,-1,-1,1,-1,-1,-1
1961,74,1162.108642578125,259.4548645019531,-1,-1,1,-1,-1,-1
1962,74,1140.7650146484375,259.3880310058594,-1,-1,1,-1,-1,-1
1963,74,1126.717041015625,259.3269958496094,-1,-1,1,-1,-1,-1
1964,74,1105.4189453125,252.3779296875,-1,-1,1,-1,-1,-1
1965,74,1091.189208984375,252.38363647460938,-1,-1,1,-1,-1,-1
1966,74,1076.94140625,252.3671875,-1,-1,1,-1,-1,-1
1967,74,1055.736572265625,252.136962890625,-1,-1,1,-1,-1,-1
1968,74,1041.413818359375,252.23895263671875,-1,-1,1,-1,-1,-1
1969,74,1027.3935546875,252.12136840820312,-1,-1,1,-1,-1,-1
1970,74,1012.9276123046875,252.18313598632812,-1,-1,1,-1,-1,-1
1972,74,984.4337158203125,252.2635498046875,-1,-1,1,-1,-1,-1
1973,74,970.264404296875,252.29981994628906,-1,-1,1,-1,-1,-1
1974,74,963.0438842773438,252.2698974609375,-1,-1,1,-1,-1,-1
1986,75,1354.44921875,692.7770385742188,-1,-1,1,-1,-1,-1
1990,75,1269.278076171875,685.62841796875,-1,-1,1,-1,-1,-1
1992,74,736.06396484375,188.31039428710938,-1,-1,1,-1,-1,-1
1993,74,714.736083984375,188.32534790039062,-1,-1,1,-1,-1,-1
1994,74,693.2015380859375,188.25587463378906,-1,-1,1,-1,-1,-1
1995,74,679.1738891601562,181.1007080078125,-1,-1,1,-1,-1,-1
1996,74,629.4974365234375,216.75802612304688,-1,-1,1,-1,-1,-1
2008,74,402.35498046875,124.34091186523438,-1,-1,1,-1,-1,-1
2017,74,189.04611206054688,152.55535888671875,-1,-1,1,-1,-1,-1
2018,74,160.58045959472656,152.84381103515625,-1,-1,1,-1,-1,-1
2019,74,125.0731201171875,159.8949737548828,-1,-1,1,-1,-1,-1
2020,74,96.67522430419922,159.92465209960938,-1,-1,1,-1,-1,-1
2038,76,1283.2294921875,906.1382446289062,-1,-1,1,-1,-1,-1
2071,77,394.98480224609375,991.2052001953125,-1,-1,1,-1,-1,-1
2072,77,416.47552490234375,984.1337890625,-1,-1,1,-1,-1,-1
2073,77,359.396240234375,976.8864135742188,-1,-1,1,-1,-1,-1
2076,78,409.3138427734375,934.4691162109375,-1,-1,1,-1,-1,-1
2085,79,1233.032958984375,898.6937255859375,-1,-1,1,-1,-1,-1
2090,80,1176.45947265625,422.7506103515625,-1,-1,1,-1,-1,-1
2091,81,1346.9793701171875,792.216064453125,-1,-1,1,-1,-1,-1
2096,82,1176.3623046875,998.546630859375,-1,-1,1,-1,-1,-1
2131,83,558.285888671875,415.400146484375,-1,-1,1,-1,-1,-1
2132,83,565.7530517578125,401.4034423828125,-1,-1,1,-1,-1,-1
2134,83,572.45947265625,408.38311767578125,-1,-1,1,-1,-1,-1
2238,84,1141.22509765625,358.5899658203125,-1,-1,1,-1,-1,-1
2239,85,451.97613525390625,337.5751953125,-1,-1,1,-1,-1,-1
2242,84,1112.8055419921875,336.96533203125,-1,-1,1,-1,-1,-1
2243,84,1105.452392578125,329.925537109375,-1,-1,1,-1,-1,-1
2244,84,1098.3896484375,329.9459228515625,-1,-1,1,-1,-1,-1
2262,86,1375.07958984375,678.8887939453125,-1,-1,1,-1,-1,-1
2265,86,1311.1923828125,671.7159423828125,-1,-1,1,-1,-1,-1
2266,86,1297.04296875,671.7838134765625,-1,-1,1,-1,-1,-1
2268,86,1254.525390625,664.5963134765625,-1,-1,1,-1,-1,-1
2272,87,1666.57470703125,700.0601806640625,-1,-1,1,-1,-1,-1
2273,87,1645.305419921875,699.9431762695312,-1,-1,1,-1,-1,-1
2277,87,1553.0130615234375,699.803955078125,-1,-1,1,-1,-1,-1
2280,87,1460.863037109375,692.7388916015625,-1,-1,1,-1,-1,-1
2283,87,1368.140869140625,685.814208984375,-1,-1,1,-1,-1,-1
2284,87,1332.769287109375,685.6199951171875,-1,-1,1,-1,-1,-1
2285,87,1297.158935546875,685.7537841796875,-1,-1,1,-1,-1,-1
2286,87,1261.7183837890625,685.6022338867188,-1,-1,1,-1,-1,-1
2287,87,1226.2347412109375,685.6032104492188,-1,-1,1,-1,-1,-1
2288,87,1190.72021484375,685.7442626953125,-1,-1,1,-1,-1,-1
2289,87,1155.0546875,692.974365234375,-1,-1,1,-1,-1,-1
2290,87,1119.521484375,692.8617553710938,-1,-1,1,-1,-1,-1
2291,86,480.48760986328125,678.5941772460938,-1,-1,1,-1,-1,-1
2291,87,1091.02734375,700.0181884765625,-1,-1,1,-1,-1,-1
2293,87,1012.9676513671875,707.2514038085938,-1,-1,1,-1,-1,-1
2294,87,977.6771240234375,706.9603881835938,-1,-1,1,-1,-1,-1
2295,87,934.55712890625,706.950439453125,-1,-1,1,-1,-1,-1
2296,87,892.001953125,714.3270263671875,-1,-1,1,-1,-1,-1
2297,87,835.19775390625,714.0469970703125,-1,-1,1,-1,-1,-1
2297,88,1411.0313720703125,721.0493774414062,-1,-1,1,-1,-1,-1
2298,87,799.6409912109375,721.2059326171875,-1,-1,1,-1,-1,-1
2298,88,1375.580078125,721.07373046875,-1,-1,1,-1,-1,-1
2299,87,757.2415771484375,721.1658325195312,-1,-1,1,-1,-1,-1
2299,88,1347.2421875,721.2996826171875,-1,-1,1,-1,-1,-1
2300,87,721.5438842773438,721.169189453125,-1,-1,1,-1,-1,-1
2300,88,1311.61181640625,720.9976806640625,-1,-1,1,-1,-1,-1
2301,87,679.1270751953125,728.3350830078125,-1,-1,1,-1,-1,-1
2302,87,636.0831298828125,728.3018188476562,-1,-1,1,-1,-1,-1
2302,88,1247.791015625,728.3150634765625,-1,-1,1,-1,-1,-1
2303,88,1212.164794921875,728.4898071289062,-1,-1,1,-1,-1,-1
2304,87,551.01513671875,735.5125732421875,-1,-1,1,-1,-1,-1
2305,88,1148.23291015625,735.384033203125,-1,-1,1,-1,-1,-1
2306,87,458.5391845703125,742.6129760742188,-1,-1,1,-1,-1,-1
2306,88,1112.72021484375,735.2068481445312,-1,-1,1,-1,-1,-1
2307,88,1077.299072265625,735.4151000976562,-1,-1,1,-1,-1,-1
2308,88,1048.57666015625,742.5823974609375,-1,-1,1,-1,-1,-1
2309,88,1013.0442504882812,742.45947265625,-1,-1,1,-1,-1,-1
2319,88,700.5103149414062,742.4412841796875,-1,-1,1,-1,-1,-1
2320,88,664.876708984375,742.48876953125,-1,-1,1,-1,-1,-1
2322,88,586.965087890625,735.669921875,-1,-1,1,-1,-1,-1
2323,88,551.3847045898438,735.6190185546875,-1,-1,1,-1,-1,-1
2324,88,508.88128662109375,735.572021484375,-1,-1,1,-1,-1,-1
2402,89,1865.852294921875,522.3240966796875,-1,-1,1,-1,-1,-1
2403,89,1801.8336181640625,515.1859130859375,-1,-1,1,-1,-1,-1
2445,90,1453.8658447265625,685.5790405273438,-1,-1,1,-1,-1,-1
2447,90,1404.17578125,685.5492553710938,-1,-1,1,-1,-1,-1
2450,90,1326.03271484375,685.34326171875,-1,-1,1,-1,-1,-1
2452,90,1276.343994140625,685.6048583984375,-1,-1,1,-1,-1,-1
2453,90,1247.833984375,685.6994018554688,-1,-1,1,-1,-1,-1
2456,90,1169.60498046875,692.713623046875,-1,-1,1,-1,-1,-1
2471,91,1418.567138671875,657.1323852539062,-1,-1,1,-1,-1,-1
2477,90,551.4312744140625,728.22607421875,-1,-1,1,-1,-1,-1
2490,91,544.6484375,607.31005859375,-1,-1,1,-1,-1,-1
2491,91,480.24359130859375,600.3367919921875,-1,-1,1,-1,-1,-1
2541,92,1354.22265625,436.5599365234375,-1,-1,1,-1,-1,-1
2550,92,757.3995361328125,408.4744873046875,-1,-1,1,-1,-1,-1
2551,92,679.9380493164062,429.7703857421875,-1,-1,1,-1,-1,-1
2551,93,679.2460327148438,408.5734558105469,-1,-1,1,-1,-1,-1
2552,92,601.2244873046875,401.53021240234375,-1,-1,1,-1,-1,-1
2554,92,423.7308349609375,394.6114501953125,-1,-1,1,-1,-1,-1
2555,92,338.950439453125,380.2425537109375,-1,-1,1,-1,-1,-1
2556,92,232.07308959960938,366.041748046875,-1,-1,1,-1,-1,-1
2557,92,132.58016967773438,351.921142578125,-1,-1,1,-1,-1,-1
2614,94,1588.924560546875,316.22613525390625,-1,-1,1,-1,-1,-1
2617,94,1546.357666015625,287.8467102050781,-1,-1,1,-1,-1,-1
2618,94,1525.111083984375,280.5474853515625,-1,-1,1,-1,-1,-1
2703,95,1723.607666015625,728.5108032226562,-1,-1,1,-1,-1,-1
2764,96,1212.3515625,429.42523193359375,-1,-1,1,-1,-1,-1
2770,96,1005.843505859375,380.24432373046875,-1,-1,1,-1,-1,-1
2779,97,1503.6314697265625,714.1036987304688,-1,-1,1,-1,-1,-1
2791,97,1198.0859375,728.2803955078125,-1,-1,1,-1,-1,-1
2796,97,1027.5716552734375,728.154052734375,-1,-1,1,-1,-1,-1
2798,97,942.091552734375,728.1401977539062,-1,-1,1,-1,-1,-1
2802,97,757.3431396484375,721.0926513671875,-1,-1,1,-1,-1,-1
2805,97,629.6328125,685.5720825195312,-1,-1,1,-1,-1,-1
2805,98,1318.781494140625,699.9261474609375,-1,-1,1,-1,-1,-1
2806,98,1290.303466796875,699.9752807617188,-1,-1,1,-1,-1,-1
2808,97,494.6398620605469,685.5952758789062,-1,-1,1,-1,-1,-1
2809,97,445.0838317871094,692.7376708984375,-1,-1,1,-1,-1,-1
2810,97,395.40301513671875,692.5385131835938,-1,-1,1,-1,-1,-1
2810,99,1369.0177001953125,380.1334533691406,-1,-1,1,-1,-1,-1
2811,97,345.4898681640625,699.812744140625,-1,-1,1,-1,-1,-1
2811,99,1311.8408203125,380.3239440917969,-1,-1,1,-1,-1,-1
2812,97,295.6978454589844,706.8902587890625,-1,-1,1,-1,-1,-1
2812,99,1240.9697265625,380.6961669921875,-1,-1,1,-1,-1,-1
2836,100,1247.750244140625,734.8701171875,-1,-1,1,-1,-1,-1
2841,101,1347.084228515625,529.2899169921875,-1,-1,1,-1,-1,-1
2842,101,1325.775634765625,529.160400390625,-1,-1,1,-1,-1,-1
2843,101,1297.068115234375,529.2787475585938,-1,-1,1,-1,-1,-1
2850,100,644.108642578125,756.3582763671875,-1,-1,1,-1,-1,-1
2851,100,594.567138671875,763.3367919921875,-1,-1,1,-1,-1,-1
2852,100,544.5491943359375,763.5343017578125,-1,-1,1,-1,-1,-1
2853,100,487.85888671875,763.7069702148438,-1,-1,1,-1,-1,-1
2858,102,1304.0906982421875,750.2801513671875,-1,-1,1,-1,-1,-1
2860,102,1218.718505859375,849.1629638671875,-1,-1,1,-1,-1,-1
2863,103,473.16522216796875,763.9835815429688,-1,-1,1,-1,-1,-1
2865,103,459.337646484375,685.36474609375,-1,-1,1,-1,-1,-1
2902,104,992.159423828125,742.3438720703125,-1,-1,1,-1,-1,-1
2902,105,1162.737548828125,806.0833740234375,-1,-1,1,-1,-1,-1
2903,105,1105.956298828125,798.9443359375,-1,-1,1,-1,-1,-1
2904,104,786.2232055664062,728.39453125,-1,-1,1,-1,-1,-1
2904,105,1056.1630859375,806.1705322265625,-1,-1,1,-1,-1,-1
2908,105,814.44970703125,820.10400390625,-1,-1,1,-1,-1,-1
2909,104,537.6983642578125,742.401123046875,-1,-1,1,-1,-1,-1
2909,106,267.5129089355469,692.4708251953125,-1,-1,1,-1,-1,-1
2910,104,459.4316711425781,749.0003662109375,-1,-1,1,-1,-1,-1
2932,107,1517.5916748046875,699.9786376953125,-1,-1,1,-1,-1,-1
2938,107,1482.2099609375,707.150146484375,-1,-1,1,-1,-1,-1
2939,107,1475.2581787109375,707.182861328125,-1,-1,1,-1,-1,-1
2940,107,1468.09814453125,714.2927856445312,-1,-1,1,-1,-1,-1
2941,107,1461.002685546875,721.2332763671875,-1,-1,1,-1,-1,-1
2947,107,1396.8519287109375,721.2921142578125,-1,-1,1,-1,-1,-1
2948,107,1382.626220703125,721.236328125,-1,-1,1,-1,-1,-1
2963,108,1382.700439453125,742.568359375,-1,-1,1,-1,-1,-1
2971,108,1049.02783203125,756.584228515625,-1,-1,1,-1,-1,-1
2972,108,1013.6156005859375,763.843505859375,-1,-1,1,-1,-1,-1
2973,108,977.8624267578125,763.575439453125,-1,-1,1,-1,-1,-1
2974,108,942.3953857421875,756.4925537109375,-1,-1,1,-1,-1,-1
2975,108,913.98779296875,756.7514038085938,-1,-1,1,-1,-1,-1
2976,108,878.3931884765625,749.527099609375,-1,-1,1,-1,-1,-1
2977,108,842.907958984375,749.7171630859375,-1,-1,1,-1,-1,-1
2978,108,821.8403930664062,749.4815673828125,-1,-1,1,-1,-1,-1
2979,108,778.576904296875,735.4935302734375,-1,-1,1,-1,-1,-1
2980,108,750.216796875,742.809814453125,-1,-1,1,-1,-1,-1
2981,108,721.96337890625,742.6848754882812,-1,-1,1,-1,-1,-1
2982,108,679.2745971679688,735.4712524414062,-1,-1,1,-1,-1,-1
2983,108,651.2001953125,735.3091430664062,-1,-1,1,-1,-1,-1
2984,108,608.1383056640625,742.707275390625,-1,-1,1,-1,-1,-1
2985,108,565.6241455078125,735.5054321289062,-1,-1,1,-1,-1,-1
2986,108,515.837890625,728.1896362304688,-1,-1,1,-1,-1,-1
2987,108,466.089599609375,721.2210693359375,-1,-1,1,-1,-1,-1
2990,108,331.3731994628906,742.3802490234375,-1,-1,1,-1,-1,-1
2998,109,956.3792724609375,508.07684326171875,-1,-1,1,-1,-1,-1
3003,110,956.184814453125,842.1397705078125,-1,-1,1,-1,-1,-1
3034,111,707.792724609375,692.783935546875,-1,-1,1,-1,-1,-1
3040,111,544.4859619140625,700.0798950195312,-1,-1,1,-1,-1,-1
3052,112,516.0850219726562,657.206787109375,-1,-1,1,-1,-1,-1
3094,113,594.0043334960938,770.836181640625,-1,-1,1,-1,-1,-1
3095,113,558.484619140625,777.7327880859375,-1,-1,1,-1,-1,-1
3097,113,480.33294677734375,785.036376953125,-1,-1,1,-1,-1,-1
3098,113,444.9610595703125,792.2296142578125,-1,-1,1,-1,-1,-1
3114,114,402.2902526855469,905.5509033203125,-1,-1,1,-1,-1,-1
3122,115,1880.7042236328125,699.7313232421875,-1,-1,1,-1,-1,-1
3142,116,1290.6046142578125,749.4898681640625,-1,-1,1,-1,-1,-1
3152,117,1652.780517578125,671.17724609375,-1,-1,1,-1,-1,-1
3153,116,1027.88671875,735.3433837890625,-1,-1,1,-1,-1,-1
3155,117,1588.6951904296875,678.482421875,-1,-1,1,-1,-1,-1
3156,117,1574.69384765625,678.6132202148438,-1,-1,1,-1,-1,-1
3157,117,1546.149169921875,678.3436279296875,-1,-1,1,-1,-1,-1
3158,117,1531.87744140625,678.1630859375,-1,-1,1,-1,-1,-1
3159,116,871.601806640625,742.6262817382812,-1,-1,1,-1,-1,-1
3162,117,1467.37255859375,671.3922119140625,-1,-1,1,-1,-1,-1
3163,117,1453.42626953125,671.321533203125,-1,-1,1,-1,-1,-1
3164,117,1432.091796875,671.3902587890625,-1,-1,1,-1,-1,-1
3165,117,1417.931396484375,664.3349609375,-1,-1,1,-1,-1,-1
3166,117,1403.7874755859375,664.4716796875,-1,-1,1,-1,-1,-1
3167,117,1389.433349609375,657.1431884765625,-1,-1,1,-1,-1,-1
3175,117,1297.0645751953125,650.826416015625,-1,-1,1,-1,-1,-1
3180,117,1211.7716064453125,628.9254760742188,-1,-1,1,-1,-1,-1
3182,117,1169.103515625,622.0777587890625,-1,-1,1,-1,-1,-1
3183,117,1140.637939453125,614.931884765625,-1,-1,1,-1,-1,-1
3184,117,1119.3360595703125,615.15625,-1,-1,1,-1,-1,-1
3185,117,1091.07568359375,615.4403686523438,-1,-1,1,-1,-1,-1
3187,117,1048.4605712890625,607.9718017578125,-1,-1,1,-1,-1,-1
3193,117,920.7691650390625,622.32861328125,-1,-1,1,-1,-1,-1
3194,117,892.527587890625,614.797119140625,-1,-1,1,-1,-1,-1
3195,117,871.2518310546875,614.94775390625,-1,-1,1,-1,-1,-1
3196,117,842.47900390625,614.9917602539062,-1,-1,1,-1,-1,-1
3197,117,821.5781860351562,614.9367065429688,-1,-1,1,-1,-1,-1
3198,117,792.9669189453125,615.044921875,-1,-1,1,-1,-1,-1
3199,117,764.418212890625,622.0438232421875,-1,-1,1,-1,-1,-1
3200,117,742.914306640625,621.9437255859375,-1,-1,1,-1,-1,-1
3201,117,714.7392578125,622.0357666015625,-1,-1,1,-1,-1,-1
3202,117,686.4044189453125,621.8502197265625,-1,-1,1,-1,-1,-1
3202,118,935.5601196289062,813.87158203125,-1,-1,1,-1,-1,-1
3203,117,657.9857788085938,621.9631958007812,-1,-1,1,-1,-1,-1
3204,117,636.8380126953125,621.9632568359375,-1,-1,1,-1,-1,-1
3207,117,537.1007690429688,614.968505859375,-1,-1,1,-1,-1,-1
3208,117,501.38983154296875,614.9813232421875,-1,-1,1,-1,-1,-1
3350,119,742.6341552734375,693.0596923828125,-1,-1,1,-1,-1,-1
3357,120,394.47039794921875,849.376220703125,-1,-1,1,-1,-1,-1
3371,121,1275.875732421875,813.730712890625,-1,-1,1,-1,-1,-1
3388,122,565.5287475585938,621.8345947265625,-1,-1,1,-1,-1,-1
3396,122,409.33441162109375,572.2681274414062,-1,-1,1,-1,-1,-1
3418,122,167.73947143554688,557.8984375,-1,-1,1,-1,-1,-1
3419,122,160.6322784423828,550.68115234375,-1,-1,1,-1,-1,-1
3420,122,146.35488891601562,550.7359619140625,-1,-1,1,-1,-1,-1
3610,123,579.55859375,729.2850341796875,-1,-1,1,-1,-1,-1
3903,124,764.720947265625,671.6826171875,-1,-1,1,-1,-1,-1
3961,125,693.6951904296875,585.687744140625,-1,-1,1,-1,-1,-1
3963,125,622.6182861328125,592.906982421875,-1,-1,1,-1,-1,-1
3964,125,587.044921875,592.6861572265625,-1,-1,1,-1,-1,-1
3981,126,743.0857543945312,849.425537109375,-1,-1,1,-1,-1,-1
3992,127,828.2501220703125,636.001220703125,-1,-1,1,-1,-1,-1
3993,127,792.7042236328125,636.2333374023438,-1,-1,1,-1,-1,-1
3995,127,728.855224609375,636.3685302734375,-1,-1,1,-1,-1,-1
4001,127,551.4784545898438,636.4047241210938,-1,-1,1,-1,-1,-1
4017,128,1489.3486328125,607.9866943359375,-1,-1,1,-1,-1,-1
4023,128,1361.64990234375,601.0768432617188,-1,-1,1,-1,-1,-1
4064,129,1446.931640625,665.115234375,-1,-1,1,-1,-1,-1
4065,129,1411.5450439453125,664.9244995117188,-1,-1,1,-1,-1,-1
4066,129,1375.833984375,665.0276489257812,-1,-1,1,-1,-1,-1
4067,129,1325.883544921875,657.4293212890625,-1,-1,1,-1,-1,-1
4068,129,1290.40234375,657.7344970703125,-1,-1,1,-1,-1,-1
4068,130,451.549072265625,422.5513000488281,-1,-1,1,-1,-1,-1
4082,129,707.5968017578125,629.4449462890625,-1,-1,1,-1,-1,-1
4083,129,658.1778564453125,621.9981079101562,-1,-1,1,-1,-1,-1
4084,129,615.3228759765625,615.1175537109375,-1,-1,1,-1,-1,-1
4085,129,572.6012573242188,608.1336669921875,-1,-1,1,-1,-1,-1
4141,131,373.89947509765625,401.68853759765625,-1,-1,1,-1,-1,-1
4142,131,338.43328857421875,401.6463623046875,-1,-1,1,-1,-1,-1
4169,132,1467.306396484375,593.8643188476562,-1,-1,1,-1,-1,-1
4173,132,1381.9388427734375,594.06396484375,-1,-1,1,-1,-1,-1
4175,132,1346.432373046875,593.9657592773438,-1,-1,1,-1,-1,-1
4176,132,1325.114990234375,586.921875,-1,-1,1,-1,-1,-1
4177,132,1297.28271484375,586.6001586914062,-1,-1,1,-1,-1,-1
4177,133,1126.18017578125,721.63818359375,-1,-1,1,-1,-1,-1
4178,132,1276.0125732421875,586.58056640625,-1,-1,1,-1,-1,-1
4179,132,1247.140869140625,586.7533569335938,-1,-1,1,-1,-1,-1
4181,132,1176.479736328125,586.61767578125,-1,-1,1,-1,-1,-1
4181,133,991.2747802734375,714.50244140625,-1,-1,1,-1,-1,-1
4182,132,1133.96484375,579.5240478515625,-1,-1,1,-1,-1,-1
4183,132,1091.0849609375,579.6240234375,-1,-1,1,-1,-1,-1
4185,132,1020.169677734375,579.60400390625,-1,-1,1,-1,-1,-1
4185,134,1397.099609375,621.7415161132812,-1,-1,1,-1,-1,-1
4186,132,977.4624633789062,579.5401611328125,-1,-1,1,-1,-1,-1
4186,134,1361.600830078125,621.749267578125,-1,-1,1,-1,-1,-1
4187,132,941.81884765625,586.7380981445312,-1,-1,1,-1,-1,-1
4187,134,1319.020751953125,628.719482421875,-1,-1,1,-1,-1,-1
4188,132,906.3343505859375,586.5,-1,-1,1,-1,-1,-1
4188,134,1276.3367919921875,628.8348388671875,-1,-1,1,-1,-1,-1
4189,134,1240.44287109375,629.1251220703125,-1,-1,1,-1,-1,-1
4190,134,1204.82861328125,636.1138916015625,-1,-1,1,-1,-1,-1
4191,132,778.65380859375,600.56298828125,-1,-1,1,-1,-1,-1
4191,134,1154.9407958984375,636.1919555664062,-1,-1,1,-1,-1,-1
4196,134,1048.8294677734375,742.3433837890625,-1,-1,1,-1,-1,-1
4201,134,828.6708984375,756.705810546875,-1,-1,1,-1,-1,-1
4202,134,778.7955322265625,763.8023681640625,-1,-1,1,-1,-1,-1
4203,134,736.2579345703125,770.9134521484375,-1,-1,1,-1,-1,-1
4204,134,686.5149536132812,778.0193481445312,-1,-1,1,-1,-1,-1
4205,134,629.6961669921875,784.9674072265625,-1,-1,1,-1,-1,-1
4206,134,572.8493041992188,784.9578247070312,-1,-1,1,-1,-1,-1
4207,134,515.92041015625,785.1083984375,-1,-1,1,-1,-1,-1
4208,134,452.13482666015625,777.85791015625,-1,-1,1,-1,-1,-1
4209,134,373.96044921875,777.8621826171875,-1,-1,1,-1,-1,-1
4211,134,217.7989501953125,756.8272705078125,-1,-1,1,-1,-1,-1
4212,134,125.31940460205078,749.5310668945312,-1,-1,1,-1,-1,-1
4226,135,1297.682373046875,877.2740478515625,-1,-1,1,-1,-1,-1
4227,135,1255.099365234375,884.6329345703125,-1,-1,1,-1,-1,-1
4228,135,1212.368896484375,884.493408203125,-1,-1,1,-1,-1,-1
4229,135,1176.985595703125,891.6838989257812,-1,-1,1,-1,-1,-1
4246,136,1752.1905517578125,415.9774169921875,-1,-1,1,-1,-1,-1
4256,136,1624.3603515625,351.8970947265625,-1,-1,1,-1,-1,-1
4264,137,1432.617919921875,210.03431701660156,-1,-1,1,-1,-1,-1
4265,137,1411.427490234375,209.82025146484375,-1,-1,1,-1,-1,-1
4265,138,1198.194091796875,508.2698669433594,-1,-1,1,-1,-1,-1
4266,137,1382.996337890625,245.0542755126953,-1,-1,1,-1,-1,-1
4268,137,1333.488037109375,216.78982543945312,-1,-1,1,-1,-1,-1
4292,139,1233.719970703125,756.8470458984375,-1,-1,1,-1,-1,-1
4293,139,1183.75244140625,749.7537841796875,-1,-1,1,-1,-1,-1
4296,139,1055.834228515625,756.703125,-1,-1,1,-1,-1,-1
4302,139,800.1722412109375,771.0262451171875,-1,-1,1,-1,-1,-1
4304,139,672.3823852539062,763.9288330078125,-1,-1,1,-1,-1,-1
4305,139,630.1448364257812,770.8543701171875,-1,-1,1,-1,-1,-1
4307,139,530.56298828125,770.7947998046875,-1,-1,1,-1,-1,-1
4308,139,480.9598388671875,777.95654296875,-1,-1,1,-1,-1,-1
4309,139,423.91448974609375,778.1419677734375,-1,-1,1,-1,-1,-1
4310,139,366.9185791015625,778.0252685546875,-1,-1,1,-1,-1,-1
4312,139,246.04193115234375,778.322998046875,-1,-1,1,-1,-1,-1
4312,140,1126.59765625,792.7518310546875,-1,-1,1,-1,-1,-1
4313,140,1091.297607421875,792.694580078125,-1,-1,1,-1,-1,-1
4314,140,1034.388427734375,799.65283203125,-1,-1,1,-1,-1,-1
4315,140,1005.6834716796875,792.7667846679688,-1,-1,1,-1,-1,-1
4316,140,942.1712646484375,799.731201171875,-1,-1,1,-1,-1,-1
4317,140,892.2158203125,799.7462158203125,-1,-1,1,-1,-1,-1
4318,140,842.3935546875,799.8348999023438,-1,-1,1,-1,-1,-1
4324,141,1168.800048828125,607.76611328125,-1,-1,1,-1,-1,-1
4327,140,444.4591064453125,849.1045532226562,-1,-1,1,-1,-1,-1
4328,140,380.8701477050781,856.289794921875,-1,-1,1,-1,-1,-1
4329,140,317.0742492675781,863.30859375,-1,-1,1,-1,-1,-1
4330,140,295.63067626953125,862.9873046875,-1,-1,1,-1,-1,-1
4332,141,977.97705078125,637.2760009765625,-1,-1,1,-1,-1,-1
4334,141,920.78125,658.3272094726562,-1,-1,1,-1,-1,-1
4370,142,686.56787109375,465.38482666015625,-1,-1,1,-1,-1,-1
4371,142,650.8432006835938,465.3780212402344,-1,-1,1,-1,-1,-1
4394,143,1126.98583984375,763.9476318359375,-1,-1,1,-1,-1,-1
4396,143,1063.087158203125,763.708251953125,-1,-1,1,-1,-1,-1
4399,143,977.7280883789062,770.9027099609375,-1,-1,1,-1,-1,-1
4401,143,913.6260986328125,770.7659912109375,-1,-1,1,-1,-1,-1
4402,143,885.2760620117188,770.7064208984375,-1,-1,1,-1,-1,-1
4405,143,785.937255859375,777.9410400390625,-1,-1,1,-1,-1,-1
4406,143,750.3135986328125,777.8861083984375,-1,-1,1,-1,-1,-1
4407,143,714.9029541015625,777.9930419921875,-1,-1,1,-1,-1,-1
4412,143,551.4205322265625,770.9456787109375,-1,-1,1,-1,-1,-1
4419,144,984.7900390625,742.8213500976562,-1,-1,1,-1,-1,-1
4420,144,963.353759765625,735.5623779296875,-1,-1,1,-1,-1,-1
4424,144,835.4608154296875,728.4898681640625,-1,-1,1,-1,-1,-1
4438,145,1326.8310546875,295.6819152832031,-1,-1,1,-1,-1,-1
4440,145,1134.3199462890625,281.3431701660156,-1,-1,1,-1,-1,-1
4441,145,1034.8951416015625,274.3612976074219,-1,-1,1,-1,-1,-1
4442,145,928.314697265625,246.26707458496094,-1,-1,1,-1,-1,-1
4444,145,693.5947875976562,224.29542541503906,-1,-1,1,-1,-1,-1
4446,146,1084.543212890625,792.1111450195312,-1,-1,1,-1,-1,-1
4557,147,1318.88525390625,863.26904296875,-1,-1,1,-1,-1,-1
4560,147,1233.427734375,863.5423583984375,-1,-1,1,-1,-1,-1
4562,147,1183.67578125,863.56005859375,-1,-1,1,-1,-1,-1
4563,147,1155.22802734375,863.5020751953125,-1,-1,1,-1,-1,-1
4564,147,1119.50634765625,856.3731689453125,-1,-1,1,-1,-1,-1
4565,147,1091.125244140625,849.0790405273438,-1,-1,1,-1,-1,-1
4566,147,1069.8359375,856.4483642578125,-1,-1,1,-1,-1,-1
4567,147,1041.49462890625,849.469970703125,-1,-1,1,-1,-1,-1
4576,147,714.7859497070312,842.1658935546875,-1,-1,1,-1,-1,-1
4576,148,693.273681640625,820.7994384765625,-1,-1,1,-1,-1,-1
4577,147,657.792236328125,820.8011474609375,-1,-1,1,-1,-1,-1
4578,147,643.6632690429688,842.22998046875,-1,-1,1,-1,-1,-1
4579,147,579.6865844726562,820.6000366210938,-1,-1,1,-1,-1,-1
4580,147,565.55712890625,842.1971435546875,-1,-1,1,-1,-1,-1
4581,147,522.7628173828125,842.2769775390625,-1,-1,1,-1,-1,-1
4642,149,1297.357421875,323.2786865234375,-1,-1,1,-1,-1,-1
4643,150,1097.8924560546875,330.7090759277344,-1,-1,1,-1,-1,-1
4647,151,792.5003051757812,231.30996704101562,-1,-1,1,-1,-1,-1
4840,152,515.7957763671875,635.801025390625,-1,-1,1,-1,-1,-1
4841,152,487.48944091796875,628.7529296875,-1,-1,1,-1,-1,-1
4842,152,466.0634765625,628.949951171875,-1,-1,1,-1,-1,-1
4843,152,444.89483642578125,621.62744140625,-1,-1,1,-1,-1,-1
4844,152,423.5103759765625,621.7027587890625,-1,-1,1,-1,-1,-1
4852,152,196.0420379638672,607.3148803710938,-1,-1,1,-1,-1,-1
4882,153,1560.391845703125,749.0178833007812,-1,-1,1,-1,-1,-1
4888,154,1880.3912353515625,621.661376953125,-1,-1,1,-1,-1,-1
4889,154,1873.0115966796875,621.6490478515625,-1,-1,1,-1,-1,-1
4890,153,1389.724853515625,707.0458984375,-1,-1,1,-1,-1,-1
4890,154,1858.76220703125,621.884521484375,-1,-1,1,-1,-1,-1
4891,154,1844.375244140625,622.0694580078125,-1,-1,1,-1,-1,-1
4892,154,1837.530517578125,614.6290893554688,-1,-1,1,-1,-1,-1
4893,154,1830.33544921875,621.8648681640625,-1,-1,1,-1,-1,-1
4894,154,1823.083251953125,628.9793090820312,-1,-1,1,-1,-1,-1
4895,154,1809.0050048828125,621.6757202148438,-1,-1,1,-1,-1,-1
4896,154,1801.83984375,621.4990234375,-1,-1,1,-1,-1,-1
4897,154,1787.595458984375,621.6612548828125,-1,-1,1,-1,-1,-1
4898,154,1780.353271484375,628.912109375,-1,-1,1,-1,-1,-1
4899,154,1766.267578125,628.97412109375,-1,-1,1,-1,-1,-1
4900,154,1759.2979736328125,629.0452270507812,-1,-1,1,-1,-1,-1
4901,153,1134.232177734375,728.1695556640625,-1,-1,1,-1,-1,-1
4901,154,1759.228515625,636.159423828125,-1,-1,1,-1,-1,-1
4902,153,1112.719482421875,735.47412109375,-1,-1,1,-1,-1,-1
4902,154,1759.3016357421875,636.04638671875,-1,-1,1,-1,-1,-1
4903,153,1084.2255859375,735.5772705078125,-1,-1,1,-1,-1,-1
4903,154,1752.140625,643.2694091796875,-1,-1,1,-1,-1,-1
4904,154,1745.14208984375,643.4003295898438,-1,-1,1,-1,-1,-1
4905,153,956.524658203125,706.981201171875,-1,-1,1,-1,-1,-1
4905,154,1738.04638671875,643.32861328125,-1,-1,1,-1,-1,-1
4906,153,935.1483154296875,706.9063720703125,-1,-1,1,-1,-1,-1
4906,154,1730.901611328125,643.2513427734375,-1,-1,1,-1,-1,-1
4907,153,906.7011108398438,706.8054809570312,-1,-1,1,-1,-1,-1
4907,154,1723.85693359375,643.2455444335938,-1,-1,1,-1,-1,-1
4908,153,878.30615234375,706.96337890625,-1,-1,1,-1,-1,-1
4908,154,1709.59619140625,643.3589477539062,-1,-1,1,-1,-1,-1
4909,154,1702.626220703125,643.4313354492188,-1,-1,1,-1,-1,-1
4910,154,1688.388916015625,643.447509765625,-1,-1,1,-1,-1,-1
4911,154,1681.2100830078125,636.093505859375,-1,-1,1,-1,-1,-1
4912,154,1674.125,636.2034912109375,-1,-1,1,-1,-1,-1
4913,154,1659.9837646484375,636.2357177734375,-1,-1,1,-1,-1,-1
4914,154,1645.6571044921875,628.7833251953125,-1,-1,1,-1,-1,-1
4915,154,1631.570068359375,628.96728515625,-1,-1,1,-1,-1,-1
4916,154,1617.304931640625,629.0452880859375,-1,-1,1,-1,-1,-1
4917,154,1603.0400390625,629.1336669921875,-1,-1,1,-1,-1,-1
4918,154,1588.8375244140625,621.7001953125,-1,-1,1,-1,-1,-1
4919,154,1574.69775390625,621.8944702148438,-1,-1,1,-1,-1,-1
4920,154,1560.37353515625,622.144775390625,-1,-1,1,-1,-1,-1
4921,154,1546.230712890625,622.0431518554688,-1,-1,1,-1,-1,-1
4921,155,1638.4931640625,557.2993774414062,-1,-1,1,-1,-1,-1
4922,154,1532.00634765625,614.641845703125,-1,-1,1,-1,-1,-1
4923,154,1517.763916015625,622.0775146484375,-1,-1,1,-1,-1,-1
4924,154,1496.348388671875,621.962158203125,-1,-1,1,-1,-1,-1
4925,154,1482.223876953125,622.0140380859375,-1,-1,1,-1,-1,-1
4925,155,1574.488525390625,557.4027099609375,-1,-1,1,-1,-1,-1
4926,154,1460.923583984375,621.9048461914062,-1,-1,1,-1,-1,-1
4926,155,1560.465576171875,564.562255859375,-1,-1,1,-1,-1,-1
4927,154,1446.80615234375,621.8162841796875,-1,-1,1,-1,-1,-1
4928,154,1432.6146240234375,621.7860717773438,-1,-1,1,-1,-1,-1
4928,155,1524.7596435546875,557.2499389648438,-1,-1,1,-1,-1,-1
4929,154,1411.138427734375,629.1683959960938,-1,-1,1,-1,-1,-1
4930,154,1396.8203125,629.1921997070312,-1,-1,1,-1,-1,-1
4931,154,1382.765869140625,629.2415161132812,-1,-1,1,-1,-1,-1
4932,154,1361.379638671875,629.1561889648438,-1,-1,1,-1,-1,-1
4933,154,1347.2840576171875,629.112060546875,-1,-1,1,-1,-1,-1
4934,154,1325.9246826171875,629.119873046875,-1,-1,1,-1,-1,-1
4935,154,1311.753662109375,629.161865234375,-1,-1,1,-1,-1,-1
4935,156,985.08349609375,358.66326904296875,-1,-1,1,-1,-1,-1
4936,154,1297.548583984375,629.1585693359375,-1,-1,1,-1,-1,-1
4937,154,1276.166259765625,629.1069946289062,-1,-1,1,-1,-1,-1
4938,154,1261.9674072265625,629.1660766601562,-1,-1,1,-1,-1,-1
4939,154,1247.7764892578125,629.0963134765625,-1,-1,1,-1,-1,-1
4940,154,1226.4273681640625,629.0829467773438,-1,-1,1,-1,-1,-1
4941,154,1212.2647705078125,629.0278930664062,-1,-1,1,-1,-1,-1
4942,154,1198.04052734375,629.062255859375,-1,-1,1,-1,-1,-1
4943,154,1183.80224609375,629.1046752929688,-1,-1,1,-1,-1,-1
4944,154,1169.614990234375,629.2293090820312,-1,-1,1,-1,-1,-1
4945,154,1155.3687744140625,629.1478881835938,-1,-1,1,-1,-1,-1
4946,154,1134.08251953125,622.0092163085938,-1,-1,1,-1,-1,-1
4946,156,836.0118408203125,344.4771728515625,-1,-1,1,-1,-1,-1
4947,154,1119.8426513671875,622.1233520507812,-1,-1,1,-1,-1,-1
4947,156,814.7110595703125,344.30560302734375,-1,-1,1,-1,-1,-1
4948,154,1105.604736328125,622.2305297851562,-1,-1,1,-1,-1,-1
4948,156,807.4237060546875,344.7170715332031,-1,-1,1,-1,-1,-1
4949,154,1091.512451171875,614.7592163085938,-1,-1,1,-1,-1,-1
4949,155,1212.102783203125,614.5068359375,-1,-1,1,-1,-1,-1
4949,156,793.4791870117188,344.38726806640625,-1,-1,1,-1,-1,-1
4950,154,1077.274658203125,614.8511962890625,-1,-1,1,-1,-1,-1
4950,156,779.167236328125,337.47576904296875,-1,-1,1,-1,-1,-1
4951,154,1063.0919189453125,615.0089111328125,-1,-1,1,-1,-1,-1
4951,156,771.9859619140625,337.3320617675781,-1,-1,1,-1,-1,-1
4952,154,1048.869384765625,607.56201171875,-1,-1,1,-1,-1,-1
4952,156,757.6663818359375,330.47723388671875,-1,-1,1,-1,-1,-1
4953,154,1034.7757568359375,607.7864990234375,-1,-1,1,-1,-1,-1
4954,154,1013.361083984375,607.94140625,-1,-1,1,-1,-1,-1
4954,156,729.5872802734375,322.7504577636719,-1,-1,1,-1,-1,-1
4955,154,999.1820068359375,600.5826416015625,-1,-1,1,-1,-1,-1
4956,154,984.9380493164062,600.7093505859375,-1,-1,1,-1,-1,-1
4957,154,970.6669921875,600.7044067382812,-1,-1,1,-1,-1,-1
4958,154,956.5053100585938,593.4453735351562,-1,-1,1,-1,-1,-1
4958,156,679.4877319335938,308.8659362792969,-1,-1,1,-1,-1,-1
4959,154,942.3009643554688,593.62353515625,-1,-1,1,-1,-1,-1
4959,156,665.386962890625,309.1409912109375,-1,-1,1,-1,-1,-1
4960,154,927.9901123046875,586.1651611328125,-1,-1,1,-1,-1,-1
4960,156,651.1259765625,308.9017639160156,-1,-1,1,-1,-1,-1
4961,154,906.727783203125,586.341064453125,-1,-1,1,-1,-1,-1
4962,154,892.5308837890625,586.465087890625,-1,-1,1,-1,-1,-1
4962,155,1027.493896484375,586.2953491210938,-1,-1,1,-1,-1,-1
4962,156,622.4769287109375,301.7179870605469,-1,-1,1,-1,-1,-1
4963,154,878.34130859375,586.447265625,-1,-1,1,-1,-1,-1
4963,155,1013.3416748046875,586.2066650390625,-1,-1,1,-1,-1,-1
4963,156,608.3299560546875,301.89483642578125,-1,-1,1,-1,-1,-1
4964,154,864.0911865234375,586.4075927734375,-1,-1,1,-1,-1,-1
4964,155,999.2291259765625,586.117431640625,-1,-1,1,-1,-1,-1
4965,154,849.9277954101562,586.36181640625,-1,-1,1,-1,-1,-1
4966,154,835.599853515625,586.3695678710938,-1,-1,1,-1,-1,-1
4966,156,572.8271484375,309.21075439453125,-1,-1,1,-1,-1,-1
4967,154,828.5133056640625,593.6412353515625,-1,-1,1,-1,-1,-1
4968,154,814.256103515625,593.6148681640625,-1,-1,1,-1,-1,-1
4968,156,565.801025390625,309.0394592285156,-1,-1,1,-1,-1,-1
4969,154,807.22314453125,593.6279296875,-1,-1,1,-1,-1,-1
4969,156,558.7792358398438,309.139892578125,-1,-1,1,-1,-1,-1
4970,154,800.0850219726562,593.5283203125,-1,-1,1,-1,-1,-1
4971,154,793.0086669921875,593.3863525390625,-1,-1,1,-1,-1,-1
4971,155,935.0973510742188,593.3126220703125,-1,-1,1,-1,-1,-1
4972,154,778.648193359375,600.8436279296875,-1,-1,1,-1,-1,-1
4972,155,920.8489990234375,593.4403076171875,-1,-1,1,-1,-1,-1
4973,154,771.7392578125,600.720458984375,-1,-1,1,-1,-1,-1
4973,155,913.6563720703125,600.59033203125,-1,-1,1,-1,-1,-1
4974,154,757.4390258789062,600.615478515625,-1,-1,1,-1,-1,-1
4974,155,899.4188232421875,600.558349609375,-1,-1,1,-1,-1,-1
4974,156,530.4021606445312,316.37298583984375,-1,-1,1,-1,-1,-1
4975,154,750.352294921875,607.7916259765625,-1,-1,1,-1,-1,-1
4975,155,892.4112548828125,600.3941040039062,-1,-1,1,-1,-1,-1
4976,154,736.1417236328125,607.9494018554688,-1,-1,1,-1,-1,-1
4977,154,729.1029052734375,607.8291625976562,-1,-1,1,-1,-1,-1
4977,155,871.0389404296875,607.7111206054688,-1,-1,1,-1,-1,-1
4978,154,714.8589477539062,607.7945556640625,-1,-1,1,-1,-1,-1
4978,156,501.86358642578125,330.3935546875,-1,-1,1,-1,-1,-1
4979,154,707.7041015625,607.563232421875,-1,-1,1,-1,-1,-1
4979,156,495.0012512207031,330.31787109375,-1,-1,1,-1,-1,-1
4980,154,693.528076171875,607.725830078125,-1,-1,1,-1,-1,-1
4981,154,679.2898559570312,607.73193359375,-1,-1,1,-1,-1,-1
4981,156,480.5339050292969,337.2933349609375,-1,-1,1,-1,-1,-1
4981,157,1326.2427978515625,692.4992065429688,-1,-1,1,-1,-1,-1
4982,154,672.1668701171875,607.6566162109375,-1,-1,1,-1,-1,-1
4982,156,473.31439208984375,337.40753173828125,-1,-1,1,-1,-1,-1
4983,154,657.970703125,615.0584716796875,-1,-1,1,-1,-1,-1
4983,156,466.334228515625,337.54522705078125,-1,-1,1,-1,-1,-1
4984,154,650.8980102539062,614.8902587890625,-1,-1,1,-1,-1,-1
4984,156,459.25177001953125,337.4875793457031,-1,-1,1,-1,-1,-1
4985,154,636.65576171875,614.9749755859375,-1,-1,1,-1,-1,-1
4986,154,622.513671875,614.9813842773438,-1,-1,1,-1,-1,-1
4986,156,438.01068115234375,337.4512634277344,-1,-1,1,-1,-1,-1
4987,154,615.3367919921875,614.929443359375,-1,-1,1,-1,-1,-1
4987,156,437.92132568359375,344.80096435546875,-1,-1,1,-1,-1,-1
4988,154,608.2332153320312,614.9188232421875,-1,-1,1,-1,-1,-1
4989,154,594.11083984375,614.6785888671875,-1,-1,1,-1,-1,-1
4989,156,423.6751708984375,344.634033203125,-1,-1,1,-1,-1,-1
4990,154,579.8755493164062,614.8426513671875,-1,-1,1,-1,-1,-1
4990,156,416.71636962890625,344.671630859375,-1,-1,1,-1,-1,-1
4991,154,565.58056640625,622.10400390625,-1,-1,1,-1,-1,-1
4991,156,402.4437561035156,344.5924072265625,-1,-1,1,-1,-1,-1
4992,154,551.3693237304688,622.2365112304688,-1,-1,1,-1,-1,-1
4992,156,395.37005615234375,344.5383605957031,-1,-1,1,-1,-1,-1
4993,154,537.2569580078125,614.719482421875,-1,-1,1,-1,-1,-1
4994,154,522.9600830078125,614.876708984375,-1,-1,1,-1,-1,-1
4995,154,501.73468017578125,607.7842407226562,-1,-1,1,-1,-1,-1
4996,154,487.4720153808594,607.8886108398438,-1,-1,1,-1,-1,-1
4997,154,473.1583251953125,607.8902587890625,-1,-1,1,-1,-1,-1
4998,154,466.1845397949219,600.5960693359375,-1,-1,1,-1,-1,-1
4999,154,444.7026062011719,600.824951171875,-1,-1,1,-1,-1,-1
5000,154,430.23052978515625,600.522216796875,-1,-1,1,-1,-1,-1
5001,154,416.324462890625,593.5863037109375,-1,-1,1,-1,-1,-1
5002,154,402.2778625488281,586.2916259765625,-1,-1,1,-1,-1,-1
5003,154,380.94683837890625,586.4497680664062,-1,-1,1,-1,-1,-1
5004,154,366.65740966796875,586.441650390625,-1,-1,1,-1,-1,-1
5005,154,345.37103271484375,579.0933837890625,-1,-1,1,-1,-1,-1
5006,154,324.19293212890625,579.1444702148438,-1,-1,1,-1,-1,-1
5007,154,302.68511962890625,579.215576171875,-1,-1,1,-1,-1,-1
5008,154,288.54815673828125,578.9825439453125,-1,-1,1,-1,-1,-1
5008,155,437.87664794921875,571.82763671875,-1,-1,1,-1,-1,-1
5009,154,267.1287841796875,586.48193359375,-1,-1,1,-1,-1,-1
5010,154,245.8260498046875,586.4982299804688,-1,-1,1,-1,-1,-1
5011,154,224.54986572265625,586.455078125,-1,-1,1,-1,-1,-1
5012,154,203.18515014648438,586.4105224609375,-1,-1,1,-1,-1,-1
5013,154,181.95748901367188,586.328369140625,-1,-1,1,-1,-1,-1
5014,154,153.54489135742188,586.304443359375,-1,-1,1,-1,-1,-1
5015,154,132.03652954101562,579.0570068359375,-1,-1,1,-1,-1,-1
5016,154,110.80462646484375,579.1735229492188,-1,-1,1,-1,-1,-1
5017,154,82.46637725830078,579.29248046875,-1,-1,1,-1,-1,-1
5017,155,281.1109619140625,494.1609191894531,-1,-1,1,-1,-1,-1
5018,154,61.21169662475586,579.4366455078125,-1,-1,1,-1,-1,-1
5018,155,259.8636779785156,494.18182373046875,-1,-1,1,-1,-1,-1
5026,158,1134.2698974609375,728.053466796875,-1,-1,1,-1,-1,-1
5028,158,1091.28564453125,720.9757080078125,-1,-1,1,-1,-1,-1
5029,158,1077.232666015625,720.9964599609375,-1,-1,1,-1,-1,-1
5030,158,1055.8631591796875,714.0401611328125,-1,-1,1,-1,-1,-1
5031,158,1034.6734619140625,706.841064453125,-1,-1,1,-1,-1,-1
5066,159,1808.9041748046875,799.2093505859375,-1,-1,1,-1,-1,-1
5068,159,1773.499755859375,799.2879638671875,-1,-1,1,-1,-1,-1
5069,159,1759.29248046875,799.2330322265625,-1,-1,1,-1,-1,-1
5070,159,1744.9473876953125,799.2601318359375,-1,-1,1,-1,-1,-1
5071,159,1730.9417724609375,799.1224365234375,-1,-1,1,-1,-1,-1
5072,159,1709.730224609375,799.0618896484375,-1,-1,1,-1,-1,-1
5073,159,1695.5521240234375,799.0693359375,-1,-1,1,-1,-1,-1
5074,159,1681.180419921875,799.2236328125,-1,-1,1,-1,-1,-1
5075,159,1659.945556640625,799.3434448242188,-1,-1,1,-1,-1,-1
5076,159,1638.591796875,799.2130126953125,-1,-1,1,-1,-1,-1
5077,159,1624.19970703125,799.1612548828125,-1,-1,1,-1,-1,-1
5078,159,1610.26123046875,799.3233032226562,-1,-1,1,-1,-1,-1
5079,159,1588.9566650390625,799.0255126953125,-1,-1,1,-1,-1,-1
5080,159,1567.609619140625,792.056884765625,-1,-1,1,-1,-1,-1
5081,159,1546.346923828125,792.1484375,-1,-1,1,-1,-1,-1
5082,159,1517.975830078125,791.9243774414062,-1,-1,1,-1,-1,-1
5083,159,1503.83984375,791.8743896484375,-1,-1,1,-1,-1,-1
5083,160,551.68212890625,365.7699279785156,-1,-1,1,-1,-1,-1
5084,159,1482.410400390625,785.0078125,-1,-1,1,-1,-1,-1
5085,159,1460.9775390625,785.0234375,-1,-1,1,-1,-1,-1
5086,159,1446.72607421875,784.8653564453125,-1,-1,1,-1,-1,-1
5087,159,1425.11181640625,777.9923706054688,-1,-1,1,-1,-1,-1
5088,159,1403.9921875,777.7500610351562,-1,-1,1,-1,-1,-1
5089,159,1375.575439453125,777.8280029296875,-1,-1,1,-1,-1,-1
5090,159,1354.098388671875,770.7484130859375,-1,-1,1,-1,-1,-1
5091,159,1332.724365234375,770.7193603515625,-1,-1,1,-1,-1,-1
5092,159,1318.674560546875,770.7286987304688,-1,-1,1,-1,-1,-1
5093,159,1297.12158203125,763.7200317382812,-1,-1,1,-1,-1,-1
5094,159,1275.939208984375,763.7332153320312,-1,-1,1,-1,-1,-1
5095,159,1247.6104736328125,763.79638671875,-1,-1,1,-1,-1,-1
5096,159,1225.899658203125,756.9046630859375,-1,-1,1,-1,-1,-1
5097,159,1204.71923828125,756.8169555664062,-1,-1,1,-1,-1,-1
5097,161,487.738037109375,60.443458557128906,-1,-1,1,-1,-1,-1
5098,159,1183.41796875,756.7227783203125,-1,-1,1,-1,-1,-1
5099,159,1162.17333984375,756.5836181640625,-1,-1,1,-1,-1,-1
5100,159,1133.81689453125,756.5262451171875,-1,-1,1,-1,-1,-1
5101,159,1112.3896484375,756.5272216796875,-1,-1,1,-1,-1,-1
5102,159,1083.967041015625,756.5588989257812,-1,-1,1,-1,-1,-1
5103,159,1062.79736328125,756.6651000976562,-1,-1,1,-1,-1,-1
5105,159,1012.7813720703125,749.5474853515625,-1,-1,1,-1,-1,-1
5106,159,984.4598388671875,749.55615234375,-1,-1,1,-1,-1,-1
5107,159,963.33203125,749.554443359375,-1,-1,1,-1,-1,-1
5111,159,870.8719482421875,742.7353515625,-1,-1,1,-1,-1,-1
5112,159,842.791748046875,742.685791015625,-1,-1,1,-1,-1,-1
5114,159,792.7694091796875,735.4176025390625,-1,-1,1,-1,-1,-1
5115,159,764.518798828125,735.38134765625,-1,-1,1,-1,-1,-1
5116,159,735.8952026367188,728.1796875,-1,-1,1,-1,-1,-1
5117,159,714.4088134765625,728.278564453125,-1,-1,1,-1,-1,-1
5118,159,686.3203125,728.1494140625,-1,-1,1,-1,-1,-1
5119,159,658.1043701171875,728.334716796875,-1,-1,1,-1,-1,-1
5120,159,636.5865478515625,721.1046142578125,-1,-1,1,-1,-1,-1
5121,159,608.02197265625,720.9564819335938,-1,-1,1,-1,-1,-1
5122,159,586.7127075195312,721.0362548828125,-1,-1,1,-1,-1,-1
5123,159,558.4061279296875,720.9523315429688,-1,-1,1,-1,-1,-1
5124,159,522.89501953125,721.1754760742188,-1,-1,1,-1,-1,-1
5125,159,494.5518798828125,721.1446533203125,-1,-1,1,-1,-1,-1
5126,159,473.29876708984375,721.0564575195312,-1,-1,1,-1,-1,-1
5127,159,444.77398681640625,721.2017822265625,-1,-1,1,-1,-1,-1
5128,159,416.4048156738281,721.2433471679688,-1,-1,1,-1,-1,-1
5129,159,388.2345886230469,721.1934204101562,-1,-1,1,-1,-1,-1
5130,159,359.5914306640625,721.11376953125,-1,-1,1,-1,-1,-1
5131,159,331.4940490722656,721.1100463867188,-1,-1,1,-1,-1,-1
5132,159,310.04168701171875,721.1325073242188,-1,-1,1,-1,-1,-1
5133,159,281.4029235839844,721.0604248046875,-1,-1,1,-1,-1,-1
5134,159,253.07888793945312,721.2828369140625,-1,-1,1,-1,-1,-1
5154,162,842.642578125,280.7123718261719,-1,-1,1,-1,-1,-1
5231,163,1872.718505859375,642.719482421875,-1,-1,1,-1,-1,-1
5232,163,1865.5030517578125,635.5948486328125,-1,-1,1,-1,-1,-1
5244,163,1717.3189697265625,536.2100830078125,-1,-1,1,-1,-1,-1
5246,163,1752.163818359375,465.43701171875,-1,-1,1,-1,-1,-1
5248,163,1653.1832275390625,536.4599609375,-1,-1,1,-1,-1,-1
5249,163,1638.9365234375,536.4776000976562,-1,-1,1,-1,-1,-1
5250,163,1624.788818359375,536.3984985351562,-1,-1,1,-1,-1,-1
5252,163,1596.13916015625,536.467041015625,-1,-1,1,-1,-1,-1
5254,163,1574.5386962890625,536.3883056640625,-1,-1,1,-1,-1,-1
5256,163,1539.0687255859375,543.4060668945312,-1,-1,1,-1,-1,-1
5257,163,1524.773193359375,543.5609741210938,-1,-1,1,-1,-1,-1
5258,163,1510.7373046875,550.427978515625,-1,-1,1,-1,-1,-1
5259,163,1496.3140869140625,550.5174560546875,-1,-1,1,-1,-1,-1
5260,163,1482.2366943359375,550.52880859375,-1,-1,1,-1,-1,-1
5261,163,1474.999267578125,550.5888671875,-1,-1,1,-1,-1,-1
5262,163,1460.78955078125,550.5553588867188,-1,-1,1,-1,-1,-1
5263,163,1446.51220703125,550.5980834960938,-1,-1,1,-1,-1,-1
5264,163,1432.279541015625,557.5869140625,-1,-1,1,-1,-1,-1
5265,163,1425.037353515625,557.532958984375,-1,-1,1,-1,-1,-1
5268,163,1403.78369140625,557.589599609375,-1,-1,1,-1,-1,-1
5269,163,1403.8697509765625,550.6661987304688,-1,-1,1,-1,-1,-1
5270,163,1389.69970703125,557.8129272460938,-1,-1,1,-1,-1,-1
5279,163,1318.63134765625,550.8399047851562,-1,-1,1,-1,-1,-1
5280,163,1304.296142578125,550.7042236328125,-1,-1,1,-1,-1,-1
5281,163,1297.3165283203125,557.710693359375,-1,-1,1,-1,-1,-1
5281,164,1148.286865234375,650.3077392578125,-1,-1,1,-1,-1,-1
5282,163,1290.1646728515625,557.62353515625,-1,-1,1,-1,-1,-1
5283,163,1283.01123046875,557.662109375,-1,-1,1,-1,-1,-1
5283,164,1119.8883056640625,650.30859375,-1,-1,1,-1,-1,-1
5284,163,1275.9903564453125,557.8330078125,-1,-1,1,-1,-1,-1
5284,164,1105.60498046875,650.2518310546875,-1,-1,1,-1,-1,-1
5285,163,1261.66015625,557.5648193359375,-1,-1,1,-1,-1,-1
5285,164,1091.451171875,650.2078857421875,-1,-1,1,-1,-1,-1
5286,163,1254.625732421875,557.8294677734375,-1,-1,1,-1,-1,-1
5286,164,1077.02294921875,643.1358642578125,-1,-1,1,-1,-1,-1
5287,163,1247.397705078125,558.0778198242188,-1,-1,1,-1,-1,-1
5287,164,1062.899658203125,643.2404174804688,-1,-1,1,-1,-1,-1
5288,163,1240.29345703125,557.5979614257812,-1,-1,1,-1,-1,-1
5289,164,1034.571044921875,636.027587890625,-1,-1,1,-1,-1,-1
5291,163,1211.97021484375,543.7001953125,-1,-1,1,-1,-1,-1
5292,163,1198.0550537109375,543.3406982421875,-1,-1,1,-1,-1,-1
5294,163,1183.634521484375,536.4655151367188,-1,-1,1,-1,-1,-1
5316,165,928.2427368164062,486.7354736328125,-1,-1,1,-1,-1,-1
5317,165,914.075927734375,486.7864074707031,-1,-1,1,-1,-1,-1
5319,164,594.4381103515625,543.5302734375,-1,-1,1,-1,-1,-1
5320,164,566.1758422851562,543.588134765625,-1,-1,1,-1,-1,-1
5321,164,530.470947265625,543.6043090820312,-1,-1,1,-1,-1,-1
5322,164,516.35400390625,543.6668090820312,-1,-1,1,-1,-1,-1
5323,164,488.02325439453125,550.689697265625,-1,-1,1,-1,-1,-1
5324,164,466.71978759765625,550.7455444335938,-1,-1,1,-1,-1,-1
5325,164,445.32073974609375,550.7542114257812,-1,-1,1,-1,-1,-1
5330,166,1574.64892578125,273.4700927734375,-1,-1,1,-1,-1,-1
5396,167,807.265869140625,642.950927734375,-1,-1,1,-1,-1,-1
5402,168,572.894287109375,657.20556640625,-1,-1,1,-1,-1,-1
5405,167,629.6116943359375,628.8197021484375,-1,-1,1,-1,-1,-1
5411,169,1809.046142578125,280.60516357421875,-1,-1,1,-1,-1,-1
5414,169,1688.438232421875,259.37359619140625,-1,-1,1,-1,-1,-1
5415,167,480.310302734375,628.810302734375,-1,-1,1,-1,-1,-1
5424,170,1411.8349609375,443.7347412109375,-1,-1,1,-1,-1,-1
5445,169,1183.73876953125,294.9842529296875,-1,-1,1,-1,-1,-1
5446,169,1169.60498046875,294.80023193359375,-1,-1,1,-1,-1,-1
