4,1,878.0205078125,528.8759765625,-1,-1,1,-1,-1,-1
5,1,842.49951171875,528.9750366210938,-1,-1,1,-1,-1,-1
7,1,785.64501953125,536.079833984375,-1,-1,1,-1,-1,-1
8,1,750.2731323242188,536.33984375,-1,-1,1,-1,-1,-1
9,1,721.750244140625,536.4005737304688,-1,-1,1,-1,-1,-1
12,1,601.160888671875,543.5220947265625,-1,-1,1,-1,-1,-1
13,1,551.5068359375,543.5033569335938,-1,-1,1,-1,-1,-1
14,1,501.48406982421875,543.3602905273438,-1,-1,1,-1,-1,-1
15,1,459.0404052734375,543.29638671875,-1,-1,1,-1,-1,-1
16,1,409.4769592285156,536.2356567382812,-1,-1,1,-1,-1,-1
17,1,359.6622314453125,536.3028564453125,-1,-1,1,-1,-1,-1
19,1,267.1551208496094,529.0408935546875,-1,-1,1,-1,-1,-1
20,1,224.59295654296875,528.8262939453125,-1,-1,1,-1,-1,-1
176,3,636.4556884765625,834.676513671875,-1,-1,1,-1,-1,-1
180,4,593.883056640625,827.8089599609375,-1,-1,1,-1,-1,-1
182,4,600.745849609375,813.2969970703125,-1,-1,1,-1,-1,-1
186,2,430.0113525390625,557.91748046875,-1,-1,1,-1,-1,-1
186,4,544.1505737304688,791.8036499023438,-1,-1,1,-1,-1,-1
187,4,529.9990234375,784.91357421875,-1,-1,1,-1,-1,-1
189,2,429.83343505859375,543.758544921875,-1,-1,1,-1,-1,-1
192,2,422.62518310546875,536.572021484375,-1,-1,1,-1,-1,-1
194,2,415.4622802734375,536.6084594726562,-1,-1,1,-1,-1,-1
195,2,415.8438415527344,536.27783203125,-1,-1,1,-1,-1,-1
196,2,408.540771484375,536.3987426757812,-1,-1,1,-1,-1,-1
197,2,408.60552978515625,529.211181640625,-1,-1,1,-1,-1,-1
198,2,408.57183837890625,522.1572265625,-1,-1,1,-1,-1,-1
199,2,401.36627197265625,529.2630615234375,-1,-1,1,-1,-1,-1
200,2,408.70660400390625,529.1749267578125,-1,-1,1,-1,-1,-1
201,2,401.3848571777344,536.45458984375,-1,-1,1,-1,-1,-1
202,2,401.4400634765625,536.5358276367188,-1,-1,1,-1,-1,-1
203,2,401.62188720703125,536.3983764648438,-1,-1,1,-1,-1,-1
204,2,394.4549865722656,543.611572265625,-1,-1,1,-1,-1,-1
205,2,380.0975036621094,557.8695068359375,-1,-1,1,-1,-1,-1
206,2,380.3099670410156,550.7896728515625,-1,-1,1,-1,-1,-1
211,5,1183.069091796875,685.478515625,-1,-1,1,-1,-1,-1
212,5,1176.06787109375,685.10498046875,-1,-1,1,-1,-1,-1
214,5,1161.92041015625,692.51953125,-1,-1,1,-1,-1,-1
221,6,1289.88525390625,777.5693359375,-1,-1,1,-1,-1,-1
224,5,1090.908935546875,713.6323852539062,-1,-1,1,-1,-1,-1
225,5,1076.767822265625,720.67138671875,-1,-1,1,-1,-1,-1
226,5,1069.57568359375,713.7354736328125,-1,-1,1,-1,-1,-1
228,5,1048.1455078125,713.6844482421875,-1,-1,1,-1,-1,-1
229,5,1041.05126953125,713.679931640625,-1,-1,1,-1,-1,-1
229,7,1382.619384765625,585.4873046875,-1,-1,1,-1,-1,-1
230,5,1026.863525390625,713.7657470703125,-1,-1,1,-1,-1,-1
231,5,1019.83984375,713.8482666015625,-1,-1,1,-1,-1,-1
232,5,1012.5953979492188,706.7376098632812,-1,-1,1,-1,-1,-1
233,5,1005.659912109375,713.670166015625,-1,-1,1,-1,-1,-1
234,5,991.61181640625,713.8275146484375,-1,-1,1,-1,-1,-1
235,5,984.3488159179688,713.6522216796875,-1,-1,1,-1,-1,-1
236,5,970.1452026367188,713.6036376953125,-1,-1,1,-1,-1,-1
237,5,955.9113159179688,713.68701171875,-1,-1,1,-1,-1,-1
238,5,941.7872314453125,720.7801513671875,-1,-1,1,-1,-1,-1
239,5,927.5382080078125,727.86376953125,-1,-1,1,-1,-1,-1
240,5,913.2579345703125,727.6485595703125,-1,-1,1,-1,-1,-1
242,5,877.7708740234375,727.7431640625,-1,-1,1,-1,-1,-1
243,5,863.4605102539062,713.8676147460938,-1,-1,1,-1,-1,-1
245,5,827.8983154296875,706.6708984375,-1,-1,1,-1,-1,-1
247,5,792.322021484375,706.568603515625,-1,-1,1,-1,-1,-1
248,5,771.12109375,713.9107666015625,-1,-1,1,-1,-1,-1
249,5,749.8826904296875,713.8692016601562,-1,-1,1,-1,-1,-1
251,5,714.344970703125,713.8480224609375,-1,-1,1,-1,-1,-1
252,5,699.9288330078125,706.5858764648438,-1,-1,1,-1,-1,-1
253,5,678.84375,713.8540649414062,-1,-1,1,-1,-1,-1
254,5,657.5848388671875,713.8660888671875,-1,-1,1,-1,-1,-1
255,5,643.2540283203125,706.8128051757812,-1,-1,1,-1,-1,-1
256,5,621.998779296875,713.81396484375,-1,-1,1,-1,-1,-1
257,5,600.8272705078125,706.7366943359375,-1,-1,1,-1,-1,-1
258,5,586.3639526367188,699.6094970703125,-1,-1,1,-1,-1,-1
259,5,565.1251220703125,699.6126098632812,-1,-1,1,-1,-1,-1
284,8,565.4166259765625,720.5476684570312,-1,-1,1,-1,-1,-1
290,8,444.727294921875,713.155517578125,-1,-1,1,-1,-1,-1
294,8,352.2547912597656,713.2230224609375,-1,-1,1,-1,-1,-1
307,10,1290.03564453125,720.621826171875,-1,-1,1,-1,-1,-1
310,9,1232.9267578125,713.676513671875,-1,-1,1,-1,-1,-1
316,11,692.8863525390625,749.27490234375,-1,-1,1,-1,-1,-1
323,11,529.46923828125,756.322998046875,-1,-1,1,-1,-1,-1
331,9,750.4744873046875,777.480712890625,-1,-1,1,-1,-1,-1
332,9,721.7676391601562,777.594970703125,-1,-1,1,-1,-1,-1
335,9,657.8280029296875,784.651611328125,-1,-1,1,-1,-1,-1
336,9,636.51806640625,784.7127075195312,-1,-1,1,-1,-1,-1
350,12,1566.5458984375,770.274169921875,-1,-1,1,-1,-1,-1
360,13,629.0496826171875,770.3495483398438,-1,-1,1,-1,-1,-1
361,13,607.8561401367188,777.6199340820312,-1,-1,1,-1,-1,-1
362,13,579.53662109375,777.491943359375,-1,-1,1,-1,-1,-1
363,13,550.8922119140625,777.48388671875,-1,-1,1,-1,-1,-1
364,13,529.540283203125,784.7161865234375,-1,-1,1,-1,-1,-1
365,13,501.07574462890625,784.6558837890625,-1,-1,1,-1,-1,-1
366,13,479.88482666015625,791.9009399414062,-1,-1,1,-1,-1,-1
367,13,451.5074462890625,798.9232788085938,-1,-1,1,-1,-1,-1
368,13,422.9912414550781,806.108642578125,-1,-1,1,-1,-1,-1
369,13,387.5483703613281,805.7487182617188,-1,-1,1,-1,-1,-1
370,13,359.0035400390625,813.0310668945312,-1,-1,1,-1,-1,-1
371,13,330.6246337890625,813.0569458007812,-1,-1,1,-1,-1,-1
372,13,295.02410888671875,820.221923828125,-1,-1,1,-1,-1,-1
373,13,259.37652587890625,820.1627197265625,-1,-1,1,-1,-1,-1
374,13,223.8905029296875,827.261962890625,-1,-1,1,-1,-1,-1
375,13,181.29043579101562,826.9171142578125,-1,-1,1,-1,-1,-1
376,13,145.68679809570312,834.290283203125,-1,-1,1,-1,-1,-1
377,13,103.22669219970703,834.056396484375,-1,-1,1,-1,-1,-1
378,13,67.79369354248047,841.382080078125,-1,-1,1,-1,-1,-1
421,14,1475.896728515625,849.141845703125,-1,-1,1,-1,-1,-1
438,15,1595.986572265625,521.8549194335938,-1,-1,1,-1,-1,-1
440,16,401.6424560546875,784.75634765625,-1,-1,1,-1,-1,-1
441,16,365.8983154296875,777.398681640625,-1,-1,1,-1,-1,-1
450,18,1247.322509765625,677.9793701171875,-1,-1,1,-1,-1,-1
451,17,714.5980224609375,643.0564575195312,-1,-1,1,-1,-1,-1
457,19,1133.9443359375,699.1220703125,-1,-1,1,-1,-1,-1
458,19,1105.446044921875,699.0067749023438,-1,-1,1,-1,-1,-1
466,20,1169.4039306640625,671.1846923828125,-1,-1,1,-1,-1,-1
467,20,1133.7259521484375,670.9775390625,-1,-1,1,-1,-1,-1
468,20,1091.1904296875,678.29345703125,-1,-1,1,-1,-1,-1
469,20,1048.5379638671875,677.9840698242188,-1,-1,1,-1,-1,-1
469,22,1026.86572265625,912.7193603515625,-1,-1,1,-1,-1,-1
470,20,1005.9971923828125,678.0350952148438,-1,-1,1,-1,-1,-1
471,20,956.2554931640625,677.89306640625,-1,-1,1,-1,-1,-1
471,21,465.759033203125,607.3260498046875,-1,-1,1,-1,-1,-1
472,20,906.5817260742188,677.8443603515625,-1,-1,1,-1,-1,-1
473,20,849.8060302734375,677.7918090820312,-1,-1,1,-1,-1,-1
474,20,800.07275390625,685.3134765625,-1,-1,1,-1,-1,-1
474,23,1609.857177734375,273.1153564453125,-1,-1,1,-1,-1,-1
475,20,743.09716796875,685.1187744140625,-1,-1,1,-1,-1,-1
476,20,693.3268432617188,692.1181640625,-1,-1,1,-1,-1,-1
476,24,828.0711669921875,621.8123168945312,-1,-1,1,-1,-1,-1
477,20,636.508544921875,699.356689453125,-1,-1,1,-1,-1,-1
478,20,579.8224487304688,713.6962280273438,-1,-1,1,-1,-1,-1
478,24,714.955078125,642.638916015625,-1,-1,1,-1,-1,-1
478,25,728.5223388671875,329.78192138671875,-1,-1,1,-1,-1,-1
479,23,1375.306396484375,293.972412109375,-1,-1,1,-1,-1,-1
480,20,466.1654968261719,742.487548828125,-1,-1,1,-1,-1,-1
480,23,1339.89404296875,301.0843811035156,-1,-1,1,-1,-1,-1
480,25,614.8917846679688,350.765380859375,-1,-1,1,-1,-1,-1
481,23,1289.958740234375,308.35809326171875,-1,-1,1,-1,-1,-1
482,20,338.18927001953125,763.6641845703125,-1,-1,1,-1,-1,-1
482,23,1254.54052734375,315.36798095703125,-1,-1,1,-1,-1,-1
482,24,480.364990234375,685.3663330078125,-1,-1,1,-1,-1,-1
483,24,423.46832275390625,699.816650390625,-1,-1,1,-1,-1,-1
485,26,1204.903076171875,691.9951171875,-1,-1,1,-1,-1,-1
486,26,1211.886474609375,756.5877685546875,-1,-1,1,-1,-1,-1
487,23,1055.7147216796875,393.6606750488281,-1,-1,1,-1,-1,-1
487,26,1162.306640625,770.729736328125,-1,-1,1,-1,-1,-1
488,23,1019.9998168945312,393.3412780761719,-1,-1,1,-1,-1,-1
490,27,849.689697265625,607.0093994140625,-1,-1,1,-1,-1,-1
492,27,757.144775390625,635.7191162109375,-1,-1,1,-1,-1,-1
493,27,728.437255859375,678.4288330078125,-1,-1,1,-1,-1,-1
493,28,714.2999877929688,642.86474609375,-1,-1,1,-1,-1,-1
494,27,657.7816162109375,649.7564697265625,-1,-1,1,-1,-1,-1
495,27,600.8538208007812,642.7222900390625,-1,-1,1,-1,-1,-1
496,27,551.0087890625,642.8021240234375,-1,-1,1,-1,-1,-1
498,27,437.1510009765625,650.0015869140625,-1,-1,1,-1,-1,-1
499,27,387.55914306640625,649.8799438476562,-1,-1,1,-1,-1,-1
499,29,1296.911865234375,798.8798217773438,-1,-1,1,-1,-1,-1
500,29,1254.40869140625,791.6941528320312,-1,-1,1,-1,-1,-1
501,29,1218.8372802734375,791.7987060546875,-1,-1,1,-1,-1,-1
502,29,1176.30029296875,791.57763671875,-1,-1,1,-1,-1,-1
503,29,1140.6611328125,784.5125732421875,-1,-1,1,-1,-1,-1
504,29,1105.206787109375,784.5108032226562,-1,-1,1,-1,-1,-1
505,29,1062.5587158203125,791.5570678710938,-1,-1,1,-1,-1,-1
506,29,1033.99462890625,784.5457763671875,-1,-1,1,-1,-1,-1
507,29,991.423583984375,784.4713134765625,-1,-1,1,-1,-1,-1
508,29,955.7911376953125,784.476806640625,-1,-1,1,-1,-1,-1
509,29,920.4061279296875,784.490966796875,-1,-1,1,-1,-1,-1
510,29,877.8035888671875,784.5919189453125,-1,-1,1,-1,-1,-1
511,29,835.0570068359375,784.5308227539062,-1,-1,1,-1,-1,-1
512,29,792.4930419921875,784.6912841796875,-1,-1,1,-1,-1,-1
513,29,749.886474609375,784.6484985351562,-1,-1,1,-1,-1,-1
514,29,707.26220703125,777.7542724609375,-1,-1,1,-1,-1,-1
515,29,664.583984375,777.8416137695312,-1,-1,1,-1,-1,-1
516,29,622.1142578125,784.7915649414062,-1,-1,1,-1,-1,-1
517,29,579.2626953125,784.7365112304688,-1,-1,1,-1,-1,-1
518,29,536.73828125,791.9459228515625,-1,-1,1,-1,-1,-1
519,29,494.03411865234375,799.06201171875,-1,-1,1,-1,-1,-1
520,29,451.4093017578125,798.9486083984375,-1,-1,1,-1,-1,-1
521,29,408.79412841796875,806.1619873046875,-1,-1,1,-1,-1,-1
522,29,366.16839599609375,805.9752197265625,-1,-1,1,-1,-1,-1
523,29,316.4583740234375,806.0322265625,-1,-1,1,-1,-1,-1
524,29,259.41363525390625,806.030517578125,-1,-1,1,-1,-1,-1
525,29,209.76614379882812,805.9862060546875,-1,-1,1,-1,-1,-1
526,29,159.95059204101562,806.02294921875,-1,-1,1,-1,-1,-1
527,29,110.268798828125,805.987548828125,-1,-1,1,-1,-1,-1
535,30,1744.7001953125,770.5174560546875,-1,-1,1,-1,-1,-1
542,30,1517.27880859375,734.706787109375,-1,-1,1,-1,-1,-1
543,30,1481.72021484375,727.6698608398438,-1,-1,1,-1,-1,-1
544,30,1453.1600341796875,727.87255859375,-1,-1,1,-1,-1,-1
546,30,1389.469970703125,713.4117431640625,-1,-1,1,-1,-1,-1
548,30,1332.6619873046875,706.2567138671875,-1,-1,1,-1,-1,-1
550,30,1275.8031005859375,699.06298828125,-1,-1,1,-1,-1,-1
551,30,1247.3819580078125,699.0789794921875,-1,-1,1,-1,-1,-1
552,30,1225.934814453125,692.041015625,-1,-1,1,-1,-1,-1
553,30,1190.59130859375,692.1322631835938,-1,-1,1,-1,-1,-1
554,30,1162.07958984375,692.1943359375,-1,-1,1,-1,-1,-1
555,30,1133.671142578125,692.16015625,-1,-1,1,-1,-1,-1
556,30,1098.1551513671875,692.0178833007812,-1,-1,1,-1,-1,-1
557,30,1069.71435546875,692.1615600585938,-1,-1,1,-1,-1,-1
558,30,1034.157958984375,692.2208251953125,-1,-1,1,-1,-1,-1
559,30,991.5015258789062,692.27783203125,-1,-1,1,-1,-1,-1
560,30,941.6075439453125,692.404052734375,-1,-1,1,-1,-1,-1
560,31,1226.198486328125,486.30303955078125,-1,-1,1,-1,-1,-1
561,30,891.8070678710938,685.1456298828125,-1,-1,1,-1,-1,-1
561,31,1226.23828125,486.24267578125,-1,-1,1,-1,-1,-1
562,30,842.2110595703125,685.2322998046875,-1,-1,1,-1,-1,-1
562,31,1219.10205078125,486.0380859375,-1,-1,1,-1,-1,-1
563,30,792.60986328125,685.265625,-1,-1,1,-1,-1,-1
563,31,1218.850830078125,493.4810791015625,-1,-1,1,-1,-1,-1
564,30,735.6834716796875,692.4083251953125,-1,-1,1,-1,-1,-1
564,31,1175.9501953125,564.035400390625,-1,-1,1,-1,-1,-1
565,31,1204.7451171875,500.43963623046875,-1,-1,1,-1,-1,-1
566,31,1154.78662109375,571.1126708984375,-1,-1,1,-1,-1,-1
567,31,1197.738525390625,507.46514892578125,-1,-1,1,-1,-1,-1
568,31,1190.64306640625,514.7240600585938,-1,-1,1,-1,-1,-1
569,31,1176.3055419921875,528.9754638671875,-1,-1,1,-1,-1,-1
569,32,1126.270751953125,592.590087890625,-1,-1,1,-1,-1,-1
570,31,1169.365478515625,535.8134155273438,-1,-1,1,-1,-1,-1
570,32,1111.966064453125,606.9613037109375,-1,-1,1,-1,-1,-1
571,31,1162.148193359375,550.0546264648438,-1,-1,1,-1,-1,-1
571,32,1090.633056640625,613.885986328125,-1,-1,1,-1,-1,-1
572,31,1140.7476806640625,564.55810546875,-1,-1,1,-1,-1,-1
572,32,1076.48388671875,628.261474609375,-1,-1,1,-1,-1,-1
573,31,1126.574951171875,578.6810302734375,-1,-1,1,-1,-1,-1
573,32,1062.2728271484375,649.7738037109375,-1,-1,1,-1,-1,-1
574,31,1112.3837890625,585.60400390625,-1,-1,1,-1,-1,-1
574,32,1033.933349609375,656.55322265625,-1,-1,1,-1,-1,-1
575,31,1091.085205078125,599.953857421875,-1,-1,1,-1,-1,-1
575,32,1012.5615234375,670.8699951171875,-1,-1,1,-1,-1,-1
575,33,1133.5380859375,557.5103149414062,-1,-1,1,-1,-1,-1
576,33,1112.465087890625,571.5955810546875,-1,-1,1,-1,-1,-1
577,31,1041.306884765625,621.2259521484375,-1,-1,1,-1,-1,-1
578,31,1012.9660034179688,628.5079345703125,-1,-1,1,-1,-1,-1
579,31,984.52490234375,642.5443725585938,-1,-1,1,-1,-1,-1
580,31,963.3497314453125,649.580810546875,-1,-1,1,-1,-1,-1
580,32,870.6114501953125,720.892578125,-1,-1,1,-1,-1,-1
580,33,1005.8721923828125,614.1243896484375,-1,-1,1,-1,-1,-1
581,31,934.908935546875,656.6777954101562,-1,-1,1,-1,-1,-1
582,31,906.517578125,663.7967529296875,-1,-1,1,-1,-1,-1
582,33,956.0771484375,628.2550048828125,-1,-1,1,-1,-1,-1
583,31,878.1143798828125,671.0029296875,-1,-1,1,-1,-1,-1
584,31,849.723876953125,671.0563354492188,-1,-1,1,-1,-1,-1
584,32,749.966552734375,741.830322265625,-1,-1,1,-1,-1,-1
585,31,821.2967529296875,678.0491333007812,-1,-1,1,-1,-1,-1
585,32,714.1931762695312,749.1851806640625,-1,-1,1,-1,-1,-1
586,31,792.85693359375,678.01953125,-1,-1,1,-1,-1,-1
587,31,764.4293212890625,685.2127685546875,-1,-1,1,-1,-1,-1
587,32,650.2891235351562,756.0601806640625,-1,-1,1,-1,-1,-1
589,31,707.6229248046875,692.0672607421875,-1,-1,1,-1,-1,-1
589,33,757.259765625,656.8460693359375,-1,-1,1,-1,-1,-1
590,31,664.914306640625,699.4993896484375,-1,-1,1,-1,-1,-1
590,32,536.775634765625,770.6076049804688,-1,-1,1,-1,-1,-1
590,33,728.8955078125,656.736083984375,-1,-1,1,-1,-1,-1
591,31,629.324951171875,699.3130493164062,-1,-1,1,-1,-1,-1
591,33,686.0780029296875,663.99072265625,-1,-1,1,-1,-1,-1
592,31,593.952880859375,706.4627075195312,-1,-1,1,-1,-1,-1
592,33,650.3458251953125,663.9620361328125,-1,-1,1,-1,-1,-1
593,31,558.4496459960938,706.220703125,-1,-1,1,-1,-1,-1
593,33,615.0377197265625,670.9007568359375,-1,-1,1,-1,-1,-1
594,31,515.5970458984375,706.423095703125,-1,-1,1,-1,-1,-1
594,33,579.3948364257812,670.648193359375,-1,-1,1,-1,-1,-1
595,31,472.89801025390625,713.3001708984375,-1,-1,1,-1,-1,-1
595,33,536.8458251953125,677.7978515625,-1,-1,1,-1,-1,-1
596,31,430.2607727050781,720.458251953125,-1,-1,1,-1,-1,-1
596,33,494.06744384765625,685.1235961914062,-1,-1,1,-1,-1,-1
597,33,451.4639587402344,685.05029296875,-1,-1,1,-1,-1,-1
598,33,408.8082580566406,691.9615478515625,-1,-1,1,-1,-1,-1
601,34,743.1177368164062,749.4257202148438,-1,-1,1,-1,-1,-1
602,34,700.4609985351562,756.5526123046875,-1,-1,1,-1,-1,-1
603,35,1452.892822265625,629.0416259765625,-1,-1,1,-1,-1,-1
604,35,1417.2359619140625,635.84326171875,-1,-1,1,-1,-1,-1
605,35,1367.5552978515625,635.9950561523438,-1,-1,1,-1,-1,-1
606,34,537.057373046875,770.8369750976562,-1,-1,1,-1,-1,-1
606,35,1339.1580810546875,635.958251953125,-1,-1,1,-1,-1,-1
607,35,1303.6822509765625,635.846435546875,-1,-1,1,-1,-1,-1
608,34,451.863037109375,777.5686645507812,-1,-1,1,-1,-1,-1
608,35,1268.103271484375,628.5723266601562,-1,-1,1,-1,-1,-1
609,34,416.3292541503906,784.868896484375,-1,-1,1,-1,-1,-1
609,35,1239.71630859375,635.62890625,-1,-1,1,-1,-1,-1
610,35,1204.3665771484375,614.0510864257812,-1,-1,1,-1,-1,-1
611,35,1176.068359375,614.0623779296875,-1,-1,1,-1,-1,-1
730,36,643.4258422851562,542.953125,-1,-1,1,-1,-1,-1
731,36,586.6551513671875,528.82861328125,-1,-1,1,-1,-1,-1
749,37,749.5213623046875,756.919189453125,-1,-1,1,-1,-1,-1
750,37,720.9300537109375,763.8931884765625,-1,-1,1,-1,-1,-1
751,37,692.0107421875,771.1824951171875,-1,-1,1,-1,-1,-1
752,37,643.080078125,778.0478515625,-1,-1,1,-1,-1,-1
757,38,671.9246826171875,919.9930419921875,-1,-1,1,-1,-1,-1
814,40,863.4564208984375,450.5957336425781,-1,-1,1,-1,-1,-1
816,40,785.1334228515625,450.657958984375,-1,-1,1,-1,-1,-1
819,40,699.667236328125,464.67730712890625,-1,-1,1,-1,-1,-1
820,40,678.3994750976562,464.7628479003906,-1,-1,1,-1,-1,-1
824,40,593.0762939453125,479.2313232421875,-1,-1,1,-1,-1,-1
826,41,508.360107421875,628.1803588867188,-1,-1,1,-1,-1,-1
883,42,1516.9373779296875,436.5892028808594,-1,-1,1,-1,-1,-1
899,43,287.68206787109375,436.45361328125,-1,-1,1,-1,-1,-1
903,43,280.6115417480469,450.38385009765625,-1,-1,1,-1,-1,-1
904,43,301.9772033691406,457.5303649902344,-1,-1,1,-1,-1,-1
1029,44,1311.197509765625,493.42041015625,-1,-1,1,-1,-1,-1
1030,44,1289.6748046875,493.49053955078125,-1,-1,1,-1,-1,-1
1031,44,1268.47314453125,486.1143493652344,-1,-1,1,-1,-1,-1
1032,44,1239.99462890625,486.03277587890625,-1,-1,1,-1,-1,-1
1033,44,1218.849609375,486.0738525390625,-1,-1,1,-1,-1,-1
1034,44,1190.4013671875,486.1553955078125,-1,-1,1,-1,-1,-1
1035,44,1162.097412109375,485.94573974609375,-1,-1,1,-1,-1,-1
1036,44,1140.819580078125,485.911865234375,-1,-1,1,-1,-1,-1
1037,44,1105.2900390625,485.97662353515625,-1,-1,1,-1,-1,-1
1038,44,1076.809814453125,486.0203857421875,-1,-1,1,-1,-1,-1
1042,44,955.9280395507812,464.7674255371094,-1,-1,1,-1,-1,-1
1043,44,920.3099975585938,464.76611328125,-1,-1,1,-1,-1,-1
1044,44,877.7694702148438,457.75885009765625,-1,-1,1,-1,-1,-1
1046,44,799.4835815429688,450.8658142089844,-1,-1,1,-1,-1,-1
1091,45,1083.834228515625,883.6984252929688,-1,-1,1,-1,-1,-1
1116,46,870.4119873046875,885.260009765625,-1,-1,1,-1,-1,-1
1154,47,870.06884765625,358.0952453613281,-1,-1,1,-1,-1,-1
1160,47,827.7366943359375,365.2944030761719,-1,-1,1,-1,-1,-1
1161,47,813.7227172851562,372.0869140625,-1,-1,1,-1,-1,-1
1163,48,75.05189514160156,209.07431030273438,-1,-1,1,-1,-1,-1
1167,49,749.7688598632812,862.7553100585938,-1,-1,1,-1,-1,-1
1197,50,373.45751953125,38.55973815917969,-1,-1,1,-1,-1,-1
1271,51,550.764404296875,635.6109619140625,-1,-1,1,-1,-1,-1
1276,51,451.29022216796875,628.5679931640625,-1,-1,1,-1,-1,-1
1284,51,309.2477111816406,628.632568359375,-1,-1,1,-1,-1,-1
1288,51,252.39175415039062,628.5513916015625,-1,-1,1,-1,-1,-1
1289,51,245.27468872070312,635.6884765625,-1,-1,1,-1,-1,-1
1290,51,238.10153198242188,635.738037109375,-1,-1,1,-1,-1,-1
1291,51,231.17449951171875,628.7166748046875,-1,-1,1,-1,-1,-1
1292,51,216.889892578125,628.5888671875,-1,-1,1,-1,-1,-1
1293,51,216.91517639160156,628.6126708984375,-1,-1,1,-1,-1,-1
1294,51,209.80307006835938,628.6367797851562,-1,-1,1,-1,-1,-1
1295,51,202.67645263671875,628.6119384765625,-1,-1,1,-1,-1,-1
1296,51,195.62161254882812,628.5235595703125,-1,-1,1,-1,-1,-1
1297,51,181.3701171875,628.6759033203125,-1,-1,1,-1,-1,-1
1298,51,174.2261962890625,628.66259765625,-1,-1,1,-1,-1,-1
1299,51,167.11517333984375,628.7373046875,-1,-1,1,-1,-1,-1
1300,51,152.91192626953125,628.5988159179688,-1,-1,1,-1,-1,-1
1301,51,145.8369140625,621.5038452148438,-1,-1,1,-1,-1,-1
1302,51,131.54624938964844,621.4863891601562,-1,-1,1,-1,-1,-1
1303,51,117.37617492675781,621.5284423828125,-1,-1,1,-1,-1,-1
1304,51,96.09072875976562,621.4346313476562,-1,-1,1,-1,-1,-1
1305,51,81.77268981933594,621.4345092773438,-1,-1,1,-1,-1,-1
1306,51,67.6048355102539,621.4722900390625,-1,-1,1,-1,-1,-1
1307,51,46.468257904052734,621.443115234375,-1,-1,1,-1,-1,-1
1342,52,401.74945068359375,223.41836547851562,-1,-1,1,-1,-1,-1
1396,53,238.31875610351562,74.1484603881836,-1,-1,1,-1,-1,-1
1404,54,998.5225830078125,372.52520751953125,-1,-1,1,-1,-1,-1
1406,54,955.527099609375,365.5445251464844,-1,-1,1,-1,-1,-1
1438,55,465.92572021484375,706.269775390625,-1,-1,1,-1,-1,-1
1446,56,1872.5068359375,180.76565551757812,-1,-1,1,-1,-1,-1
1462,57,579.177978515625,365.1982421875,-1,-1,1,-1,-1,-1
1463,57,544.1387939453125,379.34027099609375,-1,-1,1,-1,-1,-1
1464,57,515.0639038085938,364.93487548828125,-1,-1,1,-1,-1,-1
1465,57,479.65386962890625,365.06829833984375,-1,-1,1,-1,-1,-1
1466,57,429.90191650390625,365.1170654296875,-1,-1,1,-1,-1,-1
1467,57,394.5992431640625,364.9365234375,-1,-1,1,-1,-1,-1
1468,57,344.58392333984375,365.06219482421875,-1,-1,1,-1,-1,-1
1473,58,1254.3787841796875,749.1786499023438,-1,-1,1,-1,-1,-1
1483,59,664.50341796875,209.37747192382812,-1,-1,1,-1,-1,-1
1580,60,1701.97412109375,663.7958374023438,-1,-1,1,-1,-1,-1
1582,60,1673.5877685546875,671.0661010742188,-1,-1,1,-1,-1,-1
1584,60,1645.29443359375,671.0924072265625,-1,-1,1,-1,-1,-1
1586,61,493.9814758300781,799.462646484375,-1,-1,1,-1,-1,-1
1587,60,1616.75732421875,663.7183837890625,-1,-1,1,-1,-1,-1
1589,60,1595.4599609375,656.8468017578125,-1,-1,1,-1,-1,-1
1592,60,1567.13427734375,642.3486938476562,-1,-1,1,-1,-1,-1
1603,60,1488.771484375,642.4231567382812,-1,-1,1,-1,-1,-1
1605,60,1453.170654296875,649.5599365234375,-1,-1,1,-1,-1,-1
1606,60,1439.092041015625,649.572021484375,-1,-1,1,-1,-1,-1
1607,60,1417.60107421875,656.860107421875,-1,-1,1,-1,-1,-1
1608,60,1403.4415283203125,663.8350830078125,-1,-1,1,-1,-1,-1
1609,60,1382.1378173828125,663.821044921875,-1,-1,1,-1,-1,-1
1609,62,1652.333740234375,557.1287841796875,-1,-1,1,-1,-1,-1
1610,60,1367.919921875,671.0235595703125,-1,-1,1,-1,-1,-1
1611,60,1346.6561279296875,670.8660888671875,-1,-1,1,-1,-1,-1
1612,60,1325.299560546875,678.1348876953125,-1,-1,1,-1,-1,-1
1613,60,1304.042236328125,677.9908447265625,-1,-1,1,-1,-1,-1
1614,60,1282.69921875,685.2069091796875,-1,-1,1,-1,-1,-1
1615,60,1268.42138671875,692.146240234375,-1,-1,1,-1,-1,-1
1616,60,1247.216064453125,692.0369873046875,-1,-1,1,-1,-1,-1
1617,60,1225.959228515625,699.2205810546875,-1,-1,1,-1,-1,-1
1618,60,1204.5263671875,706.41064453125,-1,-1,1,-1,-1,-1
1619,60,1183.275634765625,706.2748413085938,-1,-1,1,-1,-1,-1
1620,60,1168.964111328125,713.5783081054688,-1,-1,1,-1,-1,-1
1621,60,1147.64111328125,713.3438720703125,-1,-1,1,-1,-1,-1
1622,60,1126.4610595703125,713.3463134765625,-1,-1,1,-1,-1,-1
1623,60,1105.137451171875,713.3446044921875,-1,-1,1,-1,-1,-1
1624,60,1083.666015625,720.6097412109375,-1,-1,1,-1,-1,-1
1625,60,1069.47998046875,720.4296875,-1,-1,1,-1,-1,-1
1626,60,1048.1348876953125,713.279296875,-1,-1,1,-1,-1,-1
1627,60,1019.8900756835938,713.4451904296875,-1,-1,1,-1,-1,-1
1628,60,1005.58544921875,713.2724609375,-1,-1,1,-1,-1,-1
1629,60,984.3199462890625,713.4818115234375,-1,-1,1,-1,-1,-1
1630,60,963.0201416015625,713.3232421875,-1,-1,1,-1,-1,-1
1631,60,941.5615234375,713.6151123046875,-1,-1,1,-1,-1,-1
1632,60,920.2711181640625,713.6322021484375,-1,-1,1,-1,-1,-1
1634,60,884.8623046875,706.238525390625,-1,-1,1,-1,-1,-1
1636,60,849.190673828125,706.2120971679688,-1,-1,1,-1,-1,-1
1637,60,828.0428466796875,706.22021484375,-1,-1,1,-1,-1,-1
1638,60,806.78662109375,706.32568359375,-1,-1,1,-1,-1,-1
1643,60,707.2779541015625,706.348388671875,-1,-1,1,-1,-1,-1
1644,60,693.0712890625,706.387451171875,-1,-1,1,-1,-1,-1
1646,60,650.3648681640625,699.0752563476562,-1,-1,1,-1,-1,-1
1647,60,622.0530395507812,699.213623046875,-1,-1,1,-1,-1,-1
1649,60,565.189697265625,692.1100463867188,-1,-1,1,-1,-1,-1
1651,60,515.3225708007812,685.1190795898438,-1,-1,1,-1,-1,-1
1652,60,480.019775390625,677.643798828125,-1,-1,1,-1,-1,-1
1652,63,1069.41650390625,635.048583984375,-1,-1,1,-1,-1,-1
1653,60,451.38665771484375,670.613525390625,-1,-1,1,-1,-1,-1
1656,60,345.01068115234375,663.6439208984375,-1,-1,1,-1,-1,-1
1678,64,337.6271057128906,777.4482421875,-1,-1,1,-1,-1,-1
1680,65,557.7246704101562,785.029541015625,-1,-1,1,-1,-1,-1
1682,66,1304.17236328125,742.3170166015625,-1,-1,1,-1,-1,-1
1723,67,1197.298583984375,450.253662109375,-1,-1,1,-1,-1,-1
1724,67,1183.197021484375,450.0373840332031,-1,-1,1,-1,-1,-1
1725,67,1175.9844970703125,450.38275146484375,-1,-1,1,-1,-1,-1
1730,67,1147.60400390625,429.0111083984375,-1,-1,1,-1,-1,-1
1734,67,1112.1890869140625,421.94189453125,-1,-1,1,-1,-1,-1
1744,69,813.8072509765625,614.1500244140625,-1,-1,1,-1,-1,-1
1809,70,955.878662109375,763.30859375,-1,-1,1,-1,-1,-1
1811,70,863.62109375,756.1715087890625,-1,-1,1,-1,-1,-1
1813,70,771.2344970703125,748.9774169921875,-1,-1,1,-1,-1,-1
1862,71,1034.046142578125,507.0860290527344,-1,-1,1,-1,-1,-1
1864,71,1012.5799560546875,521.37353515625,-1,-1,1,-1,-1,-1
1864,72,565.220703125,685.1898193359375,-1,-1,1,-1,-1,-1
1865,71,1012.56298828125,507.5118408203125,-1,-1,1,-1,-1,-1
1866,71,998.5526123046875,507.68475341796875,-1,-1,1,-1,-1,-1
1867,71,984.2987060546875,514.8641967773438,-1,-1,1,-1,-1,-1
1868,71,969.984130859375,521.9248046875,-1,-1,1,-1,-1,-1
1870,71,955.8460083007812,529.1006469726562,-1,-1,1,-1,-1,-1
1871,71,941.6146240234375,536.302490234375,-1,-1,1,-1,-1,-1
1875,71,913.1956787109375,550.2398681640625,-1,-1,1,-1,-1,-1
1877,71,891.8851318359375,557.3177490234375,-1,-1,1,-1,-1,-1
1880,71,870.47412109375,564.4814453125,-1,-1,1,-1,-1,-1
1881,71,863.6456909179688,571.8193359375,-1,-1,1,-1,-1,-1
1882,71,856.4805297851562,571.8779296875,-1,-1,1,-1,-1,-1
1883,71,849.3662719726562,571.8626098632812,-1,-1,1,-1,-1,-1
1884,71,842.2734375,571.7493896484375,-1,-1,1,-1,-1,-1
1885,71,835.283447265625,578.9195556640625,-1,-1,1,-1,-1,-1
1887,71,813.941650390625,571.8320922851562,-1,-1,1,-1,-1,-1
1888,71,806.679931640625,571.6900634765625,-1,-1,1,-1,-1,-1
1889,71,799.6697998046875,564.6754150390625,-1,-1,1,-1,-1,-1
1890,71,799.6611938476562,571.8201904296875,-1,-1,1,-1,-1,-1
1891,71,799.7470703125,564.7040405273438,-1,-1,1,-1,-1,-1
1892,71,799.6349487304688,571.839599609375,-1,-1,1,-1,-1,-1
1893,71,799.730712890625,571.9447021484375,-1,-1,1,-1,-1,-1
1894,71,792.459716796875,571.8323364257812,-1,-1,1,-1,-1,-1
1895,71,792.461181640625,571.7376708984375,-1,-1,1,-1,-1,-1
1896,71,792.6571655273438,571.7740478515625,-1,-1,1,-1,-1,-1
1897,71,792.6434326171875,579.1087646484375,-1,-1,1,-1,-1,-1
1898,71,785.3487548828125,579.1028442382812,-1,-1,1,-1,-1,-1
1899,71,785.2443237304688,579.0423583984375,-1,-1,1,-1,-1,-1
1901,71,785.4027099609375,571.7529296875,-1,-1,1,-1,-1,-1
1902,71,778.1700439453125,571.71484375,-1,-1,1,-1,-1,-1
1903,71,778.0604248046875,571.743408203125,-1,-1,1,-1,-1,-1
1904,71,778.1385498046875,571.784912109375,-1,-1,1,-1,-1,-1
1920,71,756.5423583984375,550.4605102539062,-1,-1,1,-1,-1,-1
1927,71,735.5794067382812,564.5656127929688,-1,-1,1,-1,-1,-1
1932,71,699.77734375,571.76708984375,-1,-1,1,-1,-1,-1
1948,74,1410.331787109375,301.66259765625,-1,-1,1,-1,-1,-1
1949,74,1389.1412353515625,294.485595703125,-1,-1,1,-1,-1,-1
1951,74,1353.25048828125,294.4197692871094,-1,-1,1,-1,-1,-1
1953,74,1310.801025390625,287.4281311035156,-1,-1,1,-1,-1,-1
1955,74,1268.230224609375,280.1667785644531,-1,-1,1,-1,-1,-1
1959,74,1197.182861328125,266.05999755859375,-1,-1,1,-1,-1,-1
1960,71,288.06292724609375,465.0340881347656,-1,-1,1,-1,-1,-1
1960,74,1175.742919921875,265.8955383300781,-1,-1,1,-1,-1,-1
1961,74,1161.608642578125,258.9548645019531,-1,-1,1,-1,-1,-1
1962,74,1140.2650146484375,258.8880310058594,-1,-1,1,-1,-1,-1
1963,74,1126.217041015625,258.8269958496094,-1,-1,1,-1,-1,-1
1964,74,1104.9189453125,251.8779296875,-1,-1,1,-1,-1,-1
1965,74,1090.689208984375,251.88363647460938,-1,-1,1,-1,-1,-1
1966,74,1076.44140625,251.8671875,-1,-1,1,-1,-1,-1
1967,74,1055.236572265625,251.636962890625,-1,-1,1,-1,-1,-1
1968,74,1040.913818359375,251.73895263671875,-1,-1,1,-1,-1,-1
1969,74,1026.8935546875,251.62136840820312,-1,-1,1,-1,-1,-1
1970,74,1012.4276123046875,251.68313598632812,-1,-1,1,-1,-1,-1
1972,74,983.9337158203125,251.7635498046875,-1,-1,1,-1,-1,-1
1973,74,969.764404296875,251.79981994628906,-1,-1,1,-1,-1,-1
1974,74,962.5438842773438,251.7698974609375,-1,-1,1,-1,-1,-1
1990,75,1268.778076171875,685.12841796875,-1,-1,1,-1,-1,-1
1992,74,735.56396484375,187.81039428710938,-1,-1,1,-1,-1,-1
1993,74,714.236083984375,187.82534790039062,-1,-1,1,-1,-1,-1
1994,74,692.7015380859375,187.75587463378906,-1,-1,1,-1,-1,-1
1995,74,678.6738891601562,180.6007080078125,-1,-1,1,-1,-1,-1
1996,74,628.9974365234375,216.25802612304688,-1,-1,1,-1,-1,-1
2008,74,401.85498046875,123.84091186523438,-1,-1,1,-1,-1,-1
2017,74,188.54611206054688,152.05535888671875,-1,-1,1,-1,-1,-1
2018,74,160.08045959472656,152.34381103515625,-1,-1,1,-1,-1,-1
2019,74,124.5731201171875,159.3949737548828,-1,-1,1,-1,-1,-1
2020,74,96.17522430419922,159.42465209960938,-1,-1,1,-1,-1,-1
2038,76,1282.7294921875,905.6382446289062,-1,-1,1,-1,-1,-1
2073,77,358.896240234375,976.3864135742188,-1,-1,1,-1,-1,-1
2076,78,408.8138427734375,933.9691162109375,-1,-1,1,-1,-1,-1
2085,79,1232.532958984375,898.1937255859375,-1,-1,1,-1,-1,-1
2090,80,1175.95947265625,422.2506103515625,-1,-1,1,-1,-1,-1
2091,81,1346.4793701171875,791.716064453125,-1,-1,1,-1,-1,-1
2096,82,1175.8623046875,998.046630859375,-1,-1,1,-1,-1,-1
2132,83,565.2530517578125,400.9034423828125,-1,-1,1,-1,-1,-1
2134,83,571.95947265625,407.88311767578125,-1,-1,1,-1,-1,-1
2239,85,451.47613525390625,337.0751953125,-1,-1,1,-1,-1,-1
2242,84,1112.3055419921875,336.46533203125,-1,-1,1,-1,-1,-1
2243,84,1104.952392578125,329.425537109375,-1,-1,1,-1,-1,-1
2244,84,1097.8896484375,329.4459228515625,-1,-1,1,-1,-1,-1
2265,86,1310.6923828125,671.2159423828125,-1,-1,1,-1,-1,-1
2266,86,1296.54296875,671.2838134765625,-1,-1,1,-1,-1,-1
2268,86,1254.025390625,664.0963134765625,-1,-1,1,-1,-1,-1
2277,87,1552.5130615234375,699.303955078125,-1,-1,1,-1,-1,-1
2280,87,1460.363037109375,692.2388916015625,-1,-1,1,-1,-1,-1
2283,87,1367.640869140625,685.314208984375,-1,-1,1,-1,-1,-1
2284,87,1332.269287109375,685.1199951171875,-1,-1,1,-1,-1,-1
2285,87,1296.658935546875,685.2537841796875,-1,-1,1,-1,-1,-1
2286,87,1261.2183837890625,685.1022338867188,-1,-1,1,-1,-1,-1
2287,87,1225.7347412109375,685.1032104492188,-1,-1,1,-1,-1,-1
2288,87,1190.22021484375,685.2442626953125,-1,-1,1,-1,-1,-1
2289,87,1154.5546875,692.474365234375,-1,-1,1,-1,-1,-1
2290,87,1119.021484375,692.3617553710938,-1,-1,1,-1,-1,-1
2291,86,479.98760986328125,678.0941772460938,-1,-1,1,-1,-1,-1
2291,87,1090.52734375,699.5181884765625,-1,-1,1,-1,-1,-1
2293,87,1012.4676513671875,706.7514038085938,-1,-1,1,-1,-1,-1
2294,87,977.1771240234375,706.4603881835938,-1,-1,1,-1,-1,-1
2295,87,934.05712890625,706.450439453125,-1,-1,1,-1,-1,-1
2296,87,891.501953125,713.8270263671875,-1,-1,1,-1,-1,-1
2297,87,834.69775390625,713.5469970703125,-1,-1,1,-1,-1,-1
2298,87,799.1409912109375,720.7059326171875,-1,-1,1,-1,-1,-1
2299,87,756.7415771484375,720.6658325195312,-1,-1,1,-1,-1,-1
2299,88,1346.7421875,720.7996826171875,-1,-1,1,-1,-1,-1
2300,87,721.0438842773438,720.669189453125,-1,-1,1,-1,-1,-1
2300,88,1311.11181640625,720.4976806640625,-1,-1,1,-1,-1,-1
2301,87,678.6270751953125,727.8350830078125,-1,-1,1,-1,-1,-1
2302,87,635.5831298828125,727.8018188476562,-1,-1,1,-1,-1,-1
2302,88,1247.291015625,727.8150634765625,-1,-1,1,-1,-1,-1
2303,88,1211.664794921875,727.9898071289062,-1,-1,1,-1,-1,-1
2304,87,550.51513671875,735.0125732421875,-1,-1,1,-1,-1,-1
2305,88,1147.73291015625,734.884033203125,-1,-1,1,-1,-1,-1
2306,87,458.0391845703125,742.1129760742188,-1,-1,1,-1,-1,-1
2306,88,1112.22021484375,734.7068481445312,-1,-1,1,-1,-1,-1
2307,88,1076.799072265625,734.9151000976562,-1,-1,1,-1,-1,-1
2308,88,1048.07666015625,742.0823974609375,-1,-1,1,-1,-1,-1
2309,88,1012.5442504882812,741.95947265625,-1,-1,1,-1,-1,-1
2319,88,700.0103149414062,741.9412841796875,-1,-1,1,-1,-1,-1
2320,88,664.376708984375,741.98876953125,-1,-1,1,-1,-1,-1
2322,88,586.465087890625,735.169921875,-1,-1,1,-1,-1,-1
2323,88,550.8847045898438,735.1190185546875,-1,-1,1,-1,-1,-1
2324,88,508.38128662109375,735.072021484375,-1,-1,1,-1,-1,-1
2447,90,1403.67578125,685.0492553710938,-1,-1,1,-1,-1,-1
2450,90,1325.53271484375,684.84326171875,-1,-1,1,-1,-1,-1
2452,90,1275.843994140625,685.1048583984375,-1,-1,1,-1,-1,-1
2453,90,1247.333984375,685.1994018554688,-1,-1,1,-1,-1,-1
2456,90,1169.10498046875,692.213623046875,-1,-1,1,-1,-1,-1
2477,90,550.9312744140625,727.72607421875,-1,-1,1,-1,-1,-1
2490,91,544.1484375,606.81005859375,-1,-1,1,-1,-1,-1
2491,91,479.74359130859375,599.8367919921875,-1,-1,1,-1,-1,-1
2550,92,756.8995361328125,407.9744873046875,-1,-1,1,-1,-1,-1
2551,92,679.4380493164062,429.2703857421875,-1,-1,1,-1,-1,-1
2551,93,678.7460327148438,408.0734558105469,-1,-1,1,-1,-1,-1
2552,92,600.7244873046875,401.03021240234375,-1,-1,1,-1,-1,-1
2554,92,423.2308349609375,394.1114501953125,-1,-1,1,-1,-1,-1
2555,92,338.450439453125,379.7425537109375,-1,-1,1,-1,-1,-1
2556,92,231.57308959960938,365.541748046875,-1,-1,1,-1,-1,-1
2557,92,132.08016967773438,351.421142578125,-1,-1,1,-1,-1,-1
2617,94,1545.857666015625,287.3467102050781,-1,-1,1,-1,-1,-1
2618,94,1524.611083984375,280.0474853515625,-1,-1,1,-1,-1,-1
2703,95,1723.107666015625,728.0108032226562,-1,-1,1,-1,-1,-1
2770,96,1005.343505859375,379.74432373046875,-1,-1,1,-1,-1,-1
2791,97,1197.5859375,727.7803955078125,-1,-1,1,-1,-1,-1
2796,97,1027.0716552734375,727.654052734375,-1,-1,1,-1,-1,-1
2798,97,941.591552734375,727.6401977539062,-1,-1,1,-1,-1,-1
2802,97,756.8431396484375,720.5926513671875,-1,-1,1,-1,-1,-1
2805,97,629.1328125,685.0720825195312,-1,-1,1,-1,-1,-1
2808,97,494.1398620605469,685.0952758789062,-1,-1,1,-1,-1,-1
2809,97,444.5838317871094,692.2376708984375,-1,-1,1,-1,-1,-1
2810,97,394.90301513671875,692.0385131835938,-1,-1,1,-1,-1,-1
2811,97,344.9898681640625,699.312744140625,-1,-1,1,-1,-1,-1
2812,97,295.1978454589844,706.3902587890625,-1,-1,1,-1,-1,-1
2812,99,1240.4697265625,380.1961669921875,-1,-1,1,-1,-1,-1
2842,101,1325.275634765625,528.660400390625,-1,-1,1,-1,-1,-1
2843,101,1296.568115234375,528.7787475585938,-1,-1,1,-1,-1,-1
2850,100,643.608642578125,755.8582763671875,-1,-1,1,-1,-1,-1
2851,100,594.067138671875,762.8367919921875,-1,-1,1,-1,-1,-1
2852,100,544.0491943359375,763.0343017578125,-1,-1,1,-1,-1,-1
2853,100,487.35888671875,763.2069702148438,-1,-1,1,-1,-1,-1
2865,103,458.837646484375,684.86474609375,-1,-1,1,-1,-1,-1
2904,104,785.7232055664062,727.89453125,-1,-1,1,-1,-1,-1
2904,105,1055.6630859375,805.6705322265625,-1,-1,1,-1,-1,-1
2908,105,813.94970703125,819.60400390625,-1,-1,1,-1,-1,-1
2909,104,537.1983642578125,741.901123046875,-1,-1,1,-1,-1,-1
2909,106,267.0129089355469,691.9708251953125,-1,-1,1,-1,-1,-1
2910,104,458.9316711425781,748.5003662109375,-1,-1,1,-1,-1,-1
2938,107,1481.7099609375,706.650146484375,-1,-1,1,-1,-1,-1
2939,107,1474.7581787109375,706.682861328125,-1,-1,1,-1,-1,-1
2940,107,1467.59814453125,713.7927856445312,-1,-1,1,-1,-1,-1
2941,107,1460.502685546875,720.7332763671875,-1,-1,1,-1,-1,-1
2947,107,1396.3519287109375,720.7921142578125,-1,-1,1,-1,-1,-1
2948,107,1382.126220703125,720.736328125,-1,-1,1,-1,-1,-1
2971,108,1048.52783203125,756.084228515625,-1,-1,1,-1,-1,-1
2972,108,1013.1156005859375,763.343505859375,-1,-1,1,-1,-1,-1
2973,108,977.3624267578125,763.075439453125,-1,-1,1,-1,-1,-1
2974,108,941.8953857421875,755.9925537109375,-1,-1,1,-1,-1,-1
2975,108,913.48779296875,756.2514038085938,-1,-1,1,-1,-1,-1
2976,108,877.8931884765625,749.027099609375,-1,-1,1,-1,-1,-1
2977,108,842.407958984375,749.2171630859375,-1,-1,1,-1,-1,-1
2978,108,821.3403930664062,748.9815673828125,-1,-1,1,-1,-1,-1
2979,108,778.076904296875,734.9935302734375,-1,-1,1,-1,-1,-1
2980,108,749.716796875,742.309814453125,-1,-1,1,-1,-1,-1
2981,108,721.46337890625,742.1848754882812,-1,-1,1,-1,-1,-1
2982,108,678.7745971679688,734.9712524414062,-1,-1,1,-1,-1,-1
2983,108,650.7001953125,734.8091430664062,-1,-1,1,-1,-1,-1
2984,108,607.6383056640625,742.207275390625,-1,-1,1,-1,-1,-1
2985,108,565.1241455078125,735.0054321289062,-1,-1,1,-1,-1,-1
2986,108,515.337890625,727.6896362304688,-1,-1,1,-1,-1,-1
2987,108,465.589599609375,720.7210693359375,-1,-1,1,-1,-1,-1
2990,108,330.8731994628906,741.8802490234375,-1,-1,1,-1,-1,-1
2998,109,955.8792724609375,507.57684326171875,-1,-1,1,-1,-1,-1
3003,110,955.684814453125,841.6397705078125,-1,-1,1,-1,-1,-1
3040,111,543.9859619140625,699.5798950195312,-1,-1,1,-1,-1,-1
3052,112,515.5850219726562,656.706787109375,-1,-1,1,-1,-1,-1
3097,113,479.83294677734375,784.536376953125,-1,-1,1,-1,-1,-1
3098,113,444.4610595703125,791.7296142578125,-1,-1,1,-1,-1,-1
3114,114,401.7902526855469,905.0509033203125,-1,-1,1,-1,-1,-1
3122,115,1880.2042236328125,699.2313232421875,-1,-1,1,-1,-1,-1
3153,116,1027.38671875,734.8433837890625,-1,-1,1,-1,-1,-1
3155,117,1588.1951904296875,677.982421875,-1,-1,1,-1,-1,-1
3156,117,1574.19384765625,678.1132202148438,-1,-1,1,-1,-1,-1
3157,117,1545.649169921875,677.8436279296875,-1,-1,1,-1,-1,-1
3158,117,1531.37744140625,677.6630859375,-1,-1,1,-1,-1,-1
3159,116,871.101806640625,742.1262817382812,-1,-1,1,-1,-1,-1
3162,117,1466.87255859375,670.8922119140625,-1,-1,1,-1,-1,-1
3163,117,1452.92626953125,670.821533203125,-1,-1,1,-1,-1,-1
3164,117,1431.591796875,670.8902587890625,-1,-1,1,-1,-1,-1
3165,117,1417.431396484375,663.8349609375,-1,-1,1,-1,-1,-1
3166,117,1403.2874755859375,663.9716796875,-1,-1,1,-1,-1,-1
3167,117,1388.933349609375,656.6431884765625,-1,-1,1,-1,-1,-1
3175,117,1296.5645751953125,650.326416015625,-1,-1,1,-1,-1,-1
3180,117,1211.2716064453125,628.4254760742188,-1,-1,1,-1,-1,-1
3182,117,1168.603515625,621.5777587890625,-1,-1,1,-1,-1,-1
3183,117,1140.137939453125,614.431884765625,-1,-1,1,-1,-1,-1
3184,117,1118.8360595703125,614.65625,-1,-1,1,-1,-1,-1
3185,117,1090.57568359375,614.9403686523438,-1,-1,1,-1,-1,-1
3187,117,1047.9605712890625,607.4718017578125,-1,-1,1,-1,-1,-1
3193,117,920.2691650390625,621.82861328125,-1,-1,1,-1,-1,-1
3194,117,892.027587890625,614.297119140625,-1,-1,1,-1,-1,-1
3195,117,870.7518310546875,614.44775390625,-1,-1,1,-1,-1,-1
3196,117,841.97900390625,614.4917602539062,-1,-1,1,-1,-1,-1
3197,117,821.0781860351562,614.4367065429688,-1,-1,1,-1,-1,-1
3198,117,792.4669189453125,614.544921875,-1,-1,1,-1,-1,-1
3199,117,763.918212890625,621.5438232421875,-1,-1,1,-1,-1,-1
3200,117,742.414306640625,621.4437255859375,-1,-1,1,-1,-1,-1
3201,117,714.2392578125,621.5357666015625,-1,-1,1,-1,-1,-1
3202,117,685.9044189453125,621.3502197265625,-1,-1,1,-1,-1,-1
3202,118,935.0601196289062,813.37158203125,-1,-1,1,-1,-1,-1
3203,117,657.4857788085938,621.4631958007812,-1,-1,1,-1,-1,-1
3204,117,636.3380126953125,621.4632568359375,-1,-1,1,-1,-1,-1
3207,117,536.6007690429688,614.468505859375,-1,-1,1,-1,-1,-1
3208,117,500.88983154296875,614.4813232421875,-1,-1,1,-1,-1,-1
3350,119,742.1341552734375,692.5596923828125,-1,-1,1,-1,-1,-1
3357,120,393.97039794921875,848.876220703125,-1,-1,1,-1,-1,-1
3371,121,1275.375732421875,813.230712890625,-1,-1,1,-1,-1,-1
3396,122,408.83441162109375,571.7681274414062,-1,-1,1,-1,-1,-1
3418,122,167.23947143554688,557.3984375,-1,-1,1,-1,-1,-1
3419,122,160.1322784423828,550.18115234375,-1,-1,1,-1,-1,-1
3420,122,145.85488891601562,550.2359619140625,-1,-1,1,-1,-1,-1
3610,123,579.05859375,728.7850341796875,-1,-1,1,-1,-1,-1
3903,124,764.220947265625,671.1826171875,-1,-1,1,-1,-1,-1
3963,125,622.1182861328125,592.406982421875,-1,-1,1,-1,-1,-1
3964,125,586.544921875,592.1861572265625,-1,-1,1,-1,-1,-1
3981,126,742.5857543945312,848.925537109375,-1,-1,1,-1,-1,-1
3995,127,728.355224609375,635.8685302734375,-1,-1,1,-1,-1,-1
4001,127,550.9784545898438,635.9047241210938,-1,-1,1,-1,-1,-1
4023,128,1361.14990234375,600.5768432617188,-1,-1,1,-1,-1,-1
4066,129,1375.333984375,664.5276489257812,-1,-1,1,-1,-1,-1
4067,129,1325.383544921875,656.9293212890625,-1,-1,1,-1,-1,-1
4068,129,1289.90234375,657.2344970703125,-1,-1,1,-1,-1,-1
4068,130,451.049072265625,422.0513000488281,-1,-1,1,-1,-1,-1
4082,129,707.0968017578125,628.9449462890625,-1,-1,1,-1,-1,-1
4083,129,657.6778564453125,621.4981079101562,-1,-1,1,-1,-1,-1
4084,129,614.8228759765625,614.6175537109375,-1,-1,1,-1,-1,-1
4085,129,572.1012573242188,607.6336669921875,-1,-1,1,-1,-1,-1
4142,131,337.93328857421875,401.1463623046875,-1,-1,1,-1,-1,-1
4173,132,1381.4388427734375,593.56396484375,-1,-1,1,-1,-1,-1
4175,132,1345.932373046875,593.4657592773438,-1,-1,1,-1,-1,-1
4176,132,1324.614990234375,586.421875,-1,-1,1,-1,-1,-1
4177,132,1296.78271484375,586.1001586914062,-1,-1,1,-1,-1,-1
4178,132,1275.5125732421875,586.08056640625,-1,-1,1,-1,-1,-1
4179,132,1246.640869140625,586.2533569335938,-1,-1,1,-1,-1,-1
4181,132,1175.979736328125,586.11767578125,-1,-1,1,-1,-1,-1
4181,133,990.7747802734375,714.00244140625,-1,-1,1,-1,-1,-1
4182,132,1133.46484375,579.0240478515625,-1,-1,1,-1,-1,-1
4183,132,1090.5849609375,579.1240234375,-1,-1,1,-1,-1,-1
4185,132,1019.669677734375,579.10400390625,-1,-1,1,-1,-1,-1
4186,132,976.9624633789062,579.0401611328125,-1,-1,1,-1,-1,-1
4187,132,941.31884765625,586.2380981445312,-1,-1,1,-1,-1,-1
4187,134,1318.520751953125,628.219482421875,-1,-1,1,-1,-1,-1
4188,132,905.8343505859375,586.0,-1,-1,1,-1,-1,-1
4188,134,1275.8367919921875,628.3348388671875,-1,-1,1,-1,-1,-1
4189,134,1239.94287109375,628.6251220703125,-1,-1,1,-1,-1,-1
4190,134,1204.32861328125,635.6138916015625,-1,-1,1,-1,-1,-1
4191,132,778.15380859375,600.06298828125,-1,-1,1,-1,-1,-1
4191,134,1154.4407958984375,635.6919555664062,-1,-1,1,-1,-1,-1
4196,134,1048.3294677734375,741.8433837890625,-1,-1,1,-1,-1,-1
4201,134,828.1708984375,756.205810546875,-1,-1,1,-1,-1,-1
4202,134,778.2955322265625,763.3023681640625,-1,-1,1,-1,-1,-1
4203,134,735.7579345703125,770.4134521484375,-1,-1,1,-1,-1,-1
4204,134,686.0149536132812,777.5193481445312,-1,-1,1,-1,-1,-1
4205,134,629.1961669921875,784.4674072265625,-1,-1,1,-1,-1,-1
4206,134,572.3493041992188,784.4578247070312,-1,-1,1,-1,-1,-1
4207,134,515.42041015625,784.6083984375,-1,-1,1,-1,-1,-1
4208,134,451.63482666015625,777.35791015625,-1,-1,1,-1,-1,-1
4209,134,373.46044921875,777.3621826171875,-1,-1,1,-1,-1,-1
4211,134,217.2989501953125,756.3272705078125,-1,-1,1,-1,-1,-1
4212,134,124.81940460205078,749.0310668945312,-1,-1,1,-1,-1,-1
4228,135,1211.868896484375,883.993408203125,-1,-1,1,-1,-1,-1
4229,135,1176.485595703125,891.1838989257812,-1,-1,1,-1,-1,-1
4256,136,1623.8603515625,351.3970947265625,-1,-1,1,-1,-1,-1
4265,137,1410.927490234375,209.32025146484375,-1,-1,1,-1,-1,-1
4265,138,1197.694091796875,507.7698669433594,-1,-1,1,-1,-1,-1
4266,137,1382.496337890625,244.5542755126953,-1,-1,1,-1,-1,-1
4268,137,1332.988037109375,216.28982543945312,-1,-1,1,-1,-1,-1
4296,139,1055.334228515625,756.203125,-1,-1,1,-1,-1,-1
4302,139,799.6722412109375,770.5262451171875,-1,-1,1,-1,-1,-1
4304,139,671.8823852539062,763.4288330078125,-1,-1,1,-1,-1,-1
4305,139,629.6448364257812,770.3543701171875,-1,-1,1,-1,-1,-1
4307,139,530.06298828125,770.2947998046875,-1,-1,1,-1,-1,-1
4308,139,480.4598388671875,777.45654296875,-1,-1,1,-1,-1,-1
4309,139,423.41448974609375,777.6419677734375,-1,-1,1,-1,-1,-1
4310,139,366.4185791015625,777.5252685546875,-1,-1,1,-1,-1,-1
4312,139,245.54193115234375,777.822998046875,-1,-1,1,-1,-1,-1
4314,140,1033.888427734375,799.15283203125,-1,-1,1,-1,-1,-1
4315,140,1005.1834716796875,792.2667846679688,-1,-1,1,-1,-1,-1
4316,140,941.6712646484375,799.231201171875,-1,-1,1,-1,-1,-1
4317,140,891.7158203125,799.2462158203125,-1,-1,1,-1,-1,-1
4318,140,841.8935546875,799.3348999023438,-1,-1,1,-1,-1,-1
4327,140,443.9591064453125,848.6045532226562,-1,-1,1,-1,-1,-1
4328,140,380.3701477050781,855.789794921875,-1,-1,1,-1,-1,-1
4329,140,316.5742492675781,862.80859375,-1,-1,1,-1,-1,-1
4330,140,295.13067626953125,862.4873046875,-1,-1,1,-1,-1,-1
4332,141,977.47705078125,636.7760009765625,-1,-1,1,-1,-1,-1
4334,141,920.28125,657.8272094726562,-1,-1,1,-1,-1,-1
4371,142,650.3432006835938,464.8780212402344,-1,-1,1,-1,-1,-1
4396,143,1062.587158203125,763.208251953125,-1,-1,1,-1,-1,-1
4399,143,977.2280883789062,770.4027099609375,-1,-1,1,-1,-1,-1
4401,143,913.1260986328125,770.2659912109375,-1,-1,1,-1,-1,-1
4402,143,884.7760620117188,770.2064208984375,-1,-1,1,-1,-1,-1
4405,143,785.437255859375,777.4410400390625,-1,-1,1,-1,-1,-1
4406,143,749.8135986328125,777.3861083984375,-1,-1,1,-1,-1,-1
4407,143,714.4029541015625,777.4930419921875,-1,-1,1,-1,-1,-1
4412,143,550.9205322265625,770.4456787109375,-1,-1,1,-1,-1,-1
4424,144,834.9608154296875,727.9898681640625,-1,-1,1,-1,-1,-1
4440,145,1133.8199462890625,280.8431701660156,-1,-1,1,-1,-1,-1
4441,145,1034.3951416015625,273.8612976074219,-1,-1,1,-1,-1,-1
4442,145,927.814697265625,245.76707458496094,-1,-1,1,-1,-1,-1
4444,145,693.0947875976562,223.79542541503906,-1,-1,1,-1,-1,-1
4446,146,1084.043212890625,791.6111450195312,-1,-1,1,-1,-1,-1
4560,147,1232.927734375,863.0423583984375,-1,-1,1,-1,-1,-1
4562,147,1183.17578125,863.06005859375,-1,-1,1,-1,-1,-1
4563,147,1154.72802734375,863.0020751953125,-1,-1,1,-1,-1,-1
4564,147,1119.00634765625,855.8731689453125,-1,-1,1,-1,-1,-1
4565,147,1090.625244140625,848.5790405273438,-1,-1,1,-1,-1,-1
4566,147,1069.3359375,855.9483642578125,-1,-1,1,-1,-1,-1
4567,147,1040.99462890625,848.969970703125,-1,-1,1,-1,-1,-1
4576,147,714.2859497070312,841.6658935546875,-1,-1,1,-1,-1,-1
4576,148,692.773681640625,820.2994384765625,-1,-1,1,-1,-1,-1
4577,147,657.292236328125,820.3011474609375,-1,-1,1,-1,-1,-1
4578,147,643.1632690429688,841.72998046875,-1,-1,1,-1,-1,-1
4579,147,579.1865844726562,820.1000366210938,-1,-1,1,-1,-1,-1
4580,147,565.05712890625,841.6971435546875,-1,-1,1,-1,-1,-1
4581,147,522.2628173828125,841.7769775390625,-1,-1,1,-1,-1,-1
4642,149,1296.857421875,322.7786865234375,-1,-1,1,-1,-1,-1
4643,150,1097.3924560546875,330.2090759277344,-1,-1,1,-1,-1,-1
4647,151,792.0003051757812,230.80996704101562,-1,-1,1,-1,-1,-1
4841,152,486.98944091796875,628.2529296875,-1,-1,1,-1,-1,-1
4842,152,465.5634765625,628.449951171875,-1,-1,1,-1,-1,-1
4843,152,444.39483642578125,621.12744140625,-1,-1,1,-1,-1,-1
4844,152,423.0103759765625,621.2027587890625,-1,-1,1,-1,-1,-1
4852,152,195.5420379638672,606.8148803710938,-1,-1,1,-1,-1,-1
4890,153,1389.224853515625,706.5458984375,-1,-1,1,-1,-1,-1
4890,154,1858.26220703125,621.384521484375,-1,-1,1,-1,-1,-1
4891,154,1843.875244140625,621.5694580078125,-1,-1,1,-1,-1,-1
4892,154,1837.030517578125,614.1290893554688,-1,-1,1,-1,-1,-1
4893,154,1829.83544921875,621.3648681640625,-1,-1,1,-1,-1,-1
4894,154,1822.583251953125,628.4793090820312,-1,-1,1,-1,-1,-1
4895,154,1808.5050048828125,621.1757202148438,-1,-1,1,-1,-1,-1
4896,154,1801.33984375,620.9990234375,-1,-1,1,-1,-1,-1
4897,154,1787.095458984375,621.1612548828125,-1,-1,1,-1,-1,-1
4898,154,1779.853271484375,628.412109375,-1,-1,1,-1,-1,-1
4899,154,1765.767578125,628.47412109375,-1,-1,1,-1,-1,-1
4900,154,1758.7979736328125,628.5452270507812,-1,-1,1,-1,-1,-1
4901,153,1133.732177734375,727.6695556640625,-1,-1,1,-1,-1,-1
4901,154,1758.728515625,635.659423828125,-1,-1,1,-1,-1,-1
4902,153,1112.219482421875,734.97412109375,-1,-1,1,-1,-1,-1
4902,154,1758.8016357421875,635.54638671875,-1,-1,1,-1,-1,-1
4903,153,1083.7255859375,735.0772705078125,-1,-1,1,-1,-1,-1
4903,154,1751.640625,642.7694091796875,-1,-1,1,-1,-1,-1
4904,154,1744.64208984375,642.9003295898438,-1,-1,1,-1,-1,-1
4905,153,956.024658203125,706.481201171875,-1,-1,1,-1,-1,-1
4905,154,1737.54638671875,642.82861328125,-1,-1,1,-1,-1,-1
4906,153,934.6483154296875,706.4063720703125,-1,-1,1,-1,-1,-1
4906,154,1730.401611328125,642.7513427734375,-1,-1,1,-1,-1,-1
4907,153,906.2011108398438,706.3054809570312,-1,-1,1,-1,-1,-1
4907,154,1723.35693359375,642.7455444335938,-1,-1,1,-1,-1,-1
4908,153,877.80615234375,706.46337890625,-1,-1,1,-1,-1,-1
4908,154,1709.09619140625,642.8589477539062,-1,-1,1,-1,-1,-1
4909,154,1702.126220703125,642.9313354492188,-1,-1,1,-1,-1,-1
4910,154,1687.888916015625,642.947509765625,-1,-1,1,-1,-1,-1
4911,154,1680.7100830078125,635.593505859375,-1,-1,1,-1,-1,-1
4912,154,1673.625,635.7034912109375,-1,-1,1,-1,-1,-1
4913,154,1659.4837646484375,635.7357177734375,-1,-1,1,-1,-1,-1
4914,154,1645.1571044921875,628.2833251953125,-1,-1,1,-1,-1,-1
4915,154,1631.070068359375,628.46728515625,-1,-1,1,-1,-1,-1
4916,154,1616.804931640625,628.5452880859375,-1,-1,1,-1,-1,-1
4917,154,1602.5400390625,628.6336669921875,-1,-1,1,-1,-1,-1
4918,154,1588.3375244140625,621.2001953125,-1,-1,1,-1,-1,-1
4919,154,1574.19775390625,621.3944702148438,-1,-1,1,-1,-1,-1
4920,154,1559.87353515625,621.644775390625,-1,-1,1,-1,-1,-1
4921,154,1545.730712890625,621.5431518554688,-1,-1,1,-1,-1,-1
4922,154,1531.50634765625,614.141845703125,-1,-1,1,-1,-1,-1
4923,154,1517.263916015625,621.5775146484375,-1,-1,1,-1,-1,-1
4924,154,1495.848388671875,621.462158203125,-1,-1,1,-1,-1,-1
4925,154,1481.723876953125,621.5140380859375,-1,-1,1,-1,-1,-1
4925,155,1573.988525390625,556.9027099609375,-1,-1,1,-1,-1,-1
4926,154,1460.423583984375,621.4048461914062,-1,-1,1,-1,-1,-1
4926,155,1559.965576171875,564.062255859375,-1,-1,1,-1,-1,-1
4927,154,1446.30615234375,621.3162841796875,-1,-1,1,-1,-1,-1
4928,154,1432.1146240234375,621.2860717773438,-1,-1,1,-1,-1,-1
4928,155,1524.2596435546875,556.7499389648438,-1,-1,1,-1,-1,-1
4929,154,1410.638427734375,628.6683959960938,-1,-1,1,-1,-1,-1
4930,154,1396.3203125,628.6921997070312,-1,-1,1,-1,-1,-1
4931,154,1382.265869140625,628.7415161132812,-1,-1,1,-1,-1,-1
4932,154,1360.879638671875,628.6561889648438,-1,-1,1,-1,-1,-1
4933,154,1346.7840576171875,628.612060546875,-1,-1,1,-1,-1,-1
4934,154,1325.4246826171875,628.619873046875,-1,-1,1,-1,-1,-1
4935,154,1311.253662109375,628.661865234375,-1,-1,1,-1,-1,-1
4936,154,1297.048583984375,628.6585693359375,-1,-1,1,-1,-1,-1
4937,154,1275.666259765625,628.6069946289062,-1,-1,1,-1,-1,-1
4938,154,1261.4674072265625,628.6660766601562,-1,-1,1,-1,-1,-1
4939,154,1247.2764892578125,628.5963134765625,-1,-1,1,-1,-1,-1
4940,154,1225.9273681640625,628.5829467773438,-1,-1,1,-1,-1,-1
4941,154,1211.7647705078125,628.5278930664062,-1,-1,1,-1,-1,-1
4942,154,1197.54052734375,628.562255859375,-1,-1,1,-1,-1,-1
4943,154,1183.30224609375,628.6046752929688,-1,-1,1,-1,-1,-1
4944,154,1169.114990234375,628.7293090820312,-1,-1,1,-1,-1,-1
4945,154,1154.8687744140625,628.6478881835938,-1,-1,1,-1,-1,-1
4946,154,1133.58251953125,621.5092163085938,-1,-1,1,-1,-1,-1
4946,156,835.5118408203125,343.9771728515625,-1,-1,1,-1,-1,-1
4947,154,1119.3426513671875,621.6233520507812,-1,-1,1,-1,-1,-1
4947,156,814.2110595703125,343.80560302734375,-1,-1,1,-1,-1,-1
4948,154,1105.104736328125,621.7305297851562,-1,-1,1,-1,-1,-1
4948,156,806.9237060546875,344.2170715332031,-1,-1,1,-1,-1,-1
4949,154,1091.012451171875,614.2592163085938,-1,-1,1,-1,-1,-1
4949,155,1211.602783203125,614.0068359375,-1,-1,1,-1,-1,-1
4949,156,792.9791870117188,343.88726806640625,-1,-1,1,-1,-1,-1
4950,154,1076.774658203125,614.3511962890625,-1,-1,1,-1,-1,-1
4950,156,778.667236328125,336.97576904296875,-1,-1,1,-1,-1,-1
4951,154,1062.5919189453125,614.5089111328125,-1,-1,1,-1,-1,-1
4951,156,771.4859619140625,336.8320617675781,-1,-1,1,-1,-1,-1
4952,154,1048.369384765625,607.06201171875,-1,-1,1,-1,-1,-1
4952,156,757.1663818359375,329.97723388671875,-1,-1,1,-1,-1,-1
4953,154,1034.2757568359375,607.2864990234375,-1,-1,1,-1,-1,-1
4954,154,1012.861083984375,607.44140625,-1,-1,1,-1,-1,-1
4954,156,729.0872802734375,322.2504577636719,-1,-1,1,-1,-1,-1
4955,154,998.6820068359375,600.0826416015625,-1,-1,1,-1,-1,-1
4956,154,984.4380493164062,600.2093505859375,-1,-1,1,-1,-1,-1
4957,154,970.1669921875,600.2044067382812,-1,-1,1,-1,-1,-1
4958,154,956.0053100585938,592.9453735351562,-1,-1,1,-1,-1,-1
4958,156,678.9877319335938,308.3659362792969,-1,-1,1,-1,-1,-1
4959,154,941.8009643554688,593.12353515625,-1,-1,1,-1,-1,-1
4959,156,664.886962890625,308.6409912109375,-1,-1,1,-1,-1,-1
4960,154,927.4901123046875,585.6651611328125,-1,-1,1,-1,-1,-1
4960,156,650.6259765625,308.4017639160156,-1,-1,1,-1,-1,-1
4961,154,906.227783203125,585.841064453125,-1,-1,1,-1,-1,-1
4962,154,892.0308837890625,585.965087890625,-1,-1,1,-1,-1,-1
4962,155,1026.993896484375,585.7953491210938,-1,-1,1,-1,-1,-1
4962,156,621.9769287109375,301.2179870605469,-1,-1,1,-1,-1,-1
4963,154,877.84130859375,585.947265625,-1,-1,1,-1,-1,-1
4963,155,1012.8416748046875,585.7066650390625,-1,-1,1,-1,-1,-1
4963,156,607.8299560546875,301.39483642578125,-1,-1,1,-1,-1,-1
4964,154,863.5911865234375,585.9075927734375,-1,-1,1,-1,-1,-1
4964,155,998.7291259765625,585.617431640625,-1,-1,1,-1,-1,-1
4965,154,849.4277954101562,585.86181640625,-1,-1,1,-1,-1,-1
4966,154,835.099853515625,585.8695678710938,-1,-1,1,-1,-1,-1
4966,156,572.3271484375,308.71075439453125,-1,-1,1,-1,-1,-1
4967,154,828.0133056640625,593.1412353515625,-1,-1,1,-1,-1,-1
4968,154,813.756103515625,593.1148681640625,-1,-1,1,-1,-1,-1
4968,156,565.301025390625,308.5394592285156,-1,-1,1,-1,-1,-1
4969,154,806.72314453125,593.1279296875,-1,-1,1,-1,-1,-1
4969,156,558.2792358398438,308.639892578125,-1,-1,1,-1,-1,-1
4970,154,799.5850219726562,593.0283203125,-1,-1,1,-1,-1,-1
4971,154,792.5086669921875,592.8863525390625,-1,-1,1,-1,-1,-1
4971,155,934.5973510742188,592.8126220703125,-1,-1,1,-1,-1,-1
4972,154,778.148193359375,600.3436279296875,-1,-1,1,-1,-1,-1
4972,155,920.3489990234375,592.9403076171875,-1,-1,1,-1,-1,-1
4973,154,771.2392578125,600.220458984375,-1,-1,1,-1,-1,-1
4973,155,913.1563720703125,600.09033203125,-1,-1,1,-1,-1,-1
4974,154,756.9390258789062,600.115478515625,-1,-1,1,-1,-1,-1
4974,155,898.9188232421875,600.058349609375,-1,-1,1,-1,-1,-1
4974,156,529.9021606445312,315.87298583984375,-1,-1,1,-1,-1,-1
4975,154,749.852294921875,607.2916259765625,-1,-1,1,-1,-1,-1
4975,155,891.9112548828125,599.8941040039062,-1,-1,1,-1,-1,-1
4976,154,735.6417236328125,607.4494018554688,-1,-1,1,-1,-1,-1
4977,154,728.6029052734375,607.3291625976562,-1,-1,1,-1,-1,-1
4977,155,870.5389404296875,607.2111206054688,-1,-1,1,-1,-1,-1
4978,154,714.3589477539062,607.2945556640625,-1,-1,1,-1,-1,-1
4978,156,501.36358642578125,329.8935546875,-1,-1,1,-1,-1,-1
4979,154,707.2041015625,607.063232421875,-1,-1,1,-1,-1,-1
4979,156,494.5012512207031,329.81787109375,-1,-1,1,-1,-1,-1
4980,154,693.028076171875,607.225830078125,-1,-1,1,-1,-1,-1
4981,154,678.7898559570312,607.23193359375,-1,-1,1,-1,-1,-1
4981,156,480.0339050292969,336.7933349609375,-1,-1,1,-1,-1,-1
4981,157,1325.7427978515625,691.9992065429688,-1,-1,1,-1,-1,-1
4982,154,671.6668701171875,607.1566162109375,-1,-1,1,-1,-1,-1
4982,156,472.81439208984375,336.90753173828125,-1,-1,1,-1,-1,-1
4983,154,657.470703125,614.5584716796875,-1,-1,1,-1,-1,-1
4983,156,465.834228515625,337.04522705078125,-1,-1,1,-1,-1,-1
4984,154,650.3980102539062,614.3902587890625,-1,-1,1,-1,-1,-1
4984,156,458.75177001953125,336.9875793457031,-1,-1,1,-1,-1,-1
4985,154,636.15576171875,614.4749755859375,-1,-1,1,-1,-1,-1
4986,154,622.013671875,614.4813842773438,-1,-1,1,-1,-1,-1
4986,156,437.51068115234375,336.9512634277344,-1,-1,1,-1,-1,-1
4987,154,614.8367919921875,614.429443359375,-1,-1,1,-1,-1,-1
4987,156,437.42132568359375,344.30096435546875,-1,-1,1,-1,-1,-1
4988,154,607.7332153320312,614.4188232421875,-1,-1,1,-1,-1,-1
4989,154,593.61083984375,614.1785888671875,-1,-1,1,-1,-1,-1
4989,156,423.1751708984375,344.134033203125,-1,-1,1,-1,-1,-1
4990,154,579.3755493164062,614.3426513671875,-1,-1,1,-1,-1,-1
4990,156,416.21636962890625,344.171630859375,-1,-1,1,-1,-1,-1
4991,154,565.08056640625,621.60400390625,-1,-1,1,-1,-1,-1
4991,156,401.9437561035156,344.0924072265625,-1,-1,1,-1,-1,-1
4992,154,550.8693237304688,621.7365112304688,-1,-1,1,-1,-1,-1
4992,156,394.87005615234375,344.0383605957031,-1,-1,1,-1,-1,-1
4993,154,536.7569580078125,614.219482421875,-1,-1,1,-1,-1,-1
4994,154,522.4600830078125,614.376708984375,-1,-1,1,-1,-1,-1
4995,154,501.23468017578125,607.2842407226562,-1,-1,1,-1,-1,-1
4996,154,486.9720153808594,607.3886108398438,-1,-1,1,-1,-1,-1
4997,154,472.6583251953125,607.3902587890625,-1,-1,1,-1,-1,-1
4998,154,465.6845397949219,600.0960693359375,-1,-1,1,-1,-1,-1
4999,154,444.2026062011719,600.324951171875,-1,-1,1,-1,-1,-1
5000,154,429.73052978515625,600.022216796875,-1,-1,1,-1,-1,-1
5001,154,415.824462890625,593.0863037109375,-1,-1,1,-1,-1,-1
5002,154,401.7778625488281,585.7916259765625,-1,-1,1,-1,-1,-1
5003,154,380.44683837890625,585.9497680664062,-1,-1,1,-1,-1,-1
5004,154,366.15740966796875,585.941650390625,-1,-1,1,-1,-1,-1
5005,154,344.87103271484375,578.5933837890625,-1,-1,1,-1,-1,-1
5006,154,323.69293212890625,578.6444702148438,-1,-1,1,-1,-1,-1
5007,154,302.18511962890625,578.715576171875,-1,-1,1,-1,-1,-1
5008,154,288.04815673828125,578.4825439453125,-1,-1,1,-1,-1,-1
5008,155,437.37664794921875,571.32763671875,-1,-1,1,-1,-1,-1
5009,154,266.6287841796875,585.98193359375,-1,-1,1,-1,-1,-1
5010,154,245.3260498046875,585.9982299804688,-1,-1,1,-1,-1,-1
5011,154,224.04986572265625,585.955078125,-1,-1,1,-1,-1,-1
5012,154,202.68515014648438,585.9105224609375,-1,-1,1,-1,-1,-1
5013,154,181.45748901367188,585.828369140625,-1,-1,1,-1,-1,-1
5014,154,153.04489135742188,585.804443359375,-1,-1,1,-1,-1,-1
5015,154,131.53652954101562,578.5570068359375,-1,-1,1,-1,-1,-1
5016,154,110.30462646484375,578.6735229492188,-1,-1,1,-1,-1,-1
5017,154,81.96637725830078,578.79248046875,-1,-1,1,-1,-1,-1
5017,155,280.6109619140625,493.6609191894531,-1,-1,1,-1,-1,-1
5018,154,60.71169662475586,578.9366455078125,-1,-1,1,-1,-1,-1
5018,155,259.3636779785156,493.68182373046875,-1,-1,1,-1,-1,-1
5028,158,1090.78564453125,720.4757080078125,-1,-1,1,-1,-1,-1
5029,158,1076.732666015625,720.4964599609375,-1,-1,1,-1,-1,-1
5030,158,1055.3631591796875,713.5401611328125,-1,-1,1,-1,-1,-1
5031,158,1034.1734619140625,706.341064453125,-1,-1,1,-1,-1,-1
5068,159,1772.999755859375,798.7879638671875,-1,-1,1,-1,-1,-1
5069,159,1758.79248046875,798.7330322265625,-1,-1,1,-1,-1,-1
5070,159,1744.4473876953125,798.7601318359375,-1,-1,1,-1,-1,-1
5071,159,1730.4417724609375,798.6224365234375,-1,-1,1,-1,-1,-1
5072,159,1709.230224609375,798.5618896484375,-1,-1,1,-1,-1,-1
5073,159,1695.0521240234375,798.5693359375,-1,-1,1,-1,-1,-1
5074,159,1680.680419921875,798.7236328125,-1,-1,1,-1,-1,-1
5075,159,1659.445556640625,798.8434448242188,-1,-1,1,-1,-1,-1
5076,159,1638.091796875,798.7130126953125,-1,-1,1,-1,-1,-1
5077,159,1623.69970703125,798.6612548828125,-1,-1,1,-1,-1,-1
5078,159,1609.76123046875,798.8233032226562,-1,-1,1,-1,-1,-1
5079,159,1588.4566650390625,798.5255126953125,-1,-1,1,-1,-1,-1
5080,159,1567.109619140625,791.556884765625,-1,-1,1,-1,-1,-1
5081,159,1545.846923828125,791.6484375,-1,-1,1,-1,-1,-1
5082,159,1517.475830078125,791.4243774414062,-1,-1,1,-1,-1,-1
5083,159,1503.33984375,791.3743896484375,-1,-1,1,-1,-1,-1
5083,160,551.18212890625,365.2699279785156,-1,-1,1,-1,-1,-1
5084,159,1481.910400390625,784.5078125,-1,-1,1,-1,-1,-1
5085,159,1460.4775390625,784.5234375,-1,-1,1,-1,-1,-1
5086,159,1446.22607421875,784.3653564453125,-1,-1,1,-1,-1,-1
5087,159,1424.61181640625,777.4923706054688,-1,-1,1,-1,-1,-1
5088,159,1403.4921875,777.2500610351562,-1,-1,1,-1,-1,-1
5089,159,1375.075439453125,777.3280029296875,-1,-1,1,-1,-1,-1
5090,159,1353.598388671875,770.2484130859375,-1,-1,1,-1,-1,-1
5091,159,1332.224365234375,770.2193603515625,-1,-1,1,-1,-1,-1
5092,159,1318.174560546875,770.2286987304688,-1,-1,1,-1,-1,-1
5093,159,1296.62158203125,763.2200317382812,-1,-1,1,-1,-1,-1
5094,159,1275.439208984375,763.2332153320312,-1,-1,1,-1,-1,-1
5095,159,1247.1104736328125,763.29638671875,-1,-1,1,-1,-1,-1
5096,159,1225.399658203125,756.4046630859375,-1,-1,1,-1,-1,-1
5097,159,1204.21923828125,756.3169555664062,-1,-1,1,-1,-1,-1
5097,161,487.238037109375,59.943458557128906,-1,-1,1,-1,-1,-1
5098,159,1182.91796875,756.2227783203125,-1,-1,1,-1,-1,-1
5099,159,1161.67333984375,756.0836181640625,-1,-1,1,-1,-1,-1
5100,159,1133.31689453125,756.0262451171875,-1,-1,1,-1,-1,-1
5101,159,1111.8896484375,756.0272216796875,-1,-1,1,-1,-1,-1
5102,159,1083.467041015625,756.0588989257812,-1,-1,1,-1,-1,-1
5103,159,1062.29736328125,756.1651000976562,-1,-1,1,-1,-1,-1
5105,159,1012.2813720703125,749.0474853515625,-1,-1,1,-1,-1,-1
5106,159,983.9598388671875,749.05615234375,-1,-1,1,-1,-1,-1
5107,159,962.83203125,749.054443359375,-1,-1,1,-1,-1,-1
5111,159,870.3719482421875,742.2353515625,-1,-1,1,-1,-1,-1
5112,159,842.291748046875,742.185791015625,-1,-1,1,-1,-1,-1
5114,159,792.2694091796875,734.9176025390625,-1,-1,1,-1,-1,-1
5115,159,764.018798828125,734.88134765625,-1,-1,1,-1,-1,-1
5116,159,735.3952026367188,727.6796875,-1,-1,1,-1,-1,-1
5117,159,713.9088134765625,727.778564453125,-1,-1,1,-1,-1,-1
5118,159,685.8203125,727.6494140625,-1,-1,1,-1,-1,-1
5119,159,657.6043701171875,727.834716796875,-1,-1,1,-1,-1,-1
5120,159,636.0865478515625,720.6046142578125,-1,-1,1,-1,-1,-1
5121,159,607.52197265625,720.4564819335938,-1,-1,1,-1,-1,-1
5122,159,586.2127075195312,720.5362548828125,-1,-1,1,-1,-1,-1
5123,159,557.9061279296875,720.4523315429688,-1,-1,1,-1,-1,-1
5124,159,522.39501953125,720.6754760742188,-1,-1,1,-1,-1,-1
5125,159,494.0518798828125,720.6446533203125,-1,-1,1,-1,-1,-1
5126,159,472.79876708984375,720.5564575195312,-1,-1,1,-1,-1,-1
5127,159,444.27398681640625,720.7017822265625,-1,-1,1,-1,-1,-1
5128,159,415.9048156738281,720.7433471679688,-1,-1,1,-1,-1,-1
5129,159,387.7345886230469,720.6934204101562,-1,-1,1,-1,-1,-1
5130,159,359.0914306640625,720.61376953125,-1,-1,1,-1,-1,-1
5131,159,330.9940490722656,720.6100463867188,-1,-1,1,-1,-1,-1
5132,159,309.54168701171875,720.6325073242188,-1,-1,1,-1,-1,-1
5133,159,280.9029235839844,720.5604248046875,-1,-1,1,-1,-1,-1
5134,159,252.57888793945312,720.7828369140625,-1,-1,1,-1,-1,-1
5154,162,842.142578125,280.2123718261719,-1,-1,1,-1,-1,-1
5244,163,1716.8189697265625,535.7100830078125,-1,-1,1,-1,-1,-1
5246,163,1751.663818359375,464.93701171875,-1,-1,1,-1,-1,-1
5248,163,1652.6832275390625,535.9599609375,-1,-1,1,-1,-1,-1
5249,163,1638.4365234375,535.9776000976562,-1,-1,1,-1,-1,-1
5250,163,1624.288818359375,535.8984985351562,-1,-1,1,-1,-1,-1
5252,163,1595.63916015625,535.967041015625,-1,-1,1,-1,-1,-1
5254,163,1574.0386962890625,535.8883056640625,-1,-1,1,-1,-1,-1
5256,163,1538.5687255859375,542.9060668945312,-1,-1,1,-1,-1,-1
5257,163,1524.273193359375,543.0609741210938,-1,-1,1,-1,-1,-1
5258,163,1510.2373046875,549.927978515625,-1,-1,1,-1,-1,-1
5259,163,1495.8140869140625,550.0174560546875,-1,-1,1,-1,-1,-1
5260,163,1481.7366943359375,550.02880859375,-1,-1,1,-1,-1,-1
5261,163,1474.499267578125,550.0888671875,-1,-1,1,-1,-1,-1
5262,163,1460.28955078125,550.0553588867188,-1,-1,1,-1,-1,-1
5263,163,1446.01220703125,550.0980834960938,-1,-1,1,-1,-1,-1
5264,163,1431.779541015625,557.0869140625,-1,-1,1,-1,-1,-1
5265,163,1424.537353515625,557.032958984375,-1,-1,1,-1,-1,-1
5268,163,1403.28369140625,557.089599609375,-1,-1,1,-1,-1,-1
5269,163,1403.3697509765625,550.1661987304688,-1,-1,1,-1,-1,-1
5270,163,1389.19970703125,557.3129272460938,-1,-1,1,-1,-1,-1
5279,163,1318.13134765625,550.3399047851562,-1,-1,1,-1,-1,-1
5280,163,1303.796142578125,550.2042236328125,-1,-1,1,-1,-1,-1
5281,163,1296.8165283203125,557.210693359375,-1,-1,1,-1,-1,-1
5282,163,1289.6646728515625,557.12353515625,-1,-1,1,-1,-1,-1
5283,163,1282.51123046875,557.162109375,-1,-1,1,-1,-1,-1
5283,164,1119.3883056640625,649.80859375,-1,-1,1,-1,-1,-1
5284,163,1275.4903564453125,557.3330078125,-1,-1,1,-1,-1,-1
5284,164,1105.10498046875,649.7518310546875,-1,-1,1,-1,-1,-1
5285,163,1261.16015625,557.0648193359375,-1,-1,1,-1,-1,-1
5285,164,1090.951171875,649.7078857421875,-1,-1,1,-1,-1,-1
5286,163,1254.125732421875,557.3294677734375,-1,-1,1,-1,-1,-1
5286,164,1076.52294921875,642.6358642578125,-1,-1,1,-1,-1,-1
5287,163,1246.897705078125,557.5778198242188,-1,-1,1,-1,-1,-1
5287,164,1062.399658203125,642.7404174804688,-1,-1,1,-1,-1,-1
5288,163,1239.79345703125,557.0979614257812,-1,-1,1,-1,-1,-1
5289,164,1034.071044921875,635.527587890625,-1,-1,1,-1,-1,-1
5291,163,1211.47021484375,543.2001953125,-1,-1,1,-1,-1,-1
5292,163,1197.5550537109375,542.8406982421875,-1,-1,1,-1,-1,-1
5294,163,1183.134521484375,535.9655151367188,-1,-1,1,-1,-1,-1
5319,164,593.9381103515625,543.0302734375,-1,-1,1,-1,-1,-1
5320,164,565.6758422851562,543.088134765625,-1,-1,1,-1,-1,-1
5321,164,529.970947265625,543.1043090820312,-1,-1,1,-1,-1,-1
5322,164,515.85400390625,543.1668090820312,-1,-1,1,-1,-1,-1
5323,164,487.52325439453125,550.189697265625,-1,-1,1,-1,-1,-1
5324,164,466.21978759765625,550.2455444335938,-1,-1,1,-1,-1,-1
5325,164,444.82073974609375,550.2542114257812,-1,-1,1,-1,-1,-1
5330,166,1574.14892578125,272.9700927734375,-1,-1,1,-1,-1,-1
5402,168,572.394287109375,656.70556640625,-1,-1,1,-1,-1,-1
5405,167,629.1116943359375,628.3197021484375,-1,-1,1,-1,-1,-1
5414,169,1687.938232421875,258.87359619140625,-1,-1,1,-1,-1,-1
5415,167,479.810302734375,628.310302734375,-1,-1,1,-1,-1,-1
5424,170,1411.3349609375,443.2347412109375,-1,-1,1,-1,-1,-1
5445,169,1183.23876953125,294.4842529296875,-1,-1,1,-1,-1,-1
5446,169,1169.10498046875,294.30023193359375,-1,-1,1,-1,-1,-1
