45,1,230.6952667236328,485.50482177734375,-1,-1,1,-1,-1,-1
46,1,259.097412109375,485.6204528808594,-1,-1,1,-1,-1,-1
47,1,294.57830810546875,485.7503662109375,-1,-1,1,-1,-1,-1
48,1,322.98040771484375,485.7810974121094,-1,-1,1,-1,-1,-1
49,1,351.356201171875,485.70526123046875,-1,-1,1,-1,-1,-1
50,1,386.93194580078125,492.81744384765625,-1,-1,1,-1,-1,-1
51,1,415.37896728515625,492.87359619140625,-1,-1,1,-1,-1,-1
52,1,450.8614501953125,492.857177734375,-1,-1,1,-1,-1,-1
53,1,472.200439453125,500.0018310546875,-1,-1,1,-1,-1,-1
54,1,500.6124267578125,499.911865234375,-1,-1,1,-1,-1,-1
55,1,529.1845703125,507.0556945800781,-1,-1,1,-1,-1,-1
56,1,550.4359130859375,514.0729370117188,-1,-1,1,-1,-1,-1
57,1,571.7221069335938,521.171142578125,-1,-1,1,-1,-1,-1
58,1,585.9195556640625,528.310791015625,-1,-1,1,-1,-1,-1
59,1,614.3776245117188,535.3026123046875,-1,-1,1,-1,-1,-1
60,1,628.6369018554688,535.3167724609375,-1,-1,1,-1,-1,-1
61,1,642.6439208984375,542.5570068359375,-1,-1,1,-1,-1,-1
62,1,656.9362182617188,542.5108642578125,-1,-1,1,-1,-1,-1
63,1,671.177001953125,549.54638671875,-1,-1,1,-1,-1,-1
64,1,685.3895874023438,556.7438354492188,-1,-1,1,-1,-1,-1
65,1,699.5848388671875,563.8662719726562,-1,-1,1,-1,-1,-1
66,1,713.9156494140625,563.730224609375,-1,-1,1,-1,-1,-1
67,1,728.037841796875,570.9783325195312,-1,-1,1,-1,-1,-1
68,1,742.1009521484375,570.9158935546875,-1,-1,1,-1,-1,-1
69,1,763.5563354492188,578.185546875,-1,-1,1,-1,-1,-1
70,1,777.6854248046875,578.18896484375,-1,-1,1,-1,-1,-1
71,1,791.8148193359375,578.06640625,-1,-1,1,-1,-1,-1
72,1,813.0623779296875,578.0921630859375,-1,-1,1,-1,-1,-1
73,1,827.4141235351562,585.1075439453125,-1,-1,1,-1,-1,-1
74,1,848.623291015625,585.0533447265625,-1,-1,1,-1,-1,-1
75,1,870.016357421875,592.2328491210938,-1,-1,1,-1,-1,-1
76,1,891.3168334960938,592.3052978515625,-1,-1,1,-1,-1,-1
77,1,912.7522583007812,599.591552734375,-1,-1,1,-1,-1,-1
78,1,934.0279541015625,599.5054931640625,-1,-1,1,-1,-1,-1
79,1,955.1846923828125,592.322021484375,-1,-1,1,-1,-1,-1
80,1,983.802001953125,599.6414184570312,-1,-1,1,-1,-1,-1
81,1,1012.079345703125,592.282470703125,-1,-1,1,-1,-1,-1
82,1,1040.471923828125,592.3331298828125,-1,-1,1,-1,-1,-1
83,1,1068.972412109375,592.2756958007812,-1,-1,1,-1,-1,-1
84,1,1097.32275390625,599.4542236328125,-1,-1,1,-1,-1,-1
162,2,550.7618408203125,791.6982421875,-1,-1,1,-1,-1,-1
167,2,749.891845703125,799.0003662109375,-1,-1,1,-1,-1,-1
177,2,1133.4835205078125,806.0228271484375,-1,-1,1,-1,-1,-1
178,2,1176.191650390625,805.8492431640625,-1,-1,1,-1,-1,-1
179,2,1211.82275390625,805.764404296875,-1,-1,1,-1,-1,-1
180,2,1261.37841796875,805.6136474609375,-1,-1,1,-1,-1,-1
181,2,1303.9993896484375,805.7771606445312,-1,-1,1,-1,-1,-1
182,2,1346.68017578125,805.9718017578125,-1,-1,1,-1,-1,-1
183,2,1389.289306640625,798.841064453125,-1,-1,1,-1,-1,-1
184,2,1431.87890625,806.1347045898438,-1,-1,1,-1,-1,-1
185,2,1474.668701171875,799.009521484375,-1,-1,1,-1,-1,-1
185,3,124.26107788085938,556.53173828125,-1,-1,1,-1,-1,-1
186,2,1517.2518310546875,799.4829711914062,-1,-1,1,-1,-1,-1
186,3,159.642578125,556.532470703125,-1,-1,1,-1,-1,-1
187,2,1566.824951171875,792.1497802734375,-1,-1,1,-1,-1,-1
187,3,181.094970703125,556.4378051757812,-1,-1,1,-1,-1,-1
188,2,1609.435546875,799.36474609375,-1,-1,1,-1,-1,-1
188,3,209.60211181640625,556.3970947265625,-1,-1,1,-1,-1,-1
189,3,237.88455200195312,556.4630126953125,-1,-1,1,-1,-1,-1
190,2,1715.372314453125,806.6787109375,-1,-1,1,-1,-1,-1
190,3,266.06597900390625,556.5911254882812,-1,-1,1,-1,-1,-1
191,3,287.51495361328125,556.6871948242188,-1,-1,1,-1,-1,-1
192,3,315.8653564453125,556.5496826171875,-1,-1,1,-1,-1,-1
193,3,330.3019714355469,563.76416015625,-1,-1,1,-1,-1,-1
194,3,358.58697509765625,563.6409912109375,-1,-1,1,-1,-1,-1
195,3,379.94036865234375,556.5507202148438,-1,-1,1,-1,-1,-1
196,3,401.41778564453125,556.5469970703125,-1,-1,1,-1,-1,-1
197,3,422.54608154296875,556.641357421875,-1,-1,1,-1,-1,-1
198,3,443.81951904296875,549.453369140625,-1,-1,1,-1,-1,-1
199,3,465.19720458984375,549.5929565429688,-1,-1,1,-1,-1,-1
200,3,486.4090881347656,542.5043334960938,-1,-1,1,-1,-1,-1
201,3,507.8674011230469,542.3350830078125,-1,-1,1,-1,-1,-1
202,3,529.082275390625,535.1864013671875,-1,-1,1,-1,-1,-1
203,3,543.2745971679688,535.357177734375,-1,-1,1,-1,-1,-1
204,3,557.542724609375,535.509521484375,-1,-1,1,-1,-1,-1
205,3,578.7566528320312,528.2029418945312,-1,-1,1,-1,-1,-1
206,3,600.1139526367188,528.12841796875,-1,-1,1,-1,-1,-1
207,3,614.28125,520.9575805664062,-1,-1,1,-1,-1,-1
208,3,628.590576171875,521.15478515625,-1,-1,1,-1,-1,-1
209,3,635.697021484375,521.2113647460938,-1,-1,1,-1,-1,-1
210,3,649.9024047851562,521.1343994140625,-1,-1,1,-1,-1,-1
211,3,657.1461181640625,513.890625,-1,-1,1,-1,-1,-1
212,3,671.1834106445312,513.7838134765625,-1,-1,1,-1,-1,-1
213,3,671.2374267578125,521.1317138671875,-1,-1,1,-1,-1,-1
214,3,685.5438842773438,513.7892456054688,-1,-1,1,-1,-1,-1
215,3,685.3369140625,521.0293579101562,-1,-1,1,-1,-1,-1
216,3,692.4796752929688,521.1683349609375,-1,-1,1,-1,-1,-1
217,3,706.6512451171875,521.066162109375,-1,-1,1,-1,-1,-1
218,3,713.890869140625,513.78076171875,-1,-1,1,-1,-1,-1
219,3,713.6771240234375,521.0160522460938,-1,-1,1,-1,-1,-1
219,4,436.4609375,400.48260498046875,-1,-1,1,-1,-1,-1
220,3,720.89599609375,520.9420166015625,-1,-1,1,-1,-1,-1
220,4,443.655029296875,400.41259765625,-1,-1,1,-1,-1,-1
221,3,727.9102783203125,521.0349731445312,-1,-1,1,-1,-1,-1
222,3,728.0457763671875,520.9415283203125,-1,-1,1,-1,-1,-1
223,3,735.1768188476562,520.9497680664062,-1,-1,1,-1,-1,-1
224,3,742.147705078125,520.9444580078125,-1,-1,1,-1,-1,-1
224,4,457.9183044433594,386.093017578125,-1,-1,1,-1,-1,-1
225,3,749.23779296875,521.0177001953125,-1,-1,1,-1,-1,-1
226,3,756.3501586914062,513.8359985351562,-1,-1,1,-1,-1,-1
227,3,763.462158203125,513.7525634765625,-1,-1,1,-1,-1,-1
228,3,777.5917358398438,513.8818359375,-1,-1,1,-1,-1,-1
229,3,784.826416015625,513.8326416015625,-1,-1,1,-1,-1,-1
230,3,791.91357421875,513.83447265625,-1,-1,1,-1,-1,-1
231,3,806.1378173828125,513.8797607421875,-1,-1,1,-1,-1,-1
232,3,813.1513061523438,521.1697998046875,-1,-1,1,-1,-1,-1
233,3,820.2283935546875,521.017333984375,-1,-1,1,-1,-1,-1
233,4,536.2583618164062,371.5870666503906,-1,-1,1,-1,-1,-1
234,3,834.5948486328125,520.8172607421875,-1,-1,1,-1,-1,-1
235,3,841.7083740234375,527.9912109375,-1,-1,1,-1,-1,-1
236,3,855.841064453125,528.0922241210938,-1,-1,1,-1,-1,-1
237,3,870.07470703125,528.0279541015625,-1,-1,1,-1,-1,-1
238,3,884.2923583984375,535.1658935546875,-1,-1,1,-1,-1,-1
238,4,614.2269287109375,378.8330078125,-1,-1,1,-1,-1,-1
239,3,898.5847778320312,535.185791015625,-1,-1,1,-1,-1,-1
240,3,912.7379150390625,542.2413940429688,-1,-1,1,-1,-1,-1
240,4,649.5862426757812,386.146484375,-1,-1,1,-1,-1,-1
241,3,927.1409912109375,542.3381958007812,-1,-1,1,-1,-1,-1
242,3,941.2821044921875,542.1865234375,-1,-1,1,-1,-1,-1
243,3,955.4205322265625,542.3589477539062,-1,-1,1,-1,-1,-1
244,3,962.63427734375,542.3296508789062,-1,-1,1,-1,-1,-1
245,3,976.7054443359375,542.2836303710938,-1,-1,1,-1,-1,-1
246,3,983.7214965820312,542.3570556640625,-1,-1,1,-1,-1,-1
247,3,991.0897216796875,549.2780151367188,-1,-1,1,-1,-1,-1
248,3,998.1527099609375,549.2859497070312,-1,-1,1,-1,-1,-1
249,3,1012.3641967773438,556.3524169921875,-1,-1,1,-1,-1,-1
250,3,1019.3285522460938,556.4344482421875,-1,-1,1,-1,-1,-1
251,3,1033.501220703125,563.557861328125,-1,-1,1,-1,-1,-1
252,3,1040.755615234375,563.4392700195312,-1,-1,1,-1,-1,-1
253,3,1061.99853515625,556.4591064453125,-1,-1,1,-1,-1,-1
254,3,1076.239501953125,556.5025634765625,-1,-1,1,-1,-1,-1
254,4,848.613037109375,372.11578369140625,-1,-1,1,-1,-1,-1
255,3,1090.494873046875,549.4027709960938,-1,-1,1,-1,-1,-1
256,3,1104.69921875,549.408447265625,-1,-1,1,-1,-1,-1
257,3,1118.831787109375,542.2556762695312,-1,-1,1,-1,-1,-1
258,3,1133.177490234375,542.22265625,-1,-1,1,-1,-1,-1
258,4,919.6468505859375,350.9573669433594,-1,-1,1,-1,-1,-1
259,3,1140.2425537109375,535.02392578125,-1,-1,1,-1,-1,-1
259,4,933.6903076171875,343.978515625,-1,-1,1,-1,-1,-1
260,3,1154.386474609375,527.9732055664062,-1,-1,1,-1,-1,-1
260,4,940.9739379882812,336.52587890625,-1,-1,1,-1,-1,-1
261,3,1161.46728515625,528.031005859375,-1,-1,1,-1,-1,-1
261,4,955.0685424804688,336.7152099609375,-1,-1,1,-1,-1,-1
262,3,1161.49169921875,528.1043090820312,-1,-1,1,-1,-1,-1
262,4,962.3204956054688,329.72705078125,-1,-1,1,-1,-1,-1
263,3,1168.74609375,528.1556396484375,-1,-1,1,-1,-1,-1
263,4,976.3480224609375,329.9105224609375,-1,-1,1,-1,-1,-1
264,3,1175.765380859375,528.0963134765625,-1,-1,1,-1,-1,-1
265,3,1175.566650390625,528.052734375,-1,-1,1,-1,-1,-1
266,3,1182.737548828125,527.96826171875,-1,-1,1,-1,-1,-1
266,4,1011.6958618164062,322.81201171875,-1,-1,1,-1,-1,-1
267,3,1189.894287109375,528.0408325195312,-1,-1,1,-1,-1,-1
268,3,1197.229248046875,528.0709228515625,-1,-1,1,-1,-1,-1
268,4,1033.162109375,322.83251953125,-1,-1,1,-1,-1,-1
269,3,1204.2734375,528.055419921875,-1,-1,1,-1,-1,-1
270,3,1204.26806640625,535.3038330078125,-1,-1,1,-1,-1,-1
270,4,1054.134521484375,322.75726318359375,-1,-1,1,-1,-1,-1
271,3,1211.41845703125,528.0194091796875,-1,-1,1,-1,-1,-1
271,4,1068.542236328125,322.9022216796875,-1,-1,1,-1,-1,-1
272,3,1211.311767578125,528.0045166015625,-1,-1,1,-1,-1,-1
272,4,1089.741943359375,315.9910888671875,-1,-1,1,-1,-1,-1
273,3,1218.41796875,528.126953125,-1,-1,1,-1,-1,-1
273,4,1096.900146484375,322.9197692871094,-1,-1,1,-1,-1,-1
274,3,1225.569091796875,528.1492309570312,-1,-1,1,-1,-1,-1
275,3,1232.561279296875,528.326416015625,-1,-1,1,-1,-1,-1
276,3,1232.63720703125,528.25732421875,-1,-1,1,-1,-1,-1
277,3,1239.732421875,528.2507934570312,-1,-1,1,-1,-1,-1
278,3,1246.80908203125,528.2376708984375,-1,-1,1,-1,-1,-1
279,3,1260.9658203125,528.3060302734375,-1,-1,1,-1,-1,-1
280,3,1268.0986328125,528.4154052734375,-1,-1,1,-1,-1,-1
281,3,1282.4178466796875,520.9873657226562,-1,-1,1,-1,-1,-1
282,3,1296.542236328125,521.1131591796875,-1,-1,1,-1,-1,-1
283,3,1317.89404296875,513.9564208984375,-1,-1,1,-1,-1,-1
284,3,1339.246337890625,506.709716796875,-1,-1,1,-1,-1,-1
285,3,1360.60498046875,499.8194580078125,-1,-1,1,-1,-1,-1
286,3,1381.906005859375,492.686279296875,-1,-1,1,-1,-1,-1
286,5,358.5447998046875,1018.7271728515625,-1,-1,1,-1,-1,-1
287,3,1410.236572265625,485.66619873046875,-1,-1,1,-1,-1,-1
287,5,408.4737243652344,1004.5198974609375,-1,-1,1,-1,-1,-1
288,3,1431.51123046875,478.29656982421875,-1,-1,1,-1,-1,-1
288,5,457.846923828125,997.5198974609375,-1,-1,1,-1,-1,-1
289,3,1459.9298095703125,471.19964599609375,-1,-1,1,-1,-1,-1
289,5,500.62738037109375,983.1197509765625,-1,-1,1,-1,-1,-1
290,3,1488.22216796875,471.35211181640625,-1,-1,1,-1,-1,-1
290,5,550.407470703125,976.1941528320312,-1,-1,1,-1,-1,-1
291,3,1516.591796875,464.23406982421875,-1,-1,1,-1,-1,-1
291,5,600.280517578125,961.8652954101562,-1,-1,1,-1,-1,-1
292,3,1552.166748046875,457.1092529296875,-1,-1,1,-1,-1,-1
292,5,656.9736328125,954.8199462890625,-1,-1,1,-1,-1,-1
293,3,1587.849853515625,449.9393615722656,-1,-1,1,-1,-1,-1
293,5,692.6848754882812,947.630126953125,-1,-1,1,-1,-1,-1
294,3,1616.2388916015625,442.87640380859375,-1,-1,1,-1,-1,-1
294,5,749.3828125,940.6246337890625,-1,-1,1,-1,-1,-1
295,3,1651.7325439453125,435.908935546875,-1,-1,1,-1,-1,-1
295,5,799.0404663085938,933.4791259765625,-1,-1,1,-1,-1,-1
295,6,685.5400390625,805.3631591796875,-1,-1,1,-1,-1,-1
296,3,1687.502197265625,428.6218566894531,-1,-1,1,-1,-1,-1
296,5,848.8533935546875,926.351806640625,-1,-1,1,-1,-1,-1
296,6,713.8526000976562,798.2352905273438,-1,-1,1,-1,-1,-1
297,3,1722.637451171875,428.78240966796875,-1,-1,1,-1,-1,-1
297,5,891.5125732421875,919.0076293945312,-1,-1,1,-1,-1,-1
297,6,749.552978515625,798.411865234375,-1,-1,1,-1,-1,-1
298,3,1758.3299560546875,421.4286193847656,-1,-1,1,-1,-1,-1
298,5,933.9841918945312,912.0081787109375,-1,-1,1,-1,-1,-1
298,6,784.8912353515625,791.255615234375,-1,-1,1,-1,-1,-1
299,3,1800.91943359375,414.4452819824219,-1,-1,1,-1,-1,-1
299,5,991.0208740234375,904.81640625,-1,-1,1,-1,-1,-1
299,6,820.2908325195312,784.26318359375,-1,-1,1,-1,-1,-1
300,3,1843.2630615234375,407.42529296875,-1,-1,1,-1,-1,-1
300,5,1040.7066650390625,905.058837890625,-1,-1,1,-1,-1,-1
300,6,855.8963623046875,784.1826171875,-1,-1,1,-1,-1,-1
300,7,145.28953552246094,762.6953125,-1,-1,1,-1,-1,-1
301,3,1865.08740234375,407.7388916015625,-1,-1,1,-1,-1,-1
301,6,898.3245849609375,777.233154296875,-1,-1,1,-1,-1,-1
301,7,194.91836547851562,755.493896484375,-1,-1,1,-1,-1,-1
301,8,237.77415466308594,898.0380859375,-1,-1,1,-1,-1,-1
302,5,1147.22021484375,897.93798828125,-1,-1,1,-1,-1,-1
302,6,920.035400390625,770.0421142578125,-1,-1,1,-1,-1,-1
302,7,237.60845947265625,748.3343505859375,-1,-1,1,-1,-1,-1
302,8,287.932861328125,883.2635498046875,-1,-1,1,-1,-1,-1
303,5,1196.94091796875,890.6925048828125,-1,-1,1,-1,-1,-1
303,6,962.6041259765625,770.1307373046875,-1,-1,1,-1,-1,-1
303,7,280.053466796875,741.2489013671875,-1,-1,1,-1,-1,-1
303,8,337.6551818847656,876.26708984375,-1,-1,1,-1,-1,-1
303,9,74.33497619628906,677.39111328125,-1,-1,1,-1,-1,-1
304,5,1246.641845703125,883.6016235351562,-1,-1,1,-1,-1,-1
304,6,997.8366088867188,763.0474243164062,-1,-1,1,-1,-1,-1
304,7,322.9989929199219,741.3023681640625,-1,-1,1,-1,-1,-1
304,8,387.02752685546875,876.754638671875,-1,-1,1,-1,-1,-1
304,9,117.17549896240234,670.5374755859375,-1,-1,1,-1,-1,-1
305,5,1303.456787109375,883.6592407226562,-1,-1,1,-1,-1,-1
305,6,1033.4910888671875,755.91748046875,-1,-1,1,-1,-1,-1
305,7,365.610107421875,734.1961669921875,-1,-1,1,-1,-1,-1
305,8,429.90753173828125,869.3525390625,-1,-1,1,-1,-1,-1
305,9,152.7860107421875,662.94921875,-1,-1,1,-1,-1,-1
306,5,1360.3076171875,876.545166015625,-1,-1,1,-1,-1,-1
306,6,1069.091552734375,756.026123046875,-1,-1,1,-1,-1,-1
306,7,408.25189208984375,726.9883422851562,-1,-1,1,-1,-1,-1
306,9,188.165771484375,662.8702392578125,-1,-1,1,-1,-1,-1
307,6,1097.2867431640625,748.96435546875,-1,-1,1,-1,-1,-1
307,7,450.7726745605469,727.08642578125,-1,-1,1,-1,-1,-1
307,8,522.0126953125,862.3654174804688,-1,-1,1,-1,-1,-1
307,9,223.84979248046875,655.690185546875,-1,-1,1,-1,-1,-1
308,5,1466.8916015625,869.7451782226562,-1,-1,1,-1,-1,-1
308,6,1132.8040771484375,741.6822509765625,-1,-1,1,-1,-1,-1
308,7,493.2747802734375,719.941162109375,-1,-1,1,-1,-1,-1
308,8,564.72705078125,855.1366577148438,-1,-1,1,-1,-1,-1
308,9,259.2406005859375,655.7775268554688,-1,-1,1,-1,-1,-1
309,5,1516.6910400390625,862.1444091796875,-1,-1,1,-1,-1,-1
309,6,1168.2957763671875,741.8423461914062,-1,-1,1,-1,-1,-1
309,7,528.9146728515625,719.881591796875,-1,-1,1,-1,-1,-1
309,8,607.2227172851562,855.335205078125,-1,-1,1,-1,-1,-1
309,9,287.6352844238281,648.7090454101562,-1,-1,1,-1,-1,-1
310,5,1573.671142578125,861.9818115234375,-1,-1,1,-1,-1,-1
310,6,1203.896240234375,741.8838500976562,-1,-1,1,-1,-1,-1
310,7,557.3631591796875,712.8151245117188,-1,-1,1,-1,-1,-1
310,8,650.1278686523438,847.918212890625,-1,-1,1,-1,-1,-1
310,9,316.04180908203125,648.662353515625,-1,-1,1,-1,-1,-1
311,5,1623.290771484375,862.514892578125,-1,-1,1,-1,-1,-1
311,6,1232.1898193359375,734.6065673828125,-1,-1,1,-1,-1,-1
311,7,585.789306640625,705.8648071289062,-1,-1,1,-1,-1,-1
311,8,685.457275390625,847.9744262695312,-1,-1,1,-1,-1,-1
311,9,337.38458251953125,648.6470947265625,-1,-1,1,-1,-1,-1
312,5,1680.2911376953125,855.2966918945312,-1,-1,1,-1,-1,-1
312,6,1260.713623046875,734.8768310546875,-1,-1,1,-1,-1,-1
312,7,614.3468017578125,705.8074951171875,-1,-1,1,-1,-1,-1
312,8,727.8720703125,848.0568237304688,-1,-1,1,-1,-1,-1
312,9,365.73248291015625,641.5538330078125,-1,-1,1,-1,-1,-1
313,6,1282.021240234375,727.5579833984375,-1,-1,1,-1,-1,-1
313,7,649.6817626953125,698.71923828125,-1,-1,1,-1,-1,-1
313,8,763.5020751953125,840.8816528320312,-1,-1,1,-1,-1,-1
313,9,372.8138427734375,634.492431640625,-1,-1,1,-1,-1,-1
314,6,1303.248046875,720.4779052734375,-1,-1,1,-1,-1,-1
314,7,677.9459228515625,698.6749267578125,-1,-1,1,-1,-1,-1
314,8,792.196044921875,833.6765747070312,-1,-1,1,-1,-1,-1
314,9,386.9775390625,627.3031616210938,-1,-1,1,-1,-1,-1
315,6,1324.869873046875,720.607421875,-1,-1,1,-1,-1,-1
315,8,820.0787353515625,833.8916015625,-1,-1,1,-1,-1,-1
315,9,401.3074951171875,627.4456787109375,-1,-1,1,-1,-1,-1
316,5,1850.99560546875,833.7313232421875,-1,-1,1,-1,-1,-1
316,6,1339.036865234375,713.3914794921875,-1,-1,1,-1,-1,-1
316,7,706.5787353515625,684.5299072265625,-1,-1,1,-1,-1,-1
316,8,848.9160766601562,826.6071166992188,-1,-1,1,-1,-1,-1
316,9,408.14678955078125,620.22998046875,-1,-1,1,-1,-1,-1
317,6,1353.1568603515625,706.2647705078125,-1,-1,1,-1,-1,-1
317,7,734.8713989257812,677.4100341796875,-1,-1,1,-1,-1,-1
317,8,877.4082641601562,819.46337890625,-1,-1,1,-1,-1,-1
317,9,415.39691162109375,613.2322998046875,-1,-1,1,-1,-1,-1
318,6,1367.53564453125,699.1175537109375,-1,-1,1,-1,-1,-1
318,8,905.663330078125,819.375732421875,-1,-1,1,-1,-1,-1
318,9,429.62396240234375,613.2277221679688,-1,-1,1,-1,-1,-1
319,6,1381.735107421875,699.3460693359375,-1,-1,1,-1,-1,-1
319,7,799.106201171875,670.3735961914062,-1,-1,1,-1,-1,-1
319,8,947.9017333984375,819.5277099609375,-1,-1,1,-1,-1,-1
320,6,1403.20361328125,699.0441284179688,-1,-1,1,-1,-1,-1
320,7,820.371826171875,670.336181640625,-1,-1,1,-1,-1,-1
320,8,983.8193359375,812.18896484375,-1,-1,1,-1,-1,-1
320,9,422.35626220703125,592.2786254882812,-1,-1,1,-1,-1,-1
321,6,1410.1605224609375,691.8740844726562,-1,-1,1,-1,-1,-1
321,7,841.6121826171875,663.2699584960938,-1,-1,1,-1,-1,-1
321,8,1011.8969116210938,812.4779052734375,-1,-1,1,-1,-1,-1
321,9,465.137939453125,599.1064453125,-1,-1,1,-1,-1,-1
322,6,1424.312744140625,691.968017578125,-1,-1,1,-1,-1,-1
322,7,862.832763671875,655.9545288085938,-1,-1,1,-1,-1,-1
322,8,1040.65966796875,805.138427734375,-1,-1,1,-1,-1,-1
323,6,1431.402099609375,684.72509765625,-1,-1,1,-1,-1,-1
323,7,884.0853881835938,656.041015625,-1,-1,1,-1,-1,-1
323,8,1069.2657470703125,797.9951782226562,-1,-1,1,-1,-1,-1
323,9,479.3081359863281,584.84814453125,-1,-1,1,-1,-1,-1
324,6,1424.432861328125,677.7485961914062,-1,-1,1,-1,-1,-1
324,7,898.5291748046875,648.8975830078125,-1,-1,1,-1,-1,-1
324,8,1090.22998046875,798.423095703125,-1,-1,1,-1,-1,-1
324,9,493.4276123046875,577.8121337890625,-1,-1,1,-1,-1,-1
325,6,1431.4444580078125,670.7685546875,-1,-1,1,-1,-1,-1
325,7,912.49267578125,649.0137939453125,-1,-1,1,-1,-1,-1
325,8,1118.734619140625,791.365966796875,-1,-1,1,-1,-1,-1
325,9,500.5401611328125,577.948974609375,-1,-1,1,-1,-1,-1
326,6,1438.552001953125,663.77587890625,-1,-1,1,-1,-1,-1
326,8,1140.186279296875,784.03515625,-1,-1,1,-1,-1,-1
326,9,514.830810546875,570.7290649414062,-1,-1,1,-1,-1,-1
326,10,408.4349670410156,514.0118408203125,-1,-1,1,-1,-1,-1
327,6,1438.5068359375,656.5726928710938,-1,-1,1,-1,-1,-1
327,8,1168.555419921875,776.8491821289062,-1,-1,1,-1,-1,-1
327,9,521.7609252929688,563.6434326171875,-1,-1,1,-1,-1,-1
327,10,422.57879638671875,506.96893310546875,-1,-1,1,-1,-1,-1
328,6,1438.692138671875,649.3428955078125,-1,-1,1,-1,-1,-1
328,8,1189.6640625,769.9182739257812,-1,-1,1,-1,-1,-1
328,9,536.1129760742188,556.4095458984375,-1,-1,1,-1,-1,-1
328,10,429.78076171875,499.89569091796875,-1,-1,1,-1,-1,-1
329,6,1445.7220458984375,642.458251953125,-1,-1,1,-1,-1,-1
329,8,1211.218017578125,755.7548828125,-1,-1,1,-1,-1,-1
329,9,543.220947265625,549.1884765625,-1,-1,1,-1,-1,-1
330,7,998.0885009765625,613.2279663085938,-1,-1,1,-1,-1,-1
330,8,1225.308349609375,748.6563110351562,-1,-1,1,-1,-1,-1
330,10,444.22174072265625,478.349609375,-1,-1,1,-1,-1,-1
331,7,1019.4178466796875,606.119140625,-1,-1,1,-1,-1,-1
331,8,1239.7376708984375,734.2171630859375,-1,-1,1,-1,-1,-1
331,10,451.1902770996094,471.3711853027344,-1,-1,1,-1,-1,-1
332,7,1033.711181640625,599.0518188476562,-1,-1,1,-1,-1,-1
332,8,1260.8955078125,727.3790283203125,-1,-1,1,-1,-1,-1
332,10,450.99029541015625,464.2088623046875,-1,-1,1,-1,-1,-1
333,7,1047.792236328125,584.948974609375,-1,-1,1,-1,-1,-1
333,8,1275.2506103515625,712.9248046875,-1,-1,1,-1,-1,-1
333,10,465.1090087890625,457.06463623046875,-1,-1,1,-1,-1,-1
334,7,1069.171630859375,584.6663208007812,-1,-1,1,-1,-1,-1
334,8,1296.423095703125,713.3175048828125,-1,-1,1,-1,-1,-1
334,10,472.25994873046875,449.92095947265625,-1,-1,1,-1,-1,-1
335,7,1083.38427734375,577.6531372070312,-1,-1,1,-1,-1,-1
335,8,1310.7979736328125,705.9202880859375,-1,-1,1,-1,-1,-1
335,10,493.5597839355469,450.0581359863281,-1,-1,1,-1,-1,-1
336,7,1111.9156494140625,577.7543334960938,-1,-1,1,-1,-1,-1
336,8,1331.9149169921875,706.0606689453125,-1,-1,1,-1,-1,-1
336,9,642.844482421875,513.811279296875,-1,-1,1,-1,-1,-1
336,10,514.8125,442.94281005859375,-1,-1,1,-1,-1,-1
337,7,1140.4344482421875,584.8524780273438,-1,-1,1,-1,-1,-1
337,8,1360.2633056640625,706.1133422851562,-1,-1,1,-1,-1,-1
337,9,671.1024169921875,506.7940673828125,-1,-1,1,-1,-1,-1
337,10,536.0762939453125,442.77496337890625,-1,-1,1,-1,-1,-1
338,7,1168.579345703125,584.870849609375,-1,-1,1,-1,-1,-1
338,8,1388.857421875,706.0673217773438,-1,-1,1,-1,-1,-1
338,10,571.5261840820312,442.8615417480469,-1,-1,1,-1,-1,-1
339,7,1197.0087890625,584.7359619140625,-1,-1,1,-1,-1,-1
339,8,1417.339111328125,706.00927734375,-1,-1,1,-1,-1,-1
339,10,599.8887939453125,442.7694396972656,-1,-1,1,-1,-1,-1
340,7,1232.623291015625,584.8709716796875,-1,-1,1,-1,-1,-1
340,8,1452.8760986328125,705.9835205078125,-1,-1,1,-1,-1,-1
340,10,635.488037109375,442.88092041015625,-1,-1,1,-1,-1,-1
341,7,1268.00390625,584.8707275390625,-1,-1,1,-1,-1,-1
341,8,1488.4764404296875,705.982666015625,-1,-1,1,-1,-1,-1
341,9,892.1985473632812,535.2754516601562,-1,-1,1,-1,-1,-1
341,10,664.220703125,442.7559814453125,-1,-1,1,-1,-1,-1
342,7,1296.420166015625,591.8870239257812,-1,-1,1,-1,-1,-1
342,10,699.6085205078125,442.77130126953125,-1,-1,1,-1,-1,-1
343,7,1331.8233642578125,599.0694580078125,-1,-1,1,-1,-1,-1
343,10,735.20361328125,449.875244140625,-1,-1,1,-1,-1,-1
344,7,1367.43505859375,606.1334228515625,-1,-1,1,-1,-1,-1
344,10,777.8157958984375,457.02264404296875,-1,-1,1,-1,-1,-1
345,7,1409.834228515625,606.2467041015625,-1,-1,1,-1,-1,-1
345,8,1637.745361328125,719.9354248046875,-1,-1,1,-1,-1,-1
345,10,827.39306640625,464.2535400390625,-1,-1,1,-1,-1,-1
346,7,1466.9901123046875,641.9758911132812,-1,-1,1,-1,-1,-1
346,8,1687.3558349609375,727.1788330078125,-1,-1,1,-1,-1,-1
346,10,877.2998046875,464.2261962890625,-1,-1,1,-1,-1,-1
347,7,1509.4619140625,620.5232543945312,-1,-1,1,-1,-1,-1
347,10,920.0137939453125,478.37481689453125,-1,-1,1,-1,-1,-1
348,7,1559.135498046875,627.6932373046875,-1,-1,1,-1,-1,-1
348,10,969.714599609375,478.3402099609375,-1,-1,1,-1,-1,-1
349,7,1616.038330078125,627.61767578125,-1,-1,1,-1,-1,-1
350,7,1672.8045654296875,634.7933349609375,-1,-1,1,-1,-1,-1
350,10,1069.135986328125,492.63006591796875,-1,-1,1,-1,-1,-1
351,7,1729.815673828125,641.9805908203125,-1,-1,1,-1,-1,-1
351,10,1111.81884765625,492.686767578125,-1,-1,1,-1,-1,-1
352,7,1786.66162109375,642.096435546875,-1,-1,1,-1,-1,-1
352,9,1296.5233154296875,556.18701171875,-1,-1,1,-1,-1,-1
352,10,1161.5308837890625,492.623779296875,-1,-1,1,-1,-1,-1
353,7,1843.4530029296875,649.1944580078125,-1,-1,1,-1,-1,-1
353,9,1346.16845703125,556.394775390625,-1,-1,1,-1,-1,-1
353,10,1211.2220458984375,492.7049560546875,-1,-1,1,-1,-1,-1
354,7,1879.2672119140625,641.80029296875,-1,-1,1,-1,-1,-1
354,10,1253.716064453125,492.70111083984375,-1,-1,1,-1,-1,-1
355,10,1374.822998046875,535.04052734375,-1,-1,1,-1,-1,-1
356,9,1495.137939453125,564.0060424804688,-1,-1,1,-1,-1,-1
356,10,1346.271240234375,492.6731262207031,-1,-1,1,-1,-1,-1
357,9,1537.84912109375,570.8803100585938,-1,-1,1,-1,-1,-1
357,10,1388.8720703125,499.72442626953125,-1,-1,1,-1,-1,-1
358,10,1438.70068359375,499.671630859375,-1,-1,1,-1,-1,-1
359,10,1481.2491455078125,506.8470153808594,-1,-1,1,-1,-1,-1
360,10,1524.10888671875,506.73382568359375,-1,-1,1,-1,-1,-1
