2,1,956.204345703125,536.1006469726562,-1,-1,1,-1,-1,-1
4,1,878.0205078125,528.8759765625,-1,-1,1,-1,-1,-1
5,1,842.49951171875,528.9750366210938,-1,-1,1,-1,-1,-1
7,1,785.64501953125,536.079833984375,-1,-1,1,-1,-1,-1
8,1,750.2731323242188,536.33984375,-1,-1,1,-1,-1,-1
9,1,721.750244140625,536.4005737304688,-1,-1,1,-1,-1,-1
12,1,601.160888671875,543.5220947265625,-1,-1,1,-1,-1,-1
13,1,551.5068359375,543.5033569335938,-1,-1,1,-1,-1,-1
14,1,501.48406982421875,543.3602905273438,-1,-1,1,-1,-1,-1
15,1,459.0404052734375,543.29638671875,-1,-1,1,-1,-1,-1
16,1,409.4769592285156,536.2356567382812,-1,-1,1,-1,-1,-1
17,1,359.6622314453125,536.3028564453125,-1,-1,1,-1,-1,-1
19,1,267.1551208496094,529.0408935546875,-1,-1,1,-1,-1,-1
20,1,224.59295654296875,528.8262939453125,-1,-1,1,-1,-1,-1
173,2,557.9457397460938,671.351318359375,-1,-1,1,-1,-1,-1
186,2,430.0113525390625,557.91748046875,-1,-1,1,-1,-1,-1
189,2,429.83343505859375,543.758544921875,-1,-1,1,-1,-1,-1
192,2,422.62518310546875,536.572021484375,-1,-1,1,-1,-1,-1
194,2,415.4622802734375,536.6084594726562,-1,-1,1,-1,-1,-1
195,2,415.8438415527344,536.27783203125,-1,-1,1,-1,-1,-1
196,2,408.540771484375,536.3987426757812,-1,-1,1,-1,-1,-1
197,2,408.60552978515625,529.211181640625,-1,-1,1,-1,-1,-1
198,2,408.57183837890625,522.1572265625,-1,-1,1,-1,-1,-1
199,2,401.36627197265625,529.2630615234375,-1,-1,1,-1,-1,-1
200,2,408.70660400390625,529.1749267578125,-1,-1,1,-1,-1,-1
201,2,401.3848571777344,536.45458984375,-1,-1,1,-1,-1,-1
201,3,1197.5296630859375,642.5947265625,-1,-1,1,-1,-1,-1
202,2,401.4400634765625,536.5358276367188,-1,-1,1,-1,-1,-1
203,2,401.62188720703125,536.3983764648438,-1,-1,1,-1,-1,-1
204,2,394.4549865722656,543.611572265625,-1,-1,1,-1,-1,-1
205,2,380.0975036621094,557.8695068359375,-1,-1,1,-1,-1,-1
206,2,380.3099670410156,550.7896728515625,-1,-1,1,-1,-1,-1
211,3,1183.069091796875,685.478515625,-1,-1,1,-1,-1,-1
212,3,1176.06787109375,685.10498046875,-1,-1,1,-1,-1,-1
214,3,1161.92041015625,692.51953125,-1,-1,1,-1,-1,-1
224,3,1090.908935546875,713.6323852539062,-1,-1,1,-1,-1,-1
225,3,1076.767822265625,720.67138671875,-1,-1,1,-1,-1,-1
226,3,1069.57568359375,713.7354736328125,-1,-1,1,-1,-1,-1
228,3,1048.1455078125,713.6844482421875,-1,-1,1,-1,-1,-1
229,3,1041.05126953125,713.679931640625,-1,-1,1,-1,-1,-1
230,3,1026.863525390625,713.7657470703125,-1,-1,1,-1,-1,-1
231,3,1019.83984375,713.8482666015625,-1,-1,1,-1,-1,-1
232,3,1012.5953979492188,706.7376098632812,-1,-1,1,-1,-1,-1
233,3,1005.659912109375,713.670166015625,-1,-1,1,-1,-1,-1
234,3,991.61181640625,713.8275146484375,-1,-1,1,-1,-1,-1
235,3,984.3488159179688,713.6522216796875,-1,-1,1,-1,-1,-1
236,3,970.1452026367188,713.6036376953125,-1,-1,1,-1,-1,-1
237,3,955.9113159179688,713.68701171875,-1,-1,1,-1,-1,-1
238,3,941.7872314453125,720.7801513671875,-1,-1,1,-1,-1,-1
239,3,927.5382080078125,727.86376953125,-1,-1,1,-1,-1,-1
240,3,913.2579345703125,727.6485595703125,-1,-1,1,-1,-1,-1
242,3,877.7708740234375,727.7431640625,-1,-1,1,-1,-1,-1
243,3,863.4605102539062,713.8676147460938,-1,-1,1,-1,-1,-1
245,3,827.8983154296875,706.6708984375,-1,-1,1,-1,-1,-1
247,3,792.322021484375,706.568603515625,-1,-1,1,-1,-1,-1
248,3,771.12109375,713.9107666015625,-1,-1,1,-1,-1,-1
249,3,749.8826904296875,713.8692016601562,-1,-1,1,-1,-1,-1
251,3,714.344970703125,713.8480224609375,-1,-1,1,-1,-1,-1
252,3,699.9288330078125,706.5858764648438,-1,-1,1,-1,-1,-1
253,3,678.84375,713.8540649414062,-1,-1,1,-1,-1,-1
254,3,657.5848388671875,713.8660888671875,-1,-1,1,-1,-1,-1
255,3,643.2540283203125,706.8128051757812,-1,-1,1,-1,-1,-1
256,3,621.998779296875,713.81396484375,-1,-1,1,-1,-1,-1
257,3,600.8272705078125,706.7366943359375,-1,-1,1,-1,-1,-1
258,3,586.3639526367188,699.6094970703125,-1,-1,1,-1,-1,-1
259,3,565.1251220703125,699.6126098632812,-1,-1,1,-1,-1,-1
357,4,707.415771484375,770.4078369140625,-1,-1,1,-1,-1,-1
360,4,629.0496826171875,770.3495483398438,-1,-1,1,-1,-1,-1
361,4,607.8561401367188,777.6199340820312,-1,-1,1,-1,-1,-1
362,4,579.53662109375,777.491943359375,-1,-1,1,-1,-1,-1
363,4,550.8922119140625,777.48388671875,-1,-1,1,-1,-1,-1
364,4,529.540283203125,784.7161865234375,-1,-1,1,-1,-1,-1
365,4,501.07574462890625,784.6558837890625,-1,-1,1,-1,-1,-1
366,4,479.88482666015625,791.9009399414062,-1,-1,1,-1,-1,-1
367,4,451.5074462890625,798.9232788085938,-1,-1,1,-1,-1,-1
368,4,422.9912414550781,806.108642578125,-1,-1,1,-1,-1,-1
369,4,387.5483703613281,805.7487182617188,-1,-1,1,-1,-1,-1
370,4,359.0035400390625,813.0310668945312,-1,-1,1,-1,-1,-1
371,4,330.6246337890625,813.0569458007812,-1,-1,1,-1,-1,-1
372,4,295.02410888671875,820.221923828125,-1,-1,1,-1,-1,-1
373,4,259.37652587890625,820.1627197265625,-1,-1,1,-1,-1,-1
374,4,223.8905029296875,827.261962890625,-1,-1,1,-1,-1,-1
375,4,181.29043579101562,826.9171142578125,-1,-1,1,-1,-1,-1
376,4,145.68679809570312,834.290283203125,-1,-1,1,-1,-1,-1
377,4,103.22669219970703,834.056396484375,-1,-1,1,-1,-1,-1
378,4,67.79369354248047,841.382080078125,-1,-1,1,-1,-1,-1
464,5,1247.421630859375,656.8426513671875,-1,-1,1,-1,-1,-1
465,5,1211.860595703125,664.015380859375,-1,-1,1,-1,-1,-1
466,5,1169.4039306640625,671.1846923828125,-1,-1,1,-1,-1,-1
467,5,1133.7259521484375,670.9775390625,-1,-1,1,-1,-1,-1
468,5,1091.1904296875,678.29345703125,-1,-1,1,-1,-1,-1
469,5,1048.5379638671875,677.9840698242188,-1,-1,1,-1,-1,-1
470,5,1005.9971923828125,678.0350952148438,-1,-1,1,-1,-1,-1
471,5,956.2554931640625,677.89306640625,-1,-1,1,-1,-1,-1
472,5,906.5817260742188,677.8443603515625,-1,-1,1,-1,-1,-1
473,5,849.8060302734375,677.7918090820312,-1,-1,1,-1,-1,-1
474,5,800.07275390625,685.3134765625,-1,-1,1,-1,-1,-1
475,5,743.09716796875,685.1187744140625,-1,-1,1,-1,-1,-1
476,5,693.3268432617188,692.1181640625,-1,-1,1,-1,-1,-1
477,5,636.508544921875,699.356689453125,-1,-1,1,-1,-1,-1
478,5,579.8224487304688,713.6962280273438,-1,-1,1,-1,-1,-1
480,5,466.1654968261719,742.487548828125,-1,-1,1,-1,-1,-1
482,5,338.18927001953125,763.6641845703125,-1,-1,1,-1,-1,-1
489,6,899.29345703125,600.015380859375,-1,-1,1,-1,-1,-1
490,6,849.689697265625,607.0093994140625,-1,-1,1,-1,-1,-1
492,6,757.144775390625,635.7191162109375,-1,-1,1,-1,-1,-1
493,6,728.437255859375,678.4288330078125,-1,-1,1,-1,-1,-1
494,6,657.7816162109375,649.7564697265625,-1,-1,1,-1,-1,-1
495,6,600.8538208007812,642.7222900390625,-1,-1,1,-1,-1,-1
496,6,551.0087890625,642.8021240234375,-1,-1,1,-1,-1,-1
497,7,1374.9775390625,798.877197265625,-1,-1,1,-1,-1,-1
498,6,437.1510009765625,650.0015869140625,-1,-1,1,-1,-1,-1
499,6,387.55914306640625,649.8799438476562,-1,-1,1,-1,-1,-1
499,7,1296.911865234375,798.8798217773438,-1,-1,1,-1,-1,-1
500,7,1254.40869140625,791.6941528320312,-1,-1,1,-1,-1,-1
501,7,1218.8372802734375,791.7987060546875,-1,-1,1,-1,-1,-1
502,7,1176.30029296875,791.57763671875,-1,-1,1,-1,-1,-1
503,7,1140.6611328125,784.5125732421875,-1,-1,1,-1,-1,-1
504,7,1105.206787109375,784.5108032226562,-1,-1,1,-1,-1,-1
505,7,1062.5587158203125,791.5570678710938,-1,-1,1,-1,-1,-1
506,7,1033.99462890625,784.5457763671875,-1,-1,1,-1,-1,-1
507,7,991.423583984375,784.4713134765625,-1,-1,1,-1,-1,-1
508,7,955.7911376953125,784.476806640625,-1,-1,1,-1,-1,-1
509,7,920.4061279296875,784.490966796875,-1,-1,1,-1,-1,-1
510,7,877.8035888671875,784.5919189453125,-1,-1,1,-1,-1,-1
511,7,835.0570068359375,784.5308227539062,-1,-1,1,-1,-1,-1
512,7,792.4930419921875,784.6912841796875,-1,-1,1,-1,-1,-1
513,7,749.886474609375,784.6484985351562,-1,-1,1,-1,-1,-1
514,7,707.26220703125,777.7542724609375,-1,-1,1,-1,-1,-1
515,7,664.583984375,777.8416137695312,-1,-1,1,-1,-1,-1
516,7,622.1142578125,784.7915649414062,-1,-1,1,-1,-1,-1
517,7,579.2626953125,784.7365112304688,-1,-1,1,-1,-1,-1
518,7,536.73828125,791.9459228515625,-1,-1,1,-1,-1,-1
519,7,494.03411865234375,799.06201171875,-1,-1,1,-1,-1,-1
520,7,451.4093017578125,798.9486083984375,-1,-1,1,-1,-1,-1
521,7,408.79412841796875,806.1619873046875,-1,-1,1,-1,-1,-1
522,7,366.16839599609375,805.9752197265625,-1,-1,1,-1,-1,-1
523,7,316.4583740234375,806.0322265625,-1,-1,1,-1,-1,-1
524,7,259.41363525390625,806.030517578125,-1,-1,1,-1,-1,-1
525,7,209.76614379882812,805.9862060546875,-1,-1,1,-1,-1,-1
526,7,159.95059204101562,806.02294921875,-1,-1,1,-1,-1,-1
527,7,110.268798828125,805.987548828125,-1,-1,1,-1,-1,-1
531,8,1865.577392578125,777.3773193359375,-1,-1,1,-1,-1,-1
535,8,1744.7001953125,770.5174560546875,-1,-1,1,-1,-1,-1
542,8,1517.27880859375,734.706787109375,-1,-1,1,-1,-1,-1
543,8,1481.72021484375,727.6698608398438,-1,-1,1,-1,-1,-1
544,8,1453.1600341796875,727.87255859375,-1,-1,1,-1,-1,-1
546,8,1389.469970703125,713.4117431640625,-1,-1,1,-1,-1,-1
548,8,1332.6619873046875,706.2567138671875,-1,-1,1,-1,-1,-1
550,8,1275.8031005859375,699.06298828125,-1,-1,1,-1,-1,-1
551,8,1247.3819580078125,699.0789794921875,-1,-1,1,-1,-1,-1
552,8,1225.934814453125,692.041015625,-1,-1,1,-1,-1,-1
553,8,1190.59130859375,692.1322631835938,-1,-1,1,-1,-1,-1
554,8,1162.07958984375,692.1943359375,-1,-1,1,-1,-1,-1
555,8,1133.671142578125,692.16015625,-1,-1,1,-1,-1,-1
556,8,1098.1551513671875,692.0178833007812,-1,-1,1,-1,-1,-1
557,8,1069.71435546875,692.1615600585938,-1,-1,1,-1,-1,-1
558,8,1034.157958984375,692.2208251953125,-1,-1,1,-1,-1,-1
559,8,991.5015258789062,692.27783203125,-1,-1,1,-1,-1,-1
559,9,1233.27880859375,486.276611328125,-1,-1,1,-1,-1,-1
560,8,941.6075439453125,692.404052734375,-1,-1,1,-1,-1,-1
560,9,1226.198486328125,486.30303955078125,-1,-1,1,-1,-1,-1
561,8,891.8070678710938,685.1456298828125,-1,-1,1,-1,-1,-1
561,9,1226.23828125,486.24267578125,-1,-1,1,-1,-1,-1
562,8,842.2110595703125,685.2322998046875,-1,-1,1,-1,-1,-1
562,9,1219.10205078125,486.0380859375,-1,-1,1,-1,-1,-1
563,8,792.60986328125,685.265625,-1,-1,1,-1,-1,-1
563,9,1218.850830078125,493.4810791015625,-1,-1,1,-1,-1,-1
564,8,735.6834716796875,692.4083251953125,-1,-1,1,-1,-1,-1
564,9,1175.9501953125,564.035400390625,-1,-1,1,-1,-1,-1
565,9,1204.7451171875,500.43963623046875,-1,-1,1,-1,-1,-1
566,9,1154.78662109375,571.1126708984375,-1,-1,1,-1,-1,-1
567,9,1197.738525390625,507.46514892578125,-1,-1,1,-1,-1,-1
568,9,1190.64306640625,514.7240600585938,-1,-1,1,-1,-1,-1
568,10,1140.484375,585.5318603515625,-1,-1,1,-1,-1,-1
569,9,1176.3055419921875,528.9754638671875,-1,-1,1,-1,-1,-1
569,10,1126.270751953125,592.590087890625,-1,-1,1,-1,-1,-1
570,9,1169.365478515625,535.8134155273438,-1,-1,1,-1,-1,-1
570,10,1111.966064453125,606.9613037109375,-1,-1,1,-1,-1,-1
570,11,1204.7200927734375,500.55938720703125,-1,-1,1,-1,-1,-1
571,9,1162.148193359375,550.0546264648438,-1,-1,1,-1,-1,-1
571,10,1090.633056640625,613.885986328125,-1,-1,1,-1,-1,-1
572,9,1140.7476806640625,564.55810546875,-1,-1,1,-1,-1,-1
572,10,1076.48388671875,628.261474609375,-1,-1,1,-1,-1,-1
573,9,1126.574951171875,578.6810302734375,-1,-1,1,-1,-1,-1
573,10,1062.2728271484375,649.7738037109375,-1,-1,1,-1,-1,-1
574,9,1112.3837890625,585.60400390625,-1,-1,1,-1,-1,-1
574,10,1033.933349609375,656.55322265625,-1,-1,1,-1,-1,-1
575,9,1091.085205078125,599.953857421875,-1,-1,1,-1,-1,-1
575,10,1012.5615234375,670.8699951171875,-1,-1,1,-1,-1,-1
575,11,1133.5380859375,557.5103149414062,-1,-1,1,-1,-1,-1
576,11,1112.465087890625,571.5955810546875,-1,-1,1,-1,-1,-1
577,9,1041.306884765625,621.2259521484375,-1,-1,1,-1,-1,-1
578,9,1012.9660034179688,628.5079345703125,-1,-1,1,-1,-1,-1
579,9,984.52490234375,642.5443725585938,-1,-1,1,-1,-1,-1
580,9,963.3497314453125,649.580810546875,-1,-1,1,-1,-1,-1
580,10,870.6114501953125,720.892578125,-1,-1,1,-1,-1,-1
580,11,1005.8721923828125,614.1243896484375,-1,-1,1,-1,-1,-1
581,9,934.908935546875,656.6777954101562,-1,-1,1,-1,-1,-1
582,9,906.517578125,663.7967529296875,-1,-1,1,-1,-1,-1
582,11,956.0771484375,628.2550048828125,-1,-1,1,-1,-1,-1
583,9,878.1143798828125,671.0029296875,-1,-1,1,-1,-1,-1
584,9,849.723876953125,671.0563354492188,-1,-1,1,-1,-1,-1
584,10,749.966552734375,741.830322265625,-1,-1,1,-1,-1,-1
585,9,821.2967529296875,678.0491333007812,-1,-1,1,-1,-1,-1
585,10,714.1931762695312,749.1851806640625,-1,-1,1,-1,-1,-1
586,9,792.85693359375,678.01953125,-1,-1,1,-1,-1,-1
587,9,764.4293212890625,685.2127685546875,-1,-1,1,-1,-1,-1
587,10,650.2891235351562,756.0601806640625,-1,-1,1,-1,-1,-1
589,9,707.6229248046875,692.0672607421875,-1,-1,1,-1,-1,-1
589,11,757.259765625,656.8460693359375,-1,-1,1,-1,-1,-1
590,9,664.914306640625,699.4993896484375,-1,-1,1,-1,-1,-1
590,10,536.775634765625,770.6076049804688,-1,-1,1,-1,-1,-1
590,11,728.8955078125,656.736083984375,-1,-1,1,-1,-1,-1
591,9,629.324951171875,699.3130493164062,-1,-1,1,-1,-1,-1
591,11,686.0780029296875,663.99072265625,-1,-1,1,-1,-1,-1
592,9,593.952880859375,706.4627075195312,-1,-1,1,-1,-1,-1
592,11,650.3458251953125,663.9620361328125,-1,-1,1,-1,-1,-1
593,9,558.4496459960938,706.220703125,-1,-1,1,-1,-1,-1
593,11,615.0377197265625,670.9007568359375,-1,-1,1,-1,-1,-1
594,9,515.5970458984375,706.423095703125,-1,-1,1,-1,-1,-1
594,11,579.3948364257812,670.648193359375,-1,-1,1,-1,-1,-1
595,9,472.89801025390625,713.3001708984375,-1,-1,1,-1,-1,-1
595,11,536.8458251953125,677.7978515625,-1,-1,1,-1,-1,-1
596,9,430.2607727050781,720.458251953125,-1,-1,1,-1,-1,-1
596,11,494.06744384765625,685.1235961914062,-1,-1,1,-1,-1,-1
597,11,451.4639587402344,685.05029296875,-1,-1,1,-1,-1,-1
598,11,408.8082580566406,691.9615478515625,-1,-1,1,-1,-1,-1
601,12,1531.15478515625,629.06982421875,-1,-1,1,-1,-1,-1
603,12,1452.892822265625,629.0416259765625,-1,-1,1,-1,-1,-1
604,12,1417.2359619140625,635.84326171875,-1,-1,1,-1,-1,-1
605,12,1367.5552978515625,635.9950561523438,-1,-1,1,-1,-1,-1
606,12,1339.1580810546875,635.958251953125,-1,-1,1,-1,-1,-1
607,12,1303.6822509765625,635.846435546875,-1,-1,1,-1,-1,-1
608,12,1268.103271484375,628.5723266601562,-1,-1,1,-1,-1,-1
609,12,1239.71630859375,635.62890625,-1,-1,1,-1,-1,-1
610,12,1204.3665771484375,614.0510864257812,-1,-1,1,-1,-1,-1
611,12,1176.068359375,614.0623779296875,-1,-1,1,-1,-1,-1
729,13,700.227294921875,542.9882202148438,-1,-1,1,-1,-1,-1
730,13,643.4258422851562,542.953125,-1,-1,1,-1,-1,-1
731,13,586.6551513671875,528.82861328125,-1,-1,1,-1,-1,-1
747,14,820.5015869140625,756.7761840820312,-1,-1,1,-1,-1,-1
749,14,749.5213623046875,756.919189453125,-1,-1,1,-1,-1,-1
750,14,720.9300537109375,763.8931884765625,-1,-1,1,-1,-1,-1
751,14,692.0107421875,771.1824951171875,-1,-1,1,-1,-1,-1
752,14,643.080078125,778.0478515625,-1,-1,1,-1,-1,-1
1026,15,1368.2509765625,493.1942138671875,-1,-1,1,-1,-1,-1
1029,15,1311.197509765625,493.42041015625,-1,-1,1,-1,-1,-1
1030,15,1289.6748046875,493.49053955078125,-1,-1,1,-1,-1,-1
1031,15,1268.47314453125,486.1143493652344,-1,-1,1,-1,-1,-1
1032,15,1239.99462890625,486.03277587890625,-1,-1,1,-1,-1,-1
1033,15,1218.849609375,486.0738525390625,-1,-1,1,-1,-1,-1
1034,15,1190.4013671875,486.1553955078125,-1,-1,1,-1,-1,-1
1035,15,1162.097412109375,485.94573974609375,-1,-1,1,-1,-1,-1
1036,15,1140.819580078125,485.911865234375,-1,-1,1,-1,-1,-1
1037,15,1105.2900390625,485.97662353515625,-1,-1,1,-1,-1,-1
1038,15,1076.809814453125,486.0203857421875,-1,-1,1,-1,-1,-1
1042,15,955.9280395507812,464.7674255371094,-1,-1,1,-1,-1,-1
1043,15,920.3099975585938,464.76611328125,-1,-1,1,-1,-1,-1
1044,15,877.7694702148438,457.75885009765625,-1,-1,1,-1,-1,-1
1046,15,799.4835815429688,450.8658142089844,-1,-1,1,-1,-1,-1
1241,16,1083.677490234375,685.121337890625,-1,-1,1,-1,-1,-1
1242,16,1062.473876953125,685.078125,-1,-1,1,-1,-1,-1
1271,16,550.764404296875,635.6109619140625,-1,-1,1,-1,-1,-1
1276,16,451.29022216796875,628.5679931640625,-1,-1,1,-1,-1,-1
1284,16,309.2477111816406,628.632568359375,-1,-1,1,-1,-1,-1
1288,16,252.39175415039062,628.5513916015625,-1,-1,1,-1,-1,-1
1289,16,245.27468872070312,635.6884765625,-1,-1,1,-1,-1,-1
1290,16,238.10153198242188,635.738037109375,-1,-1,1,-1,-1,-1
1291,16,231.17449951171875,628.7166748046875,-1,-1,1,-1,-1,-1
1292,16,216.889892578125,628.5888671875,-1,-1,1,-1,-1,-1
1293,16,216.91517639160156,628.6126708984375,-1,-1,1,-1,-1,-1
1294,16,209.80307006835938,628.6367797851562,-1,-1,1,-1,-1,-1
1295,16,202.67645263671875,628.6119384765625,-1,-1,1,-1,-1,-1
1296,16,195.62161254882812,628.5235595703125,-1,-1,1,-1,-1,-1
1297,16,181.3701171875,628.6759033203125,-1,-1,1,-1,-1,-1
1298,16,174.2261962890625,628.66259765625,-1,-1,1,-1,-1,-1
1299,16,167.11517333984375,628.7373046875,-1,-1,1,-1,-1,-1
1300,16,152.91192626953125,628.5988159179688,-1,-1,1,-1,-1,-1
1301,16,145.8369140625,621.5038452148438,-1,-1,1,-1,-1,-1
1302,16,131.54624938964844,621.4863891601562,-1,-1,1,-1,-1,-1
1303,16,117.37617492675781,621.5284423828125,-1,-1,1,-1,-1,-1
1304,16,96.09072875976562,621.4346313476562,-1,-1,1,-1,-1,-1
1305,16,81.77268981933594,621.4345092773438,-1,-1,1,-1,-1,-1
1306,16,67.6048355102539,621.4722900390625,-1,-1,1,-1,-1,-1
1307,16,46.468257904052734,621.443115234375,-1,-1,1,-1,-1,-1
1458,17,693.009521484375,372.09820556640625,-1,-1,1,-1,-1,-1
1462,17,579.177978515625,365.1982421875,-1,-1,1,-1,-1,-1
1463,17,544.1387939453125,379.34027099609375,-1,-1,1,-1,-1,-1
1464,17,515.0639038085938,364.93487548828125,-1,-1,1,-1,-1,-1
1465,17,479.65386962890625,365.06829833984375,-1,-1,1,-1,-1,-1
1466,17,429.90191650390625,365.1170654296875,-1,-1,1,-1,-1,-1
1467,17,394.5992431640625,364.9365234375,-1,-1,1,-1,-1,-1
1468,17,344.58392333984375,365.06219482421875,-1,-1,1,-1,-1,-1
1578,18,1730.277099609375,664.0371704101562,-1,-1,1,-1,-1,-1
1580,18,1701.97412109375,663.7958374023438,-1,-1,1,-1,-1,-1
1582,18,1673.5877685546875,671.0661010742188,-1,-1,1,-1,-1,-1
1584,18,1645.29443359375,671.0924072265625,-1,-1,1,-1,-1,-1
1587,18,1616.75732421875,663.7183837890625,-1,-1,1,-1,-1,-1
1589,18,1595.4599609375,656.8468017578125,-1,-1,1,-1,-1,-1
1592,18,1567.13427734375,642.3486938476562,-1,-1,1,-1,-1,-1
1603,18,1488.771484375,642.4231567382812,-1,-1,1,-1,-1,-1
1605,18,1453.170654296875,649.5599365234375,-1,-1,1,-1,-1,-1
1606,18,1439.092041015625,649.572021484375,-1,-1,1,-1,-1,-1
1607,18,1417.60107421875,656.860107421875,-1,-1,1,-1,-1,-1
1608,18,1403.4415283203125,663.8350830078125,-1,-1,1,-1,-1,-1
1609,18,1382.1378173828125,663.821044921875,-1,-1,1,-1,-1,-1
1610,18,1367.919921875,671.0235595703125,-1,-1,1,-1,-1,-1
1611,18,1346.6561279296875,670.8660888671875,-1,-1,1,-1,-1,-1
1612,18,1325.299560546875,678.1348876953125,-1,-1,1,-1,-1,-1
1613,18,1304.042236328125,677.9908447265625,-1,-1,1,-1,-1,-1
1614,18,1282.69921875,685.2069091796875,-1,-1,1,-1,-1,-1
1615,18,1268.42138671875,692.146240234375,-1,-1,1,-1,-1,-1
1616,18,1247.216064453125,692.0369873046875,-1,-1,1,-1,-1,-1
1617,18,1225.959228515625,699.2205810546875,-1,-1,1,-1,-1,-1
1618,18,1204.5263671875,706.41064453125,-1,-1,1,-1,-1,-1
1619,18,1183.275634765625,706.2748413085938,-1,-1,1,-1,-1,-1
1620,18,1168.964111328125,713.5783081054688,-1,-1,1,-1,-1,-1
1621,18,1147.64111328125,713.3438720703125,-1,-1,1,-1,-1,-1
1622,18,1126.4610595703125,713.3463134765625,-1,-1,1,-1,-1,-1
1623,18,1105.137451171875,713.3446044921875,-1,-1,1,-1,-1,-1
1624,18,1083.666015625,720.6097412109375,-1,-1,1,-1,-1,-1
1625,18,1069.47998046875,720.4296875,-1,-1,1,-1,-1,-1
1626,18,1048.1348876953125,713.279296875,-1,-1,1,-1,-1,-1
1627,18,1019.8900756835938,713.4451904296875,-1,-1,1,-1,-1,-1
1628,18,1005.58544921875,713.2724609375,-1,-1,1,-1,-1,-1
1629,18,984.3199462890625,713.4818115234375,-1,-1,1,-1,-1,-1
1630,18,963.0201416015625,713.3232421875,-1,-1,1,-1,-1,-1
1631,18,941.5615234375,713.6151123046875,-1,-1,1,-1,-1,-1
1632,18,920.2711181640625,713.6322021484375,-1,-1,1,-1,-1,-1
1634,18,884.8623046875,706.238525390625,-1,-1,1,-1,-1,-1
1636,18,849.190673828125,706.2120971679688,-1,-1,1,-1,-1,-1
1637,18,828.0428466796875,706.22021484375,-1,-1,1,-1,-1,-1
1638,18,806.78662109375,706.32568359375,-1,-1,1,-1,-1,-1
1643,18,707.2779541015625,706.348388671875,-1,-1,1,-1,-1,-1
1644,18,693.0712890625,706.387451171875,-1,-1,1,-1,-1,-1
1646,18,650.3648681640625,699.0752563476562,-1,-1,1,-1,-1,-1
1647,18,622.0530395507812,699.213623046875,-1,-1,1,-1,-1,-1
1649,18,565.189697265625,692.1100463867188,-1,-1,1,-1,-1,-1
1651,18,515.3225708007812,685.1190795898438,-1,-1,1,-1,-1,-1
1652,18,480.019775390625,677.643798828125,-1,-1,1,-1,-1,-1
1653,18,451.38665771484375,670.613525390625,-1,-1,1,-1,-1,-1
1656,18,345.01068115234375,663.6439208984375,-1,-1,1,-1,-1,-1
1850,19,1211.6724853515625,443.69110107421875,-1,-1,1,-1,-1,-1
1862,19,1034.046142578125,507.0860290527344,-1,-1,1,-1,-1,-1
1864,19,1012.5799560546875,521.37353515625,-1,-1,1,-1,-1,-1
1865,19,1012.56298828125,507.5118408203125,-1,-1,1,-1,-1,-1
1866,19,998.5526123046875,507.68475341796875,-1,-1,1,-1,-1,-1
1867,19,984.2987060546875,514.8641967773438,-1,-1,1,-1,-1,-1
1868,19,969.984130859375,521.9248046875,-1,-1,1,-1,-1,-1
1870,19,955.8460083007812,529.1006469726562,-1,-1,1,-1,-1,-1
1871,19,941.6146240234375,536.302490234375,-1,-1,1,-1,-1,-1
1875,19,913.1956787109375,550.2398681640625,-1,-1,1,-1,-1,-1
1877,19,891.8851318359375,557.3177490234375,-1,-1,1,-1,-1,-1
1880,19,870.47412109375,564.4814453125,-1,-1,1,-1,-1,-1
1881,19,863.6456909179688,571.8193359375,-1,-1,1,-1,-1,-1
1882,19,856.4805297851562,571.8779296875,-1,-1,1,-1,-1,-1
1883,19,849.3662719726562,571.8626098632812,-1,-1,1,-1,-1,-1
1884,19,842.2734375,571.7493896484375,-1,-1,1,-1,-1,-1
1885,19,835.283447265625,578.9195556640625,-1,-1,1,-1,-1,-1
1887,19,813.941650390625,571.8320922851562,-1,-1,1,-1,-1,-1
1888,19,806.679931640625,571.6900634765625,-1,-1,1,-1,-1,-1
1889,19,799.6697998046875,564.6754150390625,-1,-1,1,-1,-1,-1
1890,19,799.6611938476562,571.8201904296875,-1,-1,1,-1,-1,-1
1891,19,799.7470703125,564.7040405273438,-1,-1,1,-1,-1,-1
1892,19,799.6349487304688,571.839599609375,-1,-1,1,-1,-1,-1
1893,19,799.730712890625,571.9447021484375,-1,-1,1,-1,-1,-1
1894,19,792.459716796875,571.8323364257812,-1,-1,1,-1,-1,-1
1895,19,792.461181640625,571.7376708984375,-1,-1,1,-1,-1,-1
1896,19,792.6571655273438,571.7740478515625,-1,-1,1,-1,-1,-1
1897,19,792.6434326171875,579.1087646484375,-1,-1,1,-1,-1,-1
1898,19,785.3487548828125,579.1028442382812,-1,-1,1,-1,-1,-1
1899,19,785.2443237304688,579.0423583984375,-1,-1,1,-1,-1,-1
1901,19,785.4027099609375,571.7529296875,-1,-1,1,-1,-1,-1
1902,19,778.1700439453125,571.71484375,-1,-1,1,-1,-1,-1
1903,19,778.0604248046875,571.743408203125,-1,-1,1,-1,-1,-1
1904,19,778.1385498046875,571.784912109375,-1,-1,1,-1,-1,-1
1920,19,756.5423583984375,550.4605102539062,-1,-1,1,-1,-1,-1
1927,19,735.5794067382812,564.5656127929688,-1,-1,1,-1,-1,-1
1932,19,699.77734375,571.76708984375,-1,-1,1,-1,-1,-1
1943,20,1502.775146484375,315.8011474609375,-1,-1,1,-1,-1,-1
1944,20,1481.25830078125,315.8463439941406,-1,-1,1,-1,-1,-1
1948,20,1410.331787109375,301.66259765625,-1,-1,1,-1,-1,-1
1949,20,1389.1412353515625,294.485595703125,-1,-1,1,-1,-1,-1
1951,20,1353.25048828125,294.4197692871094,-1,-1,1,-1,-1,-1
1953,20,1310.801025390625,287.4281311035156,-1,-1,1,-1,-1,-1
1955,20,1268.230224609375,280.1667785644531,-1,-1,1,-1,-1,-1
1959,20,1197.182861328125,266.05999755859375,-1,-1,1,-1,-1,-1
1960,19,288.06292724609375,465.0340881347656,-1,-1,1,-1,-1,-1
1960,20,1175.742919921875,265.8955383300781,-1,-1,1,-1,-1,-1
1961,20,1161.608642578125,258.9548645019531,-1,-1,1,-1,-1,-1
1962,20,1140.2650146484375,258.8880310058594,-1,-1,1,-1,-1,-1
1963,20,1126.217041015625,258.8269958496094,-1,-1,1,-1,-1,-1
1964,20,1104.9189453125,251.8779296875,-1,-1,1,-1,-1,-1
1965,20,1090.689208984375,251.88363647460938,-1,-1,1,-1,-1,-1
1966,20,1076.44140625,251.8671875,-1,-1,1,-1,-1,-1
1967,20,1055.236572265625,251.636962890625,-1,-1,1,-1,-1,-1
1968,20,1040.913818359375,251.73895263671875,-1,-1,1,-1,-1,-1
1969,20,1026.8935546875,251.62136840820312,-1,-1,1,-1,-1,-1
1970,20,1012.4276123046875,251.68313598632812,-1,-1,1,-1,-1,-1
1972,20,983.9337158203125,251.7635498046875,-1,-1,1,-1,-1,-1
1973,20,969.764404296875,251.79981994628906,-1,-1,1,-1,-1,-1
1974,20,962.5438842773438,251.7698974609375,-1,-1,1,-1,-1,-1
1992,20,735.56396484375,187.81039428710938,-1,-1,1,-1,-1,-1
1993,20,714.236083984375,187.82534790039062,-1,-1,1,-1,-1,-1
1994,20,692.7015380859375,187.75587463378906,-1,-1,1,-1,-1,-1
1995,20,678.6738891601562,180.6007080078125,-1,-1,1,-1,-1,-1
1996,20,628.9974365234375,216.25802612304688,-1,-1,1,-1,-1,-1
2008,20,401.85498046875,123.84091186523438,-1,-1,1,-1,-1,-1
2017,20,188.54611206054688,152.05535888671875,-1,-1,1,-1,-1,-1
2018,20,160.08045959472656,152.34381103515625,-1,-1,1,-1,-1,-1
2019,20,124.5731201171875,159.3949737548828,-1,-1,1,-1,-1,-1
2020,20,96.17522430419922,159.42465209960938,-1,-1,1,-1,-1,-1
2071,21,394.48480224609375,990.7052001953125,-1,-1,1,-1,-1,-1
2072,21,415.97552490234375,983.6337890625,-1,-1,1,-1,-1,-1
2073,21,358.896240234375,976.3864135742188,-1,-1,1,-1,-1,-1
2272,22,1666.07470703125,699.5601806640625,-1,-1,1,-1,-1,-1
2273,22,1644.805419921875,699.4431762695312,-1,-1,1,-1,-1,-1
2277,22,1552.5130615234375,699.303955078125,-1,-1,1,-1,-1,-1
2280,22,1460.363037109375,692.2388916015625,-1,-1,1,-1,-1,-1
2283,22,1367.640869140625,685.314208984375,-1,-1,1,-1,-1,-1
2284,22,1332.269287109375,685.1199951171875,-1,-1,1,-1,-1,-1
2285,22,1296.658935546875,685.2537841796875,-1,-1,1,-1,-1,-1
2286,22,1261.2183837890625,685.1022338867188,-1,-1,1,-1,-1,-1
2287,22,1225.7347412109375,685.1032104492188,-1,-1,1,-1,-1,-1
2288,22,1190.22021484375,685.2442626953125,-1,-1,1,-1,-1,-1
2289,22,1154.5546875,692.474365234375,-1,-1,1,-1,-1,-1
2290,22,1119.021484375,692.3617553710938,-1,-1,1,-1,-1,-1
2291,22,1090.52734375,699.5181884765625,-1,-1,1,-1,-1,-1
2293,22,1012.4676513671875,706.7514038085938,-1,-1,1,-1,-1,-1
2294,22,977.1771240234375,706.4603881835938,-1,-1,1,-1,-1,-1
2295,22,934.05712890625,706.450439453125,-1,-1,1,-1,-1,-1
2296,22,891.501953125,713.8270263671875,-1,-1,1,-1,-1,-1
2297,22,834.69775390625,713.5469970703125,-1,-1,1,-1,-1,-1
2297,23,1410.5313720703125,720.5493774414062,-1,-1,1,-1,-1,-1
2298,22,799.1409912109375,720.7059326171875,-1,-1,1,-1,-1,-1
2298,23,1375.080078125,720.57373046875,-1,-1,1,-1,-1,-1
2299,22,756.7415771484375,720.6658325195312,-1,-1,1,-1,-1,-1
2299,23,1346.7421875,720.7996826171875,-1,-1,1,-1,-1,-1
2300,22,721.0438842773438,720.669189453125,-1,-1,1,-1,-1,-1
2300,23,1311.11181640625,720.4976806640625,-1,-1,1,-1,-1,-1
2301,22,678.6270751953125,727.8350830078125,-1,-1,1,-1,-1,-1
2302,22,635.5831298828125,727.8018188476562,-1,-1,1,-1,-1,-1
2302,23,1247.291015625,727.8150634765625,-1,-1,1,-1,-1,-1
2303,23,1211.664794921875,727.9898071289062,-1,-1,1,-1,-1,-1
2304,22,550.51513671875,735.0125732421875,-1,-1,1,-1,-1,-1
2305,23,1147.73291015625,734.884033203125,-1,-1,1,-1,-1,-1
2306,22,458.0391845703125,742.1129760742188,-1,-1,1,-1,-1,-1
2306,23,1112.22021484375,734.7068481445312,-1,-1,1,-1,-1,-1
2307,23,1076.799072265625,734.9151000976562,-1,-1,1,-1,-1,-1
2308,23,1048.07666015625,742.0823974609375,-1,-1,1,-1,-1,-1
2309,23,1012.5442504882812,741.95947265625,-1,-1,1,-1,-1,-1
2319,23,700.0103149414062,741.9412841796875,-1,-1,1,-1,-1,-1
2320,23,664.376708984375,741.98876953125,-1,-1,1,-1,-1,-1
2322,23,586.465087890625,735.169921875,-1,-1,1,-1,-1,-1
2323,23,550.8847045898438,735.1190185546875,-1,-1,1,-1,-1,-1
2324,23,508.38128662109375,735.072021484375,-1,-1,1,-1,-1,-1
2541,24,1353.72265625,436.0599365234375,-1,-1,1,-1,-1,-1
2550,24,756.8995361328125,407.9744873046875,-1,-1,1,-1,-1,-1
2551,24,679.4380493164062,429.2703857421875,-1,-1,1,-1,-1,-1
2552,24,600.7244873046875,401.03021240234375,-1,-1,1,-1,-1,-1
2554,24,423.2308349609375,394.1114501953125,-1,-1,1,-1,-1,-1
2555,24,338.450439453125,379.7425537109375,-1,-1,1,-1,-1,-1
2556,24,231.57308959960938,365.541748046875,-1,-1,1,-1,-1,-1
2557,24,132.08016967773438,351.421142578125,-1,-1,1,-1,-1,-1
2810,25,1368.5177001953125,379.6334533691406,-1,-1,1,-1,-1,-1
2811,25,1311.3408203125,379.8239440917969,-1,-1,1,-1,-1,-1
2812,25,1240.4697265625,380.1961669921875,-1,-1,1,-1,-1,-1
2836,26,1247.250244140625,734.3701171875,-1,-1,1,-1,-1,-1
2841,27,1346.584228515625,528.7899169921875,-1,-1,1,-1,-1,-1
2842,27,1325.275634765625,528.660400390625,-1,-1,1,-1,-1,-1
2843,27,1296.568115234375,528.7787475585938,-1,-1,1,-1,-1,-1
2850,26,643.608642578125,755.8582763671875,-1,-1,1,-1,-1,-1
2851,26,594.067138671875,762.8367919921875,-1,-1,1,-1,-1,-1
2852,26,544.0491943359375,763.0343017578125,-1,-1,1,-1,-1,-1
2853,26,487.35888671875,763.2069702148438,-1,-1,1,-1,-1,-1
2932,28,1517.0916748046875,699.4786376953125,-1,-1,1,-1,-1,-1
2938,28,1481.7099609375,706.650146484375,-1,-1,1,-1,-1,-1
2939,28,1474.7581787109375,706.682861328125,-1,-1,1,-1,-1,-1
2940,28,1467.59814453125,713.7927856445312,-1,-1,1,-1,-1,-1
2941,28,1460.502685546875,720.7332763671875,-1,-1,1,-1,-1,-1
2947,28,1396.3519287109375,720.7921142578125,-1,-1,1,-1,-1,-1
2948,28,1382.126220703125,720.736328125,-1,-1,1,-1,-1,-1
2963,29,1382.200439453125,742.068359375,-1,-1,1,-1,-1,-1
2971,29,1048.52783203125,756.084228515625,-1,-1,1,-1,-1,-1
2972,29,1013.1156005859375,763.343505859375,-1,-1,1,-1,-1,-1
2973,29,977.3624267578125,763.075439453125,-1,-1,1,-1,-1,-1
2974,29,941.8953857421875,755.9925537109375,-1,-1,1,-1,-1,-1
2975,29,913.48779296875,756.2514038085938,-1,-1,1,-1,-1,-1
2976,29,877.8931884765625,749.027099609375,-1,-1,1,-1,-1,-1
2977,29,842.407958984375,749.2171630859375,-1,-1,1,-1,-1,-1
2978,29,821.3403930664062,748.9815673828125,-1,-1,1,-1,-1,-1
2979,29,778.076904296875,734.9935302734375,-1,-1,1,-1,-1,-1
2980,29,749.716796875,742.309814453125,-1,-1,1,-1,-1,-1
2981,29,721.46337890625,742.1848754882812,-1,-1,1,-1,-1,-1
2982,29,678.7745971679688,734.9712524414062,-1,-1,1,-1,-1,-1
2983,29,650.7001953125,734.8091430664062,-1,-1,1,-1,-1,-1
2984,29,607.6383056640625,742.207275390625,-1,-1,1,-1,-1,-1
2985,29,565.1241455078125,735.0054321289062,-1,-1,1,-1,-1,-1
2986,29,515.337890625,727.6896362304688,-1,-1,1,-1,-1,-1
2987,29,465.589599609375,720.7210693359375,-1,-1,1,-1,-1,-1
2990,29,330.8731994628906,741.8802490234375,-1,-1,1,-1,-1,-1
3152,30,1652.280517578125,670.67724609375,-1,-1,1,-1,-1,-1
3155,30,1588.1951904296875,677.982421875,-1,-1,1,-1,-1,-1
3156,30,1574.19384765625,678.1132202148438,-1,-1,1,-1,-1,-1
3157,30,1545.649169921875,677.8436279296875,-1,-1,1,-1,-1,-1
3158,30,1531.37744140625,677.6630859375,-1,-1,1,-1,-1,-1
3162,30,1466.87255859375,670.8922119140625,-1,-1,1,-1,-1,-1
3163,30,1452.92626953125,670.821533203125,-1,-1,1,-1,-1,-1
3164,30,1431.591796875,670.8902587890625,-1,-1,1,-1,-1,-1
3165,30,1417.431396484375,663.8349609375,-1,-1,1,-1,-1,-1
3166,30,1403.2874755859375,663.9716796875,-1,-1,1,-1,-1,-1
3167,30,1388.933349609375,656.6431884765625,-1,-1,1,-1,-1,-1
3175,30,1296.5645751953125,650.326416015625,-1,-1,1,-1,-1,-1
3180,30,1211.2716064453125,628.4254760742188,-1,-1,1,-1,-1,-1
3182,30,1168.603515625,621.5777587890625,-1,-1,1,-1,-1,-1
3183,30,1140.137939453125,614.431884765625,-1,-1,1,-1,-1,-1
3184,30,1118.8360595703125,614.65625,-1,-1,1,-1,-1,-1
3185,30,1090.57568359375,614.9403686523438,-1,-1,1,-1,-1,-1
3187,30,1047.9605712890625,607.4718017578125,-1,-1,1,-1,-1,-1
3193,30,920.2691650390625,621.82861328125,-1,-1,1,-1,-1,-1
3194,30,892.027587890625,614.297119140625,-1,-1,1,-1,-1,-1
3195,30,870.7518310546875,614.44775390625,-1,-1,1,-1,-1,-1
3196,30,841.97900390625,614.4917602539062,-1,-1,1,-1,-1,-1
3197,30,821.0781860351562,614.4367065429688,-1,-1,1,-1,-1,-1
3198,30,792.4669189453125,614.544921875,-1,-1,1,-1,-1,-1
3199,30,763.918212890625,621.5438232421875,-1,-1,1,-1,-1,-1
3200,30,742.414306640625,621.4437255859375,-1,-1,1,-1,-1,-1
3201,30,714.2392578125,621.5357666015625,-1,-1,1,-1,-1,-1
3202,30,685.9044189453125,621.3502197265625,-1,-1,1,-1,-1,-1
3203,30,657.4857788085938,621.4631958007812,-1,-1,1,-1,-1,-1
3204,30,636.3380126953125,621.4632568359375,-1,-1,1,-1,-1,-1
3207,30,536.6007690429688,614.468505859375,-1,-1,1,-1,-1,-1
3208,30,500.88983154296875,614.4813232421875,-1,-1,1,-1,-1,-1
4064,31,1446.431640625,664.615234375,-1,-1,1,-1,-1,-1
4065,31,1411.0450439453125,664.4244995117188,-1,-1,1,-1,-1,-1
4066,31,1375.333984375,664.5276489257812,-1,-1,1,-1,-1,-1
4067,31,1325.383544921875,656.9293212890625,-1,-1,1,-1,-1,-1
4068,31,1289.90234375,657.2344970703125,-1,-1,1,-1,-1,-1
4082,31,707.0968017578125,628.9449462890625,-1,-1,1,-1,-1,-1
4083,31,657.6778564453125,621.4981079101562,-1,-1,1,-1,-1,-1
4084,31,614.8228759765625,614.6175537109375,-1,-1,1,-1,-1,-1
4085,31,572.1012573242188,607.6336669921875,-1,-1,1,-1,-1,-1
4169,32,1466.806396484375,593.3643188476562,-1,-1,1,-1,-1,-1
4173,32,1381.4388427734375,593.56396484375,-1,-1,1,-1,-1,-1
4175,32,1345.932373046875,593.4657592773438,-1,-1,1,-1,-1,-1
4176,32,1324.614990234375,586.421875,-1,-1,1,-1,-1,-1
4177,32,1296.78271484375,586.1001586914062,-1,-1,1,-1,-1,-1
4178,32,1275.5125732421875,586.08056640625,-1,-1,1,-1,-1,-1
4179,32,1246.640869140625,586.2533569335938,-1,-1,1,-1,-1,-1
4181,32,1175.979736328125,586.11767578125,-1,-1,1,-1,-1,-1
4182,32,1133.46484375,579.0240478515625,-1,-1,1,-1,-1,-1
4183,32,1090.5849609375,579.1240234375,-1,-1,1,-1,-1,-1
4185,32,1019.669677734375,579.10400390625,-1,-1,1,-1,-1,-1
4185,33,1396.599609375,621.2415161132812,-1,-1,1,-1,-1,-1
4186,32,976.9624633789062,579.0401611328125,-1,-1,1,-1,-1,-1
4186,33,1361.100830078125,621.249267578125,-1,-1,1,-1,-1,-1
4187,32,941.31884765625,586.2380981445312,-1,-1,1,-1,-1,-1
4187,33,1318.520751953125,628.219482421875,-1,-1,1,-1,-1,-1
4188,32,905.8343505859375,586.0,-1,-1,1,-1,-1,-1
4188,33,1275.8367919921875,628.3348388671875,-1,-1,1,-1,-1,-1
4189,33,1239.94287109375,628.6251220703125,-1,-1,1,-1,-1,-1
4190,33,1204.32861328125,635.6138916015625,-1,-1,1,-1,-1,-1
4191,32,778.15380859375,600.06298828125,-1,-1,1,-1,-1,-1
4191,33,1154.4407958984375,635.6919555664062,-1,-1,1,-1,-1,-1
4196,33,1048.3294677734375,741.8433837890625,-1,-1,1,-1,-1,-1
4201,33,828.1708984375,756.205810546875,-1,-1,1,-1,-1,-1
4202,33,778.2955322265625,763.3023681640625,-1,-1,1,-1,-1,-1
4203,33,735.7579345703125,770.4134521484375,-1,-1,1,-1,-1,-1
4204,33,686.0149536132812,777.5193481445312,-1,-1,1,-1,-1,-1
4205,33,629.1961669921875,784.4674072265625,-1,-1,1,-1,-1,-1
4206,33,572.3493041992188,784.4578247070312,-1,-1,1,-1,-1,-1
4207,33,515.42041015625,784.6083984375,-1,-1,1,-1,-1,-1
4208,33,451.63482666015625,777.35791015625,-1,-1,1,-1,-1,-1
4209,33,373.46044921875,777.3621826171875,-1,-1,1,-1,-1,-1
4211,33,217.2989501953125,756.3272705078125,-1,-1,1,-1,-1,-1
4212,33,124.81940460205078,749.0310668945312,-1,-1,1,-1,-1,-1
4226,34,1297.182373046875,876.7740478515625,-1,-1,1,-1,-1,-1
4227,34,1254.599365234375,884.1329345703125,-1,-1,1,-1,-1,-1
4228,34,1211.868896484375,883.993408203125,-1,-1,1,-1,-1,-1
4229,34,1176.485595703125,891.1838989257812,-1,-1,1,-1,-1,-1
4312,35,1126.09765625,792.2518310546875,-1,-1,1,-1,-1,-1
4313,35,1090.797607421875,792.194580078125,-1,-1,1,-1,-1,-1
4314,35,1033.888427734375,799.15283203125,-1,-1,1,-1,-1,-1
4315,35,1005.1834716796875,792.2667846679688,-1,-1,1,-1,-1,-1
4316,35,941.6712646484375,799.231201171875,-1,-1,1,-1,-1,-1
4317,35,891.7158203125,799.2462158203125,-1,-1,1,-1,-1,-1
4318,35,841.8935546875,799.3348999023438,-1,-1,1,-1,-1,-1
4327,35,443.9591064453125,848.6045532226562,-1,-1,1,-1,-1,-1
4328,35,380.3701477050781,855.789794921875,-1,-1,1,-1,-1,-1
4329,35,316.5742492675781,862.80859375,-1,-1,1,-1,-1,-1
4330,35,295.13067626953125,862.4873046875,-1,-1,1,-1,-1,-1
4557,36,1318.38525390625,862.76904296875,-1,-1,1,-1,-1,-1
4560,36,1232.927734375,863.0423583984375,-1,-1,1,-1,-1,-1
4562,36,1183.17578125,863.06005859375,-1,-1,1,-1,-1,-1
4563,36,1154.72802734375,863.0020751953125,-1,-1,1,-1,-1,-1
4564,36,1119.00634765625,855.8731689453125,-1,-1,1,-1,-1,-1
4565,36,1090.625244140625,848.5790405273438,-1,-1,1,-1,-1,-1
4566,36,1069.3359375,855.9483642578125,-1,-1,1,-1,-1,-1
4567,36,1040.99462890625,848.969970703125,-1,-1,1,-1,-1,-1
4576,36,714.2859497070312,841.6658935546875,-1,-1,1,-1,-1,-1
4577,36,657.292236328125,820.3011474609375,-1,-1,1,-1,-1,-1
4578,36,643.1632690429688,841.72998046875,-1,-1,1,-1,-1,-1
4579,36,579.1865844726562,820.1000366210938,-1,-1,1,-1,-1,-1
4580,36,565.05712890625,841.6971435546875,-1,-1,1,-1,-1,-1
4581,36,522.2628173828125,841.7769775390625,-1,-1,1,-1,-1,-1
4840,37,515.2957763671875,635.301025390625,-1,-1,1,-1,-1,-1
4841,37,486.98944091796875,628.2529296875,-1,-1,1,-1,-1,-1
4842,37,465.5634765625,628.449951171875,-1,-1,1,-1,-1,-1
4843,37,444.39483642578125,621.12744140625,-1,-1,1,-1,-1,-1
4844,37,423.0103759765625,621.2027587890625,-1,-1,1,-1,-1,-1
4852,37,195.5420379638672,606.8148803710938,-1,-1,1,-1,-1,-1
4882,38,1559.891845703125,748.5178833007812,-1,-1,1,-1,-1,-1
4888,39,1879.8912353515625,621.161376953125,-1,-1,1,-1,-1,-1
4889,39,1872.5115966796875,621.1490478515625,-1,-1,1,-1,-1,-1
4890,38,1389.224853515625,706.5458984375,-1,-1,1,-1,-1,-1
4890,39,1858.26220703125,621.384521484375,-1,-1,1,-1,-1,-1
4891,39,1843.875244140625,621.5694580078125,-1,-1,1,-1,-1,-1
4892,39,1837.030517578125,614.1290893554688,-1,-1,1,-1,-1,-1
4893,39,1829.83544921875,621.3648681640625,-1,-1,1,-1,-1,-1
4894,39,1822.583251953125,628.4793090820312,-1,-1,1,-1,-1,-1
4895,39,1808.5050048828125,621.1757202148438,-1,-1,1,-1,-1,-1
4896,39,1801.33984375,620.9990234375,-1,-1,1,-1,-1,-1
4897,39,1787.095458984375,621.1612548828125,-1,-1,1,-1,-1,-1
4898,39,1779.853271484375,628.412109375,-1,-1,1,-1,-1,-1
4899,39,1765.767578125,628.47412109375,-1,-1,1,-1,-1,-1
4900,39,1758.7979736328125,628.5452270507812,-1,-1,1,-1,-1,-1
4901,38,1133.732177734375,727.6695556640625,-1,-1,1,-1,-1,-1
4901,39,1758.728515625,635.659423828125,-1,-1,1,-1,-1,-1
4902,38,1112.219482421875,734.97412109375,-1,-1,1,-1,-1,-1
4902,39,1758.8016357421875,635.54638671875,-1,-1,1,-1,-1,-1
4903,38,1083.7255859375,735.0772705078125,-1,-1,1,-1,-1,-1
4903,39,1751.640625,642.7694091796875,-1,-1,1,-1,-1,-1
4904,39,1744.64208984375,642.9003295898438,-1,-1,1,-1,-1,-1
4905,38,956.024658203125,706.481201171875,-1,-1,1,-1,-1,-1
4905,39,1737.54638671875,642.82861328125,-1,-1,1,-1,-1,-1
4906,38,934.6483154296875,706.4063720703125,-1,-1,1,-1,-1,-1
4906,39,1730.401611328125,642.7513427734375,-1,-1,1,-1,-1,-1
4907,38,906.2011108398438,706.3054809570312,-1,-1,1,-1,-1,-1
4907,39,1723.35693359375,642.7455444335938,-1,-1,1,-1,-1,-1
4908,38,877.80615234375,706.46337890625,-1,-1,1,-1,-1,-1
4908,39,1709.09619140625,642.8589477539062,-1,-1,1,-1,-1,-1
4909,39,1702.126220703125,642.9313354492188,-1,-1,1,-1,-1,-1
4910,39,1687.888916015625,642.947509765625,-1,-1,1,-1,-1,-1
4911,39,1680.7100830078125,635.593505859375,-1,-1,1,-1,-1,-1
4912,39,1673.625,635.7034912109375,-1,-1,1,-1,-1,-1
4913,39,1659.4837646484375,635.7357177734375,-1,-1,1,-1,-1,-1
4914,39,1645.1571044921875,628.2833251953125,-1,-1,1,-1,-1,-1
4915,39,1631.070068359375,628.46728515625,-1,-1,1,-1,-1,-1
4916,39,1616.804931640625,628.5452880859375,-1,-1,1,-1,-1,-1
4917,39,1602.5400390625,628.6336669921875,-1,-1,1,-1,-1,-1
4918,39,1588.3375244140625,621.2001953125,-1,-1,1,-1,-1,-1
4919,39,1574.19775390625,621.3944702148438,-1,-1,1,-1,-1,-1
4920,39,1559.87353515625,621.644775390625,-1,-1,1,-1,-1,-1
4921,39,1545.730712890625,621.5431518554688,-1,-1,1,-1,-1,-1
4922,39,1531.50634765625,614.141845703125,-1,-1,1,-1,-1,-1
4923,39,1517.263916015625,621.5775146484375,-1,-1,1,-1,-1,-1
4924,39,1495.848388671875,621.462158203125,-1,-1,1,-1,-1,-1
4925,39,1481.723876953125,621.5140380859375,-1,-1,1,-1,-1,-1
4926,39,1460.423583984375,621.4048461914062,-1,-1,1,-1,-1,-1
4927,39,1446.30615234375,621.3162841796875,-1,-1,1,-1,-1,-1
4928,39,1432.1146240234375,621.2860717773438,-1,-1,1,-1,-1,-1
4929,39,1410.638427734375,628.6683959960938,-1,-1,1,-1,-1,-1
4930,39,1396.3203125,628.6921997070312,-1,-1,1,-1,-1,-1
4931,39,1382.265869140625,628.7415161132812,-1,-1,1,-1,-1,-1
4932,39,1360.879638671875,628.6561889648438,-1,-1,1,-1,-1,-1
4933,39,1346.7840576171875,628.612060546875,-1,-1,1,-1,-1,-1
4934,39,1325.4246826171875,628.619873046875,-1,-1,1,-1,-1,-1
4935,39,1311.253662109375,628.661865234375,-1,-1,1,-1,-1,-1
4935,40,984.58349609375,358.16326904296875,-1,-1,1,-1,-1,-1
4936,39,1297.048583984375,628.6585693359375,-1,-1,1,-1,-1,-1
4937,39,1275.666259765625,628.6069946289062,-1,-1,1,-1,-1,-1
4938,39,1261.4674072265625,628.6660766601562,-1,-1,1,-1,-1,-1
4939,39,1247.2764892578125,628.5963134765625,-1,-1,1,-1,-1,-1
4940,39,1225.9273681640625,628.5829467773438,-1,-1,1,-1,-1,-1
4941,39,1211.7647705078125,628.5278930664062,-1,-1,1,-1,-1,-1
4942,39,1197.54052734375,628.562255859375,-1,-1,1,-1,-1,-1
4943,39,1183.30224609375,628.6046752929688,-1,-1,1,-1,-1,-1
4944,39,1169.114990234375,628.7293090820312,-1,-1,1,-1,-1,-1
4945,39,1154.8687744140625,628.6478881835938,-1,-1,1,-1,-1,-1
4946,39,1133.58251953125,621.5092163085938,-1,-1,1,-1,-1,-1
4946,40,835.5118408203125,343.9771728515625,-1,-1,1,-1,-1,-1
4947,39,1119.3426513671875,621.6233520507812,-1,-1,1,-1,-1,-1
4947,40,814.2110595703125,343.80560302734375,-1,-1,1,-1,-1,-1
4948,39,1105.104736328125,621.7305297851562,-1,-1,1,-1,-1,-1
4948,40,806.9237060546875,344.2170715332031,-1,-1,1,-1,-1,-1
4949,39,1091.012451171875,614.2592163085938,-1,-1,1,-1,-1,-1
4949,40,792.9791870117188,343.88726806640625,-1,-1,1,-1,-1,-1
4950,39,1076.774658203125,614.3511962890625,-1,-1,1,-1,-1,-1
4950,40,778.667236328125,336.97576904296875,-1,-1,1,-1,-1,-1
4951,39,1062.5919189453125,614.5089111328125,-1,-1,1,-1,-1,-1
4951,40,771.4859619140625,336.8320617675781,-1,-1,1,-1,-1,-1
4952,39,1048.369384765625,607.06201171875,-1,-1,1,-1,-1,-1
4952,40,757.1663818359375,329.97723388671875,-1,-1,1,-1,-1,-1
4953,39,1034.2757568359375,607.2864990234375,-1,-1,1,-1,-1,-1
4954,39,1012.861083984375,607.44140625,-1,-1,1,-1,-1,-1
4954,40,729.0872802734375,322.2504577636719,-1,-1,1,-1,-1,-1
4955,39,998.6820068359375,600.0826416015625,-1,-1,1,-1,-1,-1
4956,39,984.4380493164062,600.2093505859375,-1,-1,1,-1,-1,-1
4957,39,970.1669921875,600.2044067382812,-1,-1,1,-1,-1,-1
4958,39,956.0053100585938,592.9453735351562,-1,-1,1,-1,-1,-1
4958,40,678.9877319335938,308.3659362792969,-1,-1,1,-1,-1,-1
4959,39,941.8009643554688,593.12353515625,-1,-1,1,-1,-1,-1
4959,40,664.886962890625,308.6409912109375,-1,-1,1,-1,-1,-1
4960,39,927.4901123046875,585.6651611328125,-1,-1,1,-1,-1,-1
4960,40,650.6259765625,308.4017639160156,-1,-1,1,-1,-1,-1
4961,39,906.227783203125,585.841064453125,-1,-1,1,-1,-1,-1
4962,39,892.0308837890625,585.965087890625,-1,-1,1,-1,-1,-1
4962,40,621.9769287109375,301.2179870605469,-1,-1,1,-1,-1,-1
4963,39,877.84130859375,585.947265625,-1,-1,1,-1,-1,-1
4963,40,607.8299560546875,301.39483642578125,-1,-1,1,-1,-1,-1
4964,39,863.5911865234375,585.9075927734375,-1,-1,1,-1,-1,-1
4965,39,849.4277954101562,585.86181640625,-1,-1,1,-1,-1,-1
4966,39,835.099853515625,585.8695678710938,-1,-1,1,-1,-1,-1
4966,40,572.3271484375,308.71075439453125,-1,-1,1,-1,-1,-1
4967,39,828.0133056640625,593.1412353515625,-1,-1,1,-1,-1,-1
4968,39,813.756103515625,593.1148681640625,-1,-1,1,-1,-1,-1
4968,40,565.301025390625,308.5394592285156,-1,-1,1,-1,-1,-1
4969,39,806.72314453125,593.1279296875,-1,-1,1,-1,-1,-1
4969,40,558.2792358398438,308.639892578125,-1,-1,1,-1,-1,-1
4970,39,799.5850219726562,593.0283203125,-1,-1,1,-1,-1,-1
4971,39,792.5086669921875,592.8863525390625,-1,-1,1,-1,-1,-1
4972,39,778.148193359375,600.3436279296875,-1,-1,1,-1,-1,-1
4973,39,771.2392578125,600.220458984375,-1,-1,1,-1,-1,-1
4974,39,756.9390258789062,600.115478515625,-1,-1,1,-1,-1,-1
4974,40,529.9021606445312,315.87298583984375,-1,-1,1,-1,-1,-1
4975,39,749.852294921875,607.2916259765625,-1,-1,1,-1,-1,-1
4976,39,735.6417236328125,607.4494018554688,-1,-1,1,-1,-1,-1
4977,39,728.6029052734375,607.3291625976562,-1,-1,1,-1,-1,-1
4978,39,714.3589477539062,607.2945556640625,-1,-1,1,-1,-1,-1
4978,40,501.36358642578125,329.8935546875,-1,-1,1,-1,-1,-1
4979,39,707.2041015625,607.063232421875,-1,-1,1,-1,-1,-1
4979,40,494.5012512207031,329.81787109375,-1,-1,1,-1,-1,-1
4980,39,693.028076171875,607.225830078125,-1,-1,1,-1,-1,-1
4981,39,678.7898559570312,607.23193359375,-1,-1,1,-1,-1,-1
4981,40,480.0339050292969,336.7933349609375,-1,-1,1,-1,-1,-1
4982,39,671.6668701171875,607.1566162109375,-1,-1,1,-1,-1,-1
4982,40,472.81439208984375,336.90753173828125,-1,-1,1,-1,-1,-1
4983,39,657.470703125,614.5584716796875,-1,-1,1,-1,-1,-1
4983,40,465.834228515625,337.04522705078125,-1,-1,1,-1,-1,-1
4984,39,650.3980102539062,614.3902587890625,-1,-1,1,-1,-1,-1
4984,40,458.75177001953125,336.9875793457031,-1,-1,1,-1,-1,-1
4985,39,636.15576171875,614.4749755859375,-1,-1,1,-1,-1,-1
4986,39,622.013671875,614.4813842773438,-1,-1,1,-1,-1,-1
4986,40,437.51068115234375,336.9512634277344,-1,-1,1,-1,-1,-1
4987,39,614.8367919921875,614.429443359375,-1,-1,1,-1,-1,-1
4987,40,437.42132568359375,344.30096435546875,-1,-1,1,-1,-1,-1
4988,39,607.7332153320312,614.4188232421875,-1,-1,1,-1,-1,-1
4989,39,593.61083984375,614.1785888671875,-1,-1,1,-1,-1,-1
4989,40,423.1751708984375,344.134033203125,-1,-1,1,-1,-1,-1
4990,39,579.3755493164062,614.3426513671875,-1,-1,1,-1,-1,-1
4990,40,416.21636962890625,344.171630859375,-1,-1,1,-1,-1,-1
4991,39,565.08056640625,621.60400390625,-1,-1,1,-1,-1,-1
4991,40,401.9437561035156,344.0924072265625,-1,-1,1,-1,-1,-1
4992,39,550.8693237304688,621.7365112304688,-1,-1,1,-1,-1,-1
4992,40,394.87005615234375,344.0383605957031,-1,-1,1,-1,-1,-1
4993,39,536.7569580078125,614.219482421875,-1,-1,1,-1,-1,-1
4994,39,522.4600830078125,614.376708984375,-1,-1,1,-1,-1,-1
4995,39,501.23468017578125,607.2842407226562,-1,-1,1,-1,-1,-1
4996,39,486.9720153808594,607.3886108398438,-1,-1,1,-1,-1,-1
4997,39,472.6583251953125,607.3902587890625,-1,-1,1,-1,-1,-1
4998,39,465.6845397949219,600.0960693359375,-1,-1,1,-1,-1,-1
4999,39,444.2026062011719,600.324951171875,-1,-1,1,-1,-1,-1
5000,39,429.73052978515625,600.022216796875,-1,-1,1,-1,-1,-1
5001,39,415.824462890625,593.0863037109375,-1,-1,1,-1,-1,-1
5002,39,401.7778625488281,585.7916259765625,-1,-1,1,-1,-1,-1
5003,39,380.44683837890625,585.9497680664062,-1,-1,1,-1,-1,-1
5004,39,366.15740966796875,585.941650390625,-1,-1,1,-1,-1,-1
5005,39,344.87103271484375,578.5933837890625,-1,-1,1,-1,-1,-1
5006,39,323.69293212890625,578.6444702148438,-1,-1,1,-1,-1,-1
5007,39,302.18511962890625,578.715576171875,-1,-1,1,-1,-1,-1
5008,39,288.04815673828125,578.4825439453125,-1,-1,1,-1,-1,-1
5009,39,266.6287841796875,585.98193359375,-1,-1,1,-1,-1,-1
5010,39,245.3260498046875,585.9982299804688,-1,-1,1,-1,-1,-1
5011,39,224.04986572265625,585.955078125,-1,-1,1,-1,-1,-1
5012,39,202.68515014648438,585.9105224609375,-1,-1,1,-1,-1,-1
5013,39,181.45748901367188,585.828369140625,-1,-1,1,-1,-1,-1
5014,39,153.04489135742188,585.804443359375,-1,-1,1,-1,-1,-1
5015,39,131.53652954101562,578.5570068359375,-1,-1,1,-1,-1,-1
5016,39,110.30462646484375,578.6735229492188,-1,-1,1,-1,-1,-1
5017,39,81.96637725830078,578.79248046875,-1,-1,1,-1,-1,-1
5018,39,60.71169662475586,578.9366455078125,-1,-1,1,-1,-1,-1
5026,41,1133.7698974609375,727.553466796875,-1,-1,1,-1,-1,-1
5028,41,1090.78564453125,720.4757080078125,-1,-1,1,-1,-1,-1
5029,41,1076.732666015625,720.4964599609375,-1,-1,1,-1,-1,-1
5030,41,1055.3631591796875,713.5401611328125,-1,-1,1,-1,-1,-1
5031,41,1034.1734619140625,706.341064453125,-1,-1,1,-1,-1,-1
5066,42,1808.4041748046875,798.7093505859375,-1,-1,1,-1,-1,-1
5068,42,1772.999755859375,798.7879638671875,-1,-1,1,-1,-1,-1
5069,42,1758.79248046875,798.7330322265625,-1,-1,1,-1,-1,-1
5070,42,1744.4473876953125,798.7601318359375,-1,-1,1,-1,-1,-1
5071,42,1730.4417724609375,798.6224365234375,-1,-1,1,-1,-1,-1
5072,42,1709.230224609375,798.5618896484375,-1,-1,1,-1,-1,-1
5073,42,1695.0521240234375,798.5693359375,-1,-1,1,-1,-1,-1
5074,42,1680.680419921875,798.7236328125,-1,-1,1,-1,-1,-1
5075,42,1659.445556640625,798.8434448242188,-1,-1,1,-1,-1,-1
5076,42,1638.091796875,798.7130126953125,-1,-1,1,-1,-1,-1
5077,42,1623.69970703125,798.6612548828125,-1,-1,1,-1,-1,-1
5078,42,1609.76123046875,798.8233032226562,-1,-1,1,-1,-1,-1
5079,42,1588.4566650390625,798.5255126953125,-1,-1,1,-1,-1,-1
5080,42,1567.109619140625,791.556884765625,-1,-1,1,-1,-1,-1
5081,42,1545.846923828125,791.6484375,-1,-1,1,-1,-1,-1
5082,42,1517.475830078125,791.4243774414062,-1,-1,1,-1,-1,-1
5083,42,1503.33984375,791.3743896484375,-1,-1,1,-1,-1,-1
5084,42,1481.910400390625,784.5078125,-1,-1,1,-1,-1,-1
5085,42,1460.4775390625,784.5234375,-1,-1,1,-1,-1,-1
5086,42,1446.22607421875,784.3653564453125,-1,-1,1,-1,-1,-1
5087,42,1424.61181640625,777.4923706054688,-1,-1,1,-1,-1,-1
5088,42,1403.4921875,777.2500610351562,-1,-1,1,-1,-1,-1
5089,42,1375.075439453125,777.3280029296875,-1,-1,1,-1,-1,-1
5090,42,1353.598388671875,770.2484130859375,-1,-1,1,-1,-1,-1
5091,42,1332.224365234375,770.2193603515625,-1,-1,1,-1,-1,-1
5092,42,1318.174560546875,770.2286987304688,-1,-1,1,-1,-1,-1
5093,42,1296.62158203125,763.2200317382812,-1,-1,1,-1,-1,-1
5094,42,1275.439208984375,763.2332153320312,-1,-1,1,-1,-1,-1
5095,42,1247.1104736328125,763.29638671875,-1,-1,1,-1,-1,-1
5096,42,1225.399658203125,756.4046630859375,-1,-1,1,-1,-1,-1
5097,42,1204.21923828125,756.3169555664062,-1,-1,1,-1,-1,-1
5098,42,1182.91796875,756.2227783203125,-1,-1,1,-1,-1,-1
5099,42,1161.67333984375,756.0836181640625,-1,-1,1,-1,-1,-1
5100,42,1133.31689453125,756.0262451171875,-1,-1,1,-1,-1,-1
5101,42,1111.8896484375,756.0272216796875,-1,-1,1,-1,-1,-1
5102,42,1083.467041015625,756.0588989257812,-1,-1,1,-1,-1,-1
5103,42,1062.29736328125,756.1651000976562,-1,-1,1,-1,-1,-1
5105,42,1012.2813720703125,749.0474853515625,-1,-1,1,-1,-1,-1
5106,42,983.9598388671875,749.05615234375,-1,-1,1,-1,-1,-1
5107,42,962.83203125,749.054443359375,-1,-1,1,-1,-1,-1
5111,42,870.3719482421875,742.2353515625,-1,-1,1,-1,-1,-1
5112,42,842.291748046875,742.185791015625,-1,-1,1,-1,-1,-1
5114,42,792.2694091796875,734.9176025390625,-1,-1,1,-1,-1,-1
5115,42,764.018798828125,734.88134765625,-1,-1,1,-1,-1,-1
5116,42,735.3952026367188,727.6796875,-1,-1,1,-1,-1,-1
5117,42,713.9088134765625,727.778564453125,-1,-1,1,-1,-1,-1
5118,42,685.8203125,727.6494140625,-1,-1,1,-1,-1,-1
5119,42,657.6043701171875,727.834716796875,-1,-1,1,-1,-1,-1
5120,42,636.0865478515625,720.6046142578125,-1,-1,1,-1,-1,-1
5121,42,607.52197265625,720.4564819335938,-1,-1,1,-1,-1,-1
5122,42,586.2127075195312,720.5362548828125,-1,-1,1,-1,-1,-1
5123,42,557.9061279296875,720.4523315429688,-1,-1,1,-1,-1,-1
5124,42,522.39501953125,720.6754760742188,-1,-1,1,-1,-1,-1
5125,42,494.0518798828125,720.6446533203125,-1,-1,1,-1,-1,-1
5126,42,472.79876708984375,720.5564575195312,-1,-1,1,-1,-1,-1
5127,42,444.27398681640625,720.7017822265625,-1,-1,1,-1,-1,-1
5128,42,415.9048156738281,720.7433471679688,-1,-1,1,-1,-1,-1
5129,42,387.7345886230469,720.6934204101562,-1,-1,1,-1,-1,-1
5130,42,359.0914306640625,720.61376953125,-1,-1,1,-1,-1,-1
5131,42,330.9940490722656,720.6100463867188,-1,-1,1,-1,-1,-1
5132,42,309.54168701171875,720.6325073242188,-1,-1,1,-1,-1,-1
5133,42,280.9029235839844,720.5604248046875,-1,-1,1,-1,-1,-1
5134,42,252.57888793945312,720.7828369140625,-1,-1,1,-1,-1,-1
5231,43,1872.218505859375,642.219482421875,-1,-1,1,-1,-1,-1
5232,43,1865.0030517578125,635.0948486328125,-1,-1,1,-1,-1,-1
5244,43,1716.8189697265625,535.7100830078125,-1,-1,1,-1,-1,-1
5246,43,1751.663818359375,464.93701171875,-1,-1,1,-1,-1,-1
5248,43,1652.6832275390625,535.9599609375,-1,-1,1,-1,-1,-1
5249,43,1638.4365234375,535.9776000976562,-1,-1,1,-1,-1,-1
5250,43,1624.288818359375,535.8984985351562,-1,-1,1,-1,-1,-1
5252,43,1595.63916015625,535.967041015625,-1,-1,1,-1,-1,-1
5254,43,1574.0386962890625,535.8883056640625,-1,-1,1,-1,-1,-1
5256,43,1538.5687255859375,542.9060668945312,-1,-1,1,-1,-1,-1
5257,43,1524.273193359375,543.0609741210938,-1,-1,1,-1,-1,-1
5258,43,1510.2373046875,549.927978515625,-1,-1,1,-1,-1,-1
5259,43,1495.8140869140625,550.0174560546875,-1,-1,1,-1,-1,-1
5260,43,1481.7366943359375,550.02880859375,-1,-1,1,-1,-1,-1
5261,43,1474.499267578125,550.0888671875,-1,-1,1,-1,-1,-1
5262,43,1460.28955078125,550.0553588867188,-1,-1,1,-1,-1,-1
5263,43,1446.01220703125,550.0980834960938,-1,-1,1,-1,-1,-1
5264,43,1431.779541015625,557.0869140625,-1,-1,1,-1,-1,-1
5265,43,1424.537353515625,557.032958984375,-1,-1,1,-1,-1,-1
5268,43,1403.28369140625,557.089599609375,-1,-1,1,-1,-1,-1
5269,43,1403.3697509765625,550.1661987304688,-1,-1,1,-1,-1,-1
5270,43,1389.19970703125,557.3129272460938,-1,-1,1,-1,-1,-1
5279,43,1318.13134765625,550.3399047851562,-1,-1,1,-1,-1,-1
5280,43,1303.796142578125,550.2042236328125,-1,-1,1,-1,-1,-1
5281,43,1296.8165283203125,557.210693359375,-1,-1,1,-1,-1,-1
5281,44,1147.786865234375,649.8077392578125,-1,-1,1,-1,-1,-1
5282,43,1289.6646728515625,557.12353515625,-1,-1,1,-1,-1,-1
5283,43,1282.51123046875,557.162109375,-1,-1,1,-1,-1,-1
5283,44,1119.3883056640625,649.80859375,-1,-1,1,-1,-1,-1
5284,43,1275.4903564453125,557.3330078125,-1,-1,1,-1,-1,-1
5284,44,1105.10498046875,649.7518310546875,-1,-1,1,-1,-1,-1
5285,43,1261.16015625,557.0648193359375,-1,-1,1,-1,-1,-1
5285,44,1090.951171875,649.7078857421875,-1,-1,1,-1,-1,-1
5286,43,1254.125732421875,557.3294677734375,-1,-1,1,-1,-1,-1
5286,44,1076.52294921875,642.6358642578125,-1,-1,1,-1,-1,-1
5287,43,1246.897705078125,557.5778198242188,-1,-1,1,-1,-1,-1
5287,44,1062.399658203125,642.7404174804688,-1,-1,1,-1,-1,-1
5288,43,1239.79345703125,557.0979614257812,-1,-1,1,-1,-1,-1
5289,44,1034.071044921875,635.527587890625,-1,-1,1,-1,-1,-1
5291,43,1211.47021484375,543.2001953125,-1,-1,1,-1,-1,-1
5292,43,1197.5550537109375,542.8406982421875,-1,-1,1,-1,-1,-1
5294,43,1183.134521484375,535.9655151367188,-1,-1,1,-1,-1,-1
5319,44,593.9381103515625,543.0302734375,-1,-1,1,-1,-1,-1
5320,44,565.6758422851562,543.088134765625,-1,-1,1,-1,-1,-1
5321,44,529.970947265625,543.1043090820312,-1,-1,1,-1,-1,-1
5322,44,515.85400390625,543.1668090820312,-1,-1,1,-1,-1,-1
5323,44,487.52325439453125,550.189697265625,-1,-1,1,-1,-1,-1
5324,44,466.21978759765625,550.2455444335938,-1,-1,1,-1,-1,-1
5325,44,444.82073974609375,550.2542114257812,-1,-1,1,-1,-1,-1
