114,1,209.87445068359375,734.765869140625,-1,-1,1,-1,-1,-1
123,1,423.1119689941406,706.444091796875,-1,-1,1,-1,-1,-1
125,1,465.78955078125,699.2525634765625,-1,-1,1,-1,-1,-1
126,1,487.0638427734375,699.3008422851562,-1,-1,1,-1,-1,-1
127,1,508.4400634765625,699.2413330078125,-1,-1,1,-1,-1,-1
128,1,529.6148681640625,699.40478515625,-1,-1,1,-1,-1,-1
129,1,550.8079833984375,706.2147216796875,-1,-1,1,-1,-1,-1
130,1,565.0706787109375,706.3739013671875,-1,-1,1,-1,-1,-1
131,1,586.4472045898438,706.3941650390625,-1,-1,1,-1,-1,-1
132,1,600.67431640625,706.4268798828125,-1,-1,1,-1,-1,-1
133,1,614.8035278320312,699.4518432617188,-1,-1,1,-1,-1,-1
134,1,621.762451171875,692.05810546875,-1,-1,1,-1,-1,-1
135,1,636.006591796875,691.783447265625,-1,-1,1,-1,-1,-1
136,1,657.3345947265625,684.7581787109375,-1,-1,1,-1,-1,-1
137,1,671.4622802734375,684.774169921875,-1,-1,1,-1,-1,-1
138,1,678.5478515625,684.809326171875,-1,-1,1,-1,-1,-1
139,1,692.8154296875,684.8511962890625,-1,-1,1,-1,-1,-1
140,1,699.768798828125,677.7733154296875,-1,-1,1,-1,-1,-1
141,1,706.8883666992188,677.7509155273438,-1,-1,1,-1,-1,-1
142,1,706.99951171875,677.65234375,-1,-1,1,-1,-1,-1
143,1,714.15087890625,684.7994384765625,-1,-1,1,-1,-1,-1
144,1,713.9000244140625,684.704345703125,-1,-1,1,-1,-1,-1
145,1,713.7774047851562,692.153564453125,-1,-1,1,-1,-1,-1
146,1,713.9262084960938,699.1864013671875,-1,-1,1,-1,-1,-1
147,1,713.8016967773438,706.4490966796875,-1,-1,1,-1,-1,-1
148,1,713.7857055664062,713.5498046875,-1,-1,1,-1,-1,-1
149,1,713.8575439453125,713.518310546875,-1,-1,1,-1,-1,-1
150,1,713.8993530273438,720.6414794921875,-1,-1,1,-1,-1,-1
151,1,714.090576171875,720.626953125,-1,-1,1,-1,-1,-1
152,1,714.1422119140625,720.694091796875,-1,-1,1,-1,-1,-1
153,1,714.1424560546875,727.6337890625,-1,-1,1,-1,-1,-1
154,1,714.3228759765625,727.71533203125,-1,-1,1,-1,-1,-1
155,1,707.2711181640625,734.5821533203125,-1,-1,1,-1,-1,-1
156,1,707.176513671875,734.8037109375,-1,-1,1,-1,-1,-1
157,1,707.2374267578125,741.9146728515625,-1,-1,1,-1,-1,-1
158,1,707.1072998046875,742.0677490234375,-1,-1,1,-1,-1,-1
159,1,714.2305297851562,749.135498046875,-1,-1,1,-1,-1,-1
160,1,714.349609375,749.1112060546875,-1,-1,1,-1,-1,-1
161,1,721.496826171875,749.17138671875,-1,-1,1,-1,-1,-1
162,1,728.669677734375,756.2255859375,-1,-1,1,-1,-1,-1
163,1,742.7877197265625,763.3519287109375,-1,-1,1,-1,-1,-1
164,1,749.7570190429688,763.491455078125,-1,-1,1,-1,-1,-1
165,1,764.0216674804688,770.7357177734375,-1,-1,1,-1,-1,-1
166,1,771.1409912109375,770.65771484375,-1,-1,1,-1,-1,-1
167,1,785.318359375,770.7891845703125,-1,-1,1,-1,-1,-1
168,1,785.3790893554688,770.6396484375,-1,-1,1,-1,-1,-1
169,1,800.0076904296875,770.668701171875,-1,-1,1,-1,-1,-1
170,1,807.0574340820312,770.7503662109375,-1,-1,1,-1,-1,-1
171,1,821.28955078125,770.7745361328125,-1,-1,1,-1,-1,-1
172,1,835.1415405273438,763.5885009765625,-1,-1,1,-1,-1,-1
173,1,856.5791015625,763.7001953125,-1,-1,1,-1,-1,-1
174,1,870.7783203125,763.5726928710938,-1,-1,1,-1,-1,-1
175,1,892.275634765625,763.6571655273438,-1,-1,1,-1,-1,-1
176,1,899.2734375,756.6478271484375,-1,-1,1,-1,-1,-1
177,1,920.4158325195312,749.314697265625,-1,-1,1,-1,-1,-1
178,1,934.6743774414062,749.528076171875,-1,-1,1,-1,-1,-1
179,1,956.0949096679688,742.1283569335938,-1,-1,1,-1,-1,-1
180,1,984.4014892578125,742.2928466796875,-1,-1,1,-1,-1,-1
181,1,1005.7684936523438,742.3392333984375,-1,-1,1,-1,-1,-1
182,1,1026.9295654296875,735.46923828125,-1,-1,1,-1,-1,-1
183,1,1062.5750732421875,727.9202880859375,-1,-1,1,-1,-1,-1
184,1,1083.69384765625,728.072265625,-1,-1,1,-1,-1,-1
185,1,1112.25341796875,728.3004150390625,-1,-1,1,-1,-1,-1
186,1,1140.542724609375,721.1035766601562,-1,-1,1,-1,-1,-1
187,1,1161.9482421875,713.6375732421875,-1,-1,1,-1,-1,-1
188,1,1183.318115234375,706.5914306640625,-1,-1,1,-1,-1,-1
189,1,1211.642333984375,706.53759765625,-1,-1,1,-1,-1,-1
190,1,1240.158447265625,706.5831298828125,-1,-1,1,-1,-1,-1
191,1,1268.6038818359375,706.6022338867188,-1,-1,1,-1,-1,-1
192,1,1289.74755859375,706.47607421875,-1,-1,1,-1,-1,-1
193,1,1303.8828125,706.50927734375,-1,-1,1,-1,-1,-1
194,1,1332.14794921875,706.8614501953125,-1,-1,1,-1,-1,-1
195,1,1353.673583984375,706.6405029296875,-1,-1,1,-1,-1,-1
196,1,1374.9990234375,706.8530883789062,-1,-1,1,-1,-1,-1
197,1,1396.148193359375,699.3233642578125,-1,-1,1,-1,-1,-1
198,1,1431.289794921875,699.477294921875,-1,-1,1,-1,-1,-1
199,1,1459.998291015625,692.5145263671875,-1,-1,1,-1,-1,-1
200,1,1481.45263671875,685.1416015625,-1,-1,1,-1,-1,-1
201,1,1495.924072265625,685.1727294921875,-1,-1,1,-1,-1,-1
204,1,1566.782958984375,677.9881591796875,-1,-1,1,-1,-1,-1
205,1,1587.9332275390625,678.1339111328125,-1,-1,1,-1,-1,-1
206,1,1609.404052734375,678.0103759765625,-1,-1,1,-1,-1,-1
207,1,1637.7470703125,678.1200561523438,-1,-1,1,-1,-1,-1
328,2,422.9883728027344,564.5697021484375,-1,-1,1,-1,-1,-1
331,2,444.20001220703125,564.8175048828125,-1,-1,1,-1,-1,-1
332,2,458.27264404296875,564.8109130859375,-1,-1,1,-1,-1,-1
333,2,465.5777587890625,557.544189453125,-1,-1,1,-1,-1,-1
334,2,472.62152099609375,564.4688720703125,-1,-1,1,-1,-1,-1
335,2,486.7026062011719,564.6163330078125,-1,-1,1,-1,-1,-1
336,2,493.85443115234375,564.5637817382812,-1,-1,1,-1,-1,-1
337,2,501.05340576171875,564.6467895507812,-1,-1,1,-1,-1,-1
338,2,515.08056640625,571.6500854492188,-1,-1,1,-1,-1,-1
339,2,529.2674560546875,571.7022094726562,-1,-1,1,-1,-1,-1
340,2,543.6605224609375,571.8701171875,-1,-1,1,-1,-1,-1
341,2,564.9426879882812,578.67724609375,-1,-1,1,-1,-1,-1
342,2,579.0894165039062,578.7923583984375,-1,-1,1,-1,-1,-1
343,2,600.414306640625,578.5791015625,-1,-1,1,-1,-1,-1
344,2,621.81298828125,578.7351684570312,-1,-1,1,-1,-1,-1
345,2,643.0660400390625,585.5133056640625,-1,-1,1,-1,-1,-1
346,2,671.584716796875,585.572998046875,-1,-1,1,-1,-1,-1
347,2,692.9676513671875,585.6643676757812,-1,-1,1,-1,-1,-1
348,2,714.1646728515625,585.7200927734375,-1,-1,1,-1,-1,-1
349,2,728.634033203125,592.6393432617188,-1,-1,1,-1,-1,-1
350,2,749.7698364257812,592.737548828125,-1,-1,1,-1,-1,-1
351,2,771.189208984375,592.8390502929688,-1,-1,1,-1,-1,-1
352,2,785.4344482421875,592.7361450195312,-1,-1,1,-1,-1,-1
353,2,806.6461181640625,592.5732421875,-1,-1,1,-1,-1,-1
354,2,820.8818359375,592.78955078125,-1,-1,1,-1,-1,-1
355,2,835.143310546875,592.6565551757812,-1,-1,1,-1,-1,-1
356,2,849.39794921875,592.6400146484375,-1,-1,1,-1,-1,-1
357,2,863.5513916015625,585.6886596679688,-1,-1,1,-1,-1,-1
358,2,877.855224609375,592.7044067382812,-1,-1,1,-1,-1,-1
359,2,892.02587890625,592.7186279296875,-1,-1,1,-1,-1,-1
360,2,899.0888671875,592.7353515625,-1,-1,1,-1,-1,-1
361,2,906.2938842773438,592.748779296875,-1,-1,1,-1,-1,-1
362,2,913.232177734375,592.791748046875,-1,-1,1,-1,-1,-1
363,2,927.4296875,592.7994384765625,-1,-1,1,-1,-1,-1
364,2,934.6204833984375,599.8694458007812,-1,-1,1,-1,-1,-1
365,2,941.60498046875,599.9073486328125,-1,-1,1,-1,-1,-1
366,2,941.7291259765625,606.8663330078125,-1,-1,1,-1,-1,-1
367,2,956.001953125,607.0309448242188,-1,-1,1,-1,-1,-1
368,2,962.961669921875,607.1331787109375,-1,-1,1,-1,-1,-1
369,2,970.0899658203125,614.1212158203125,-1,-1,1,-1,-1,-1
370,2,984.2457275390625,614.138671875,-1,-1,1,-1,-1,-1
371,2,991.2811889648438,621.1141967773438,-1,-1,1,-1,-1,-1
372,2,998.4961547851562,621.1867065429688,-1,-1,1,-1,-1,-1
373,2,1005.6409301757812,621.2384033203125,-1,-1,1,-1,-1,-1
374,2,1019.7509765625,621.234375,-1,-1,1,-1,-1,-1
375,2,1026.8369140625,621.2233276367188,-1,-1,1,-1,-1,-1
376,2,1041.1671142578125,621.2071533203125,-1,-1,1,-1,-1,-1
377,2,1055.381591796875,621.070068359375,-1,-1,1,-1,-1,-1
378,2,1062.359130859375,621.1873779296875,-1,-1,1,-1,-1,-1
379,2,1076.610107421875,614.2662353515625,-1,-1,1,-1,-1,-1
380,2,1090.80078125,614.3167724609375,-1,-1,1,-1,-1,-1
381,2,1104.8525390625,621.109619140625,-1,-1,1,-1,-1,-1
383,2,1133.443115234375,614.3358154296875,-1,-1,1,-1,-1,-1
384,2,1147.376708984375,614.0389404296875,-1,-1,1,-1,-1,-1
385,2,1161.8951416015625,607.2540283203125,-1,-1,1,-1,-1,-1
386,2,1183.227783203125,606.999267578125,-1,-1,1,-1,-1,-1
390,2,1247.047607421875,599.84521484375,-1,-1,1,-1,-1,-1
396,2,1353.686767578125,592.826416015625,-1,-1,1,-1,-1,-1
398,2,1396.4041748046875,585.9442138671875,-1,-1,1,-1,-1,-1
400,2,1439.0023193359375,585.9950561523438,-1,-1,1,-1,-1,-1
401,2,1460.22607421875,585.9529418945312,-1,-1,1,-1,-1,-1
643,3,231.4088897705078,514.93505859375,-1,-1,1,-1,-1,-1
647,3,316.485107421875,507.82196044921875,-1,-1,1,-1,-1,-1
649,3,359.3688049316406,507.915771484375,-1,-1,1,-1,-1,-1
652,3,416.2739562988281,515.0242919921875,-1,-1,1,-1,-1,-1
653,3,437.40606689453125,514.9388427734375,-1,-1,1,-1,-1,-1
654,3,458.832763671875,514.9813842773438,-1,-1,1,-1,-1,-1
655,3,480.0799560546875,514.9583740234375,-1,-1,1,-1,-1,-1
656,3,501.5102844238281,507.7967224121094,-1,-1,1,-1,-1,-1
657,3,522.8441162109375,507.83209228515625,-1,-1,1,-1,-1,-1
658,3,536.9417724609375,507.77569580078125,-1,-1,1,-1,-1,-1
659,3,558.2952880859375,507.9569396972656,-1,-1,1,-1,-1,-1
660,3,572.5068359375,508.00677490234375,-1,-1,1,-1,-1,-1
661,3,586.8525390625,500.7386474609375,-1,-1,1,-1,-1,-1
662,3,600.9738159179688,500.90740966796875,-1,-1,1,-1,-1,-1
663,3,622.2551879882812,493.79852294921875,-1,-1,1,-1,-1,-1
664,3,643.695556640625,486.61065673828125,-1,-1,1,-1,-1,-1
665,3,664.841552734375,486.698486328125,-1,-1,1,-1,-1,-1
666,3,679.0862426757812,479.667236328125,-1,-1,1,-1,-1,-1
667,3,700.5357666015625,472.64013671875,-1,-1,1,-1,-1,-1
668,3,721.6785888671875,465.34771728515625,-1,-1,1,-1,-1,-1
669,3,743.08984375,458.1829833984375,-1,-1,1,-1,-1,-1
670,3,757.351806640625,458.2681579589844,-1,-1,1,-1,-1,-1
671,3,778.4879150390625,451.20904541015625,-1,-1,1,-1,-1,-1
672,3,792.785888671875,444.17877197265625,-1,-1,1,-1,-1,-1
673,3,814.05859375,437.0030212402344,-1,-1,1,-1,-1,-1
674,3,828.2976684570312,429.87677001953125,-1,-1,1,-1,-1,-1
675,3,842.584716796875,429.99127197265625,-1,-1,1,-1,-1,-1
676,3,856.90771484375,422.8466796875,-1,-1,1,-1,-1,-1
677,3,877.8482666015625,422.8092956542969,-1,-1,1,-1,-1,-1
678,3,892.263671875,422.92303466796875,-1,-1,1,-1,-1,-1
679,3,913.564697265625,415.61431884765625,-1,-1,1,-1,-1,-1
680,3,927.9410400390625,415.6947326660156,-1,-1,1,-1,-1,-1
681,3,942.1520385742188,415.6881103515625,-1,-1,1,-1,-1,-1
682,3,956.1475219726562,422.9150695800781,-1,-1,1,-1,-1,-1
683,3,970.384521484375,422.917724609375,-1,-1,1,-1,-1,-1
684,3,984.6573486328125,422.8997497558594,-1,-1,1,-1,-1,-1
685,3,998.9136962890625,422.7059326171875,-1,-1,1,-1,-1,-1
686,3,1005.8139038085938,429.8851013183594,-1,-1,1,-1,-1,-1
687,3,1013.0499267578125,429.875244140625,-1,-1,1,-1,-1,-1
688,3,1027.2998046875,429.8941650390625,-1,-1,1,-1,-1,-1
689,3,1041.5413818359375,429.8311767578125,-1,-1,1,-1,-1,-1
690,3,1048.317626953125,436.97747802734375,-1,-1,1,-1,-1,-1
691,3,1062.7242431640625,437.01361083984375,-1,-1,1,-1,-1,-1
692,3,1077.143310546875,436.92669677734375,-1,-1,1,-1,-1,-1
693,3,1091.247802734375,444.17071533203125,-1,-1,1,-1,-1,-1
694,3,1098.2647705078125,443.963134765625,-1,-1,1,-1,-1,-1
695,3,1112.69384765625,443.9886779785156,-1,-1,1,-1,-1,-1
696,3,1126.935791015625,443.97247314453125,-1,-1,1,-1,-1,-1
697,3,1148.10791015625,443.9630432128906,-1,-1,1,-1,-1,-1
698,3,1162.237548828125,443.9117431640625,-1,-1,1,-1,-1,-1
699,3,1176.5853271484375,451.26763916015625,-1,-1,1,-1,-1,-1
700,3,1197.90576171875,451.1864929199219,-1,-1,1,-1,-1,-1
701,3,1219.19677734375,451.0691223144531,-1,-1,1,-1,-1,-1
702,3,1240.644287109375,451.1344909667969,-1,-1,1,-1,-1,-1
703,3,1261.86279296875,451.0599060058594,-1,-1,1,-1,-1,-1
704,3,1283.4476318359375,451.17425537109375,-1,-1,1,-1,-1,-1
705,3,1304.40625,458.2811279296875,-1,-1,1,-1,-1,-1
706,3,1325.8992919921875,458.379638671875,-1,-1,1,-1,-1,-1
707,3,1347.348388671875,458.3424072265625,-1,-1,1,-1,-1,-1
708,3,1368.5819091796875,458.3135986328125,-1,-1,1,-1,-1,-1
709,3,1389.577392578125,465.47235107421875,-1,-1,1,-1,-1,-1
710,3,1411.08203125,465.3739318847656,-1,-1,1,-1,-1,-1
711,3,1432.3602294921875,465.1521301269531,-1,-1,1,-1,-1,-1
712,3,1453.586669921875,465.06805419921875,-1,-1,1,-1,-1,-1
713,3,1482.1787109375,465.1226806640625,-1,-1,1,-1,-1,-1
714,3,1503.3140869140625,472.3284912109375,-1,-1,1,-1,-1,-1
715,3,1524.655517578125,472.267822265625,-1,-1,1,-1,-1,-1
896,4,643.2122802734375,408.1387634277344,-1,-1,1,-1,-1,-1
897,4,657.30908203125,415.3349914550781,-1,-1,1,-1,-1,-1
899,4,678.78564453125,436.55926513671875,-1,-1,1,-1,-1,-1
900,4,693.009521484375,436.9661865234375,-1,-1,1,-1,-1,-1
901,4,707.140380859375,443.9420166015625,-1,-1,1,-1,-1,-1
902,4,714.28759765625,443.95941162109375,-1,-1,1,-1,-1,-1
903,4,728.4774169921875,444.03564453125,-1,-1,1,-1,-1,-1
905,4,749.80517578125,450.79644775390625,-1,-1,1,-1,-1,-1
906,4,756.9537353515625,450.8377685546875,-1,-1,1,-1,-1,-1
907,4,771.1590576171875,450.93914794921875,-1,-1,1,-1,-1,-1
908,4,778.3609619140625,451.02398681640625,-1,-1,1,-1,-1,-1
909,4,785.436767578125,451.128173828125,-1,-1,1,-1,-1,-1
910,4,792.4090576171875,451.197265625,-1,-1,1,-1,-1,-1
911,4,799.58447265625,451.01812744140625,-1,-1,1,-1,-1,-1
912,4,806.7490234375,451.16375732421875,-1,-1,1,-1,-1,-1
913,4,813.8067016601562,458.2066650390625,-1,-1,1,-1,-1,-1
914,4,821.0670166015625,464.988037109375,-1,-1,1,-1,-1,-1
915,4,828.0817260742188,465.3941955566406,-1,-1,1,-1,-1,-1
916,4,835.121337890625,472.4677734375,-1,-1,1,-1,-1,-1
917,4,842.223388671875,479.26629638671875,-1,-1,1,-1,-1,-1
918,4,842.2279052734375,486.382080078125,-1,-1,1,-1,-1,-1
919,4,849.3773193359375,486.5548095703125,-1,-1,1,-1,-1,-1
920,4,856.475830078125,493.8064270019531,-1,-1,1,-1,-1,-1
921,4,863.44482421875,500.7950439453125,-1,-1,1,-1,-1,-1
922,4,870.6130981445312,507.8120422363281,-1,-1,1,-1,-1,-1
923,4,884.8194580078125,514.923583984375,-1,-1,1,-1,-1,-1
924,4,892.0224609375,522.0828857421875,-1,-1,1,-1,-1,-1
926,4,913.3289794921875,536.2703247070312,-1,-1,1,-1,-1,-1
927,4,920.5447387695312,543.393310546875,-1,-1,1,-1,-1,-1
928,4,934.7384033203125,550.1227416992188,-1,-1,1,-1,-1,-1
929,4,941.697998046875,557.3016357421875,-1,-1,1,-1,-1,-1
930,4,948.99365234375,557.58056640625,-1,-1,1,-1,-1,-1
931,4,955.8729248046875,564.137939453125,-1,-1,1,-1,-1,-1
932,4,963.2857666015625,564.574462890625,-1,-1,1,-1,-1,-1
933,4,970.1317138671875,571.4083251953125,-1,-1,1,-1,-1,-1
934,4,977.4693603515625,571.7403564453125,-1,-1,1,-1,-1,-1
935,4,984.5450439453125,571.7498168945312,-1,-1,1,-1,-1,-1
936,4,991.604736328125,571.6552124023438,-1,-1,1,-1,-1,-1
937,4,1005.8568725585938,578.650634765625,-1,-1,1,-1,-1,-1
938,4,1012.939453125,578.7393188476562,-1,-1,1,-1,-1,-1
939,4,1020.12744140625,578.85986328125,-1,-1,1,-1,-1,-1
940,4,1034.3482666015625,578.7190551757812,-1,-1,1,-1,-1,-1
941,4,1041.39794921875,578.6995849609375,-1,-1,1,-1,-1,-1
942,4,1055.60888671875,578.7296142578125,-1,-1,1,-1,-1,-1
943,4,1062.7484130859375,578.7105712890625,-1,-1,1,-1,-1,-1
944,4,1076.9869384765625,578.760009765625,-1,-1,1,-1,-1,-1
945,4,1091.133544921875,578.5501098632812,-1,-1,1,-1,-1,-1
946,4,1098.2728271484375,578.76806640625,-1,-1,1,-1,-1,-1
947,4,1112.49755859375,579.064208984375,-1,-1,1,-1,-1,-1
948,4,1119.638916015625,579.1661376953125,-1,-1,1,-1,-1,-1
949,4,1126.7490234375,586.0372924804688,-1,-1,1,-1,-1,-1
950,4,1133.8726806640625,586.1229248046875,-1,-1,1,-1,-1,-1
951,4,1140.951171875,586.125,-1,-1,1,-1,-1,-1
952,4,1148.107666015625,586.069580078125,-1,-1,1,-1,-1,-1
953,4,1155.2572021484375,586.013916015625,-1,-1,1,-1,-1,-1
954,4,1162.304443359375,578.9307861328125,-1,-1,1,-1,-1,-1
955,4,1169.2734375,579.1141357421875,-1,-1,1,-1,-1,-1
956,4,1176.3797607421875,579.1233520507812,-1,-1,1,-1,-1,-1
957,4,1183.5289306640625,579.1150512695312,-1,-1,1,-1,-1,-1
958,4,1190.6773681640625,578.875244140625,-1,-1,1,-1,-1,-1
959,4,1197.68701171875,571.8223876953125,-1,-1,1,-1,-1,-1
960,4,1204.841064453125,572.0684814453125,-1,-1,1,-1,-1,-1
961,4,1219.064697265625,572.048583984375,-1,-1,1,-1,-1,-1
962,4,1226.144287109375,571.94189453125,-1,-1,1,-1,-1,-1
963,4,1240.35107421875,564.9407958984375,-1,-1,1,-1,-1,-1
964,4,1247.383056640625,564.8888549804688,-1,-1,1,-1,-1,-1
965,4,1261.698974609375,564.8642578125,-1,-1,1,-1,-1,-1
966,4,1275.88525390625,557.56689453125,-1,-1,1,-1,-1,-1
967,4,1290.12353515625,557.9600830078125,-1,-1,1,-1,-1,-1
968,4,1304.377197265625,557.7628173828125,-1,-1,1,-1,-1,-1
969,4,1325.5828857421875,550.7142333984375,-1,-1,1,-1,-1,-1
970,4,1339.932373046875,550.7659912109375,-1,-1,1,-1,-1,-1
971,4,1361.29248046875,543.3157348632812,-1,-1,1,-1,-1,-1
972,4,1375.30224609375,543.2471313476562,-1,-1,1,-1,-1,-1
973,4,1389.4853515625,543.5067138671875,-1,-1,1,-1,-1,-1
974,4,1403.906494140625,543.6424560546875,-1,-1,1,-1,-1,-1
975,4,1418.0313720703125,543.6942749023438,-1,-1,1,-1,-1,-1
976,4,1432.279052734375,543.6585083007812,-1,-1,1,-1,-1,-1
977,4,1453.44970703125,543.6144409179688,-1,-1,1,-1,-1,-1
978,4,1467.6705322265625,543.4556274414062,-1,-1,1,-1,-1,-1
979,4,1481.9869384765625,543.5289306640625,-1,-1,1,-1,-1,-1
980,4,1496.2548828125,543.537841796875,-1,-1,1,-1,-1,-1
981,4,1510.355224609375,543.531982421875,-1,-1,1,-1,-1,-1
982,4,1524.649169921875,536.2215576171875,-1,-1,1,-1,-1,-1
983,4,1531.80615234375,543.608154296875,-1,-1,1,-1,-1,-1
984,4,1545.932373046875,543.3697509765625,-1,-1,1,-1,-1,-1
985,4,1553.06494140625,543.4541625976562,-1,-1,1,-1,-1,-1
986,4,1560.0736083984375,543.352294921875,-1,-1,1,-1,-1,-1
987,4,1567.099365234375,543.315185546875,-1,-1,1,-1,-1,-1
988,4,1567.3011474609375,550.5809326171875,-1,-1,1,-1,-1,-1
989,4,1574.2666015625,550.5556640625,-1,-1,1,-1,-1,-1
990,4,1574.29248046875,550.5253295898438,-1,-1,1,-1,-1,-1
991,4,1574.28955078125,550.5528564453125,-1,-1,1,-1,-1,-1
992,4,1574.3330078125,550.56591796875,-1,-1,1,-1,-1,-1
993,4,1574.327880859375,550.3546752929688,-1,-1,1,-1,-1,-1
994,4,1574.279541015625,557.6646118164062,-1,-1,1,-1,-1,-1
995,4,1574.4302978515625,557.693359375,-1,-1,1,-1,-1,-1
996,4,1574.338623046875,557.6458740234375,-1,-1,1,-1,-1,-1
997,4,1581.2958984375,557.6484375,-1,-1,1,-1,-1,-1
998,4,1595.51513671875,557.872802734375,-1,-1,1,-1,-1,-1
999,4,1609.694580078125,550.512451171875,-1,-1,1,-1,-1,-1
1000,4,1631.165283203125,550.5599365234375,-1,-1,1,-1,-1,-1
1001,4,1645.296142578125,543.5068359375,-1,-1,1,-1,-1,-1
1002,4,1666.55859375,543.40966796875,-1,-1,1,-1,-1,-1
1003,4,1687.826416015625,536.3818969726562,-1,-1,1,-1,-1,-1
1004,4,1716.3651123046875,536.361328125,-1,-1,1,-1,-1,-1
1005,4,1744.749267578125,529.2628173828125,-1,-1,1,-1,-1,-1
1006,4,1766.0196533203125,529.1968383789062,-1,-1,1,-1,-1,-1
1007,4,1794.36962890625,529.2040405273438,-1,-1,1,-1,-1,-1
1008,4,1822.7088623046875,529.1574096679688,-1,-1,1,-1,-1,-1
1009,4,1851.1693115234375,529.0670776367188,-1,-1,1,-1,-1,-1
1010,4,1879.609130859375,528.9072265625,-1,-1,1,-1,-1,-1
1713,5,167.42904663085938,557.66552734375,-1,-1,1,-1,-1,-1
1714,5,202.69943237304688,557.717041015625,-1,-1,1,-1,-1,-1
1715,5,238.33645629882812,557.660400390625,-1,-1,1,-1,-1,-1
1716,5,273.9205017089844,557.56494140625,-1,-1,1,-1,-1,-1
1717,5,302.35400390625,557.759521484375,-1,-1,1,-1,-1,-1
1718,5,338.0084228515625,564.831298828125,-1,-1,1,-1,-1,-1
1719,5,366.1407165527344,564.8034057617188,-1,-1,1,-1,-1,-1
1720,5,401.89263916015625,571.9339599609375,-1,-1,1,-1,-1,-1
1721,5,430.1243591308594,571.67529296875,-1,-1,1,-1,-1,-1
1722,5,458.4918212890625,578.8868408203125,-1,-1,1,-1,-1,-1
1723,5,479.91058349609375,578.9322509765625,-1,-1,1,-1,-1,-1
1724,5,508.4910888671875,586.1072998046875,-1,-1,1,-1,-1,-1
1725,5,536.63916015625,585.9212646484375,-1,-1,1,-1,-1,-1
1726,5,558.244873046875,586.1536254882812,-1,-1,1,-1,-1,-1
1727,5,586.5948486328125,593.1943359375,-1,-1,1,-1,-1,-1
1728,5,614.9818725585938,593.119384765625,-1,-1,1,-1,-1,-1
1729,5,643.481201171875,593.132080078125,-1,-1,1,-1,-1,-1
1730,5,665.054443359375,600.2457275390625,-1,-1,1,-1,-1,-1
1731,5,686.1571044921875,600.201904296875,-1,-1,1,-1,-1,-1
1732,5,714.33154296875,593.0151977539062,-1,-1,1,-1,-1,-1
1733,5,735.849853515625,593.172607421875,-1,-1,1,-1,-1,-1
1734,5,757.208740234375,593.3408813476562,-1,-1,1,-1,-1,-1
1735,5,785.7039794921875,593.1549072265625,-1,-1,1,-1,-1,-1
1736,5,806.58056640625,585.8489379882812,-1,-1,1,-1,-1,-1
1737,5,828.23828125,586.0189208984375,-1,-1,1,-1,-1,-1
1738,5,849.5550537109375,585.9047241210938,-1,-1,1,-1,-1,-1
1739,5,870.7005615234375,578.774169921875,-1,-1,1,-1,-1,-1
1740,5,892.1144409179688,578.8978271484375,-1,-1,1,-1,-1,-1
1741,5,906.44677734375,578.9619750976562,-1,-1,1,-1,-1,-1
1742,5,927.667724609375,578.9708862304688,-1,-1,1,-1,-1,-1
1743,5,956.0849609375,578.771240234375,-1,-1,1,-1,-1,-1
1744,5,977.398193359375,578.8599853515625,-1,-1,1,-1,-1,-1
1745,5,998.66796875,578.8575439453125,-1,-1,1,-1,-1,-1
1746,5,1027.0673828125,571.783203125,-1,-1,1,-1,-1,-1
1747,5,1055.406982421875,571.650390625,-1,-1,1,-1,-1,-1
1748,5,1083.74853515625,564.4337158203125,-1,-1,1,-1,-1,-1
1749,5,1112.283203125,564.576416015625,-1,-1,1,-1,-1,-1
1750,5,1147.706787109375,564.4996337890625,-1,-1,1,-1,-1,-1
1751,5,1176.345703125,564.574462890625,-1,-1,1,-1,-1,-1
1752,5,1204.75732421875,564.595458984375,-1,-1,1,-1,-1,-1
1753,5,1240.238037109375,564.5523681640625,-1,-1,1,-1,-1,-1
1754,5,1275.7587890625,564.5238037109375,-1,-1,1,-1,-1,-1
1755,5,1304.13916015625,564.5745849609375,-1,-1,1,-1,-1,-1
1756,5,1339.64892578125,564.5074462890625,-1,-1,1,-1,-1,-1
1760,6,274.0674743652344,677.419677734375,-1,-1,1,-1,-1,-1
1761,6,309.4698486328125,677.556884765625,-1,-1,1,-1,-1,-1
1762,6,337.9384765625,677.471435546875,-1,-1,1,-1,-1,-1
1763,6,373.439453125,677.470947265625,-1,-1,1,-1,-1,-1
1764,5,1616.8154296875,571.8582763671875,-1,-1,1,-1,-1,-1
1764,6,408.95855712890625,685.1990966796875,-1,-1,1,-1,-1,-1
1765,6,430.13116455078125,677.4354248046875,-1,-1,1,-1,-1,-1
1766,5,1695.020263671875,571.7657470703125,-1,-1,1,-1,-1,-1
1766,6,458.7127990722656,677.3841552734375,-1,-1,1,-1,-1,-1
1767,6,486.94781494140625,684.8384399414062,-1,-1,1,-1,-1,-1
1768,5,1766.3017578125,578.7696533203125,-1,-1,1,-1,-1,-1
1768,6,515.3375854492188,684.8101806640625,-1,-1,1,-1,-1,-1
1769,5,1801.58935546875,585.943115234375,-1,-1,1,-1,-1,-1
1769,6,543.8193359375,684.6796264648438,-1,-1,1,-1,-1,-1
1770,6,572.3256225585938,684.5863037109375,-1,-1,1,-1,-1,-1
1771,5,1879.8214111328125,585.69677734375,-1,-1,1,-1,-1,-1
1771,6,600.69482421875,684.7293701171875,-1,-1,1,-1,-1,-1
1772,6,629.0970458984375,684.809814453125,-1,-1,1,-1,-1,-1
1773,6,657.6199951171875,692.2842407226562,-1,-1,1,-1,-1,-1
1774,6,685.94189453125,692.0887451171875,-1,-1,1,-1,-1,-1
1775,6,707.3154907226562,691.9013671875,-1,-1,1,-1,-1,-1
1776,6,742.759033203125,699.4436645507812,-1,-1,1,-1,-1,-1
1777,6,771.085693359375,699.2535400390625,-1,-1,1,-1,-1,-1
1778,6,799.7083740234375,699.1434326171875,-1,-1,1,-1,-1,-1
1779,6,828.1357421875,699.0182495117188,-1,-1,1,-1,-1,-1
1780,6,863.5401611328125,706.2894287109375,-1,-1,1,-1,-1,-1
1781,6,892.0440673828125,706.0545043945312,-1,-1,1,-1,-1,-1
1782,6,927.69482421875,713.5724487304688,-1,-1,1,-1,-1,-1
1783,6,956.006591796875,713.3604736328125,-1,-1,1,-1,-1,-1
1785,6,1020.2213134765625,720.6378173828125,-1,-1,1,-1,-1,-1
1786,6,1055.5850830078125,720.552490234375,-1,-1,1,-1,-1,-1
1787,6,1084.0472412109375,727.7425537109375,-1,-1,1,-1,-1,-1
1788,6,1119.4222412109375,727.5674438476562,-1,-1,1,-1,-1,-1
1789,6,1140.82861328125,727.9661865234375,-1,-1,1,-1,-1,-1
1790,6,1183.624267578125,727.8572998046875,-1,-1,1,-1,-1,-1
1791,6,1219.2030029296875,734.910400390625,-1,-1,1,-1,-1,-1
1792,6,1254.8212890625,734.88720703125,-1,-1,1,-1,-1,-1
1793,6,1290.0751953125,734.751708984375,-1,-1,1,-1,-1,-1
1794,6,1318.462646484375,734.6566772460938,-1,-1,1,-1,-1,-1
1802,6,1610.00634765625,735.0372314453125,-1,-1,1,-1,-1,-1
1803,6,1645.6636962890625,735.0538330078125,-1,-1,1,-1,-1,-1
1895,7,437.2512512207031,642.4637451171875,-1,-1,1,-1,-1,-1
1897,7,437.0953369140625,656.86572265625,-1,-1,1,-1,-1,-1
1898,7,429.80877685546875,663.868408203125,-1,-1,1,-1,-1,-1
1899,7,422.8374938964844,664.0010986328125,-1,-1,1,-1,-1,-1
1901,7,415.7715148925781,671.061279296875,-1,-1,1,-1,-1,-1
1902,7,415.7984619140625,670.8734130859375,-1,-1,1,-1,-1,-1
1906,7,408.697265625,671.00048828125,-1,-1,1,-1,-1,-1
1908,7,408.70489501953125,671.087890625,-1,-1,1,-1,-1,-1
1909,7,408.6019287109375,671.0350952148438,-1,-1,1,-1,-1,-1
1910,7,408.5531005859375,670.9560546875,-1,-1,1,-1,-1,-1
1911,7,415.7184143066406,670.8118286132812,-1,-1,1,-1,-1,-1
1912,7,415.83197021484375,670.8694458007812,-1,-1,1,-1,-1,-1
1913,7,415.64642333984375,671.0857543945312,-1,-1,1,-1,-1,-1
1914,7,422.74578857421875,671.01708984375,-1,-1,1,-1,-1,-1
1915,7,429.9930114746094,671.0804443359375,-1,-1,1,-1,-1,-1
1916,7,437.16680908203125,670.91064453125,-1,-1,1,-1,-1,-1
1917,7,444.08258056640625,678.1924438476562,-1,-1,1,-1,-1,-1
1918,7,451.1943359375,685.551025390625,-1,-1,1,-1,-1,-1
1919,7,458.4000244140625,685.1863403320312,-1,-1,1,-1,-1,-1
1920,7,472.69073486328125,692.2215576171875,-1,-1,1,-1,-1,-1
1921,7,486.7818908691406,699.8792724609375,-1,-1,1,-1,-1,-1
1922,7,501.2078857421875,699.46826171875,-1,-1,1,-1,-1,-1
1923,7,522.2653198242188,706.7738037109375,-1,-1,1,-1,-1,-1
1924,7,536.5611572265625,706.7320556640625,-1,-1,1,-1,-1,-1
1925,7,550.7730102539062,706.8102416992188,-1,-1,1,-1,-1,-1
1926,7,565.023193359375,699.5411376953125,-1,-1,1,-1,-1,-1
1927,7,579.1231689453125,706.7713623046875,-1,-1,1,-1,-1,-1
1928,7,600.4273681640625,706.6195678710938,-1,-1,1,-1,-1,-1
1929,7,614.6469116210938,713.9239501953125,-1,-1,1,-1,-1,-1
1930,7,636.0968017578125,713.88037109375,-1,-1,1,-1,-1,-1
1931,7,650.2356567382812,706.781982421875,-1,-1,1,-1,-1,-1
1932,7,671.5006713867188,699.7747802734375,-1,-1,1,-1,-1,-1
1933,7,678.671630859375,685.2811279296875,-1,-1,1,-1,-1,-1
1934,7,692.7154541015625,678.349365234375,-1,-1,1,-1,-1,-1
1935,7,706.9854736328125,671.2750244140625,-1,-1,1,-1,-1,-1
1936,7,728.421630859375,664.0691528320312,-1,-1,1,-1,-1,-1
1937,7,742.6123046875,657.0338745117188,-1,-1,1,-1,-1,-1
1938,7,749.7559204101562,649.9727783203125,-1,-1,1,-1,-1,-1
1939,7,756.9194946289062,642.919189453125,-1,-1,1,-1,-1,-1
1940,7,763.9412841796875,635.8250732421875,-1,-1,1,-1,-1,-1
1941,7,771.1455078125,621.585205078125,-1,-1,1,-1,-1,-1
1942,7,771.009033203125,614.551025390625,-1,-1,1,-1,-1,-1
1943,7,785.290283203125,614.5396728515625,-1,-1,1,-1,-1,-1
1944,7,792.2957763671875,614.650390625,-1,-1,1,-1,-1,-1
1945,7,799.359130859375,614.6720581054688,-1,-1,1,-1,-1,-1
1946,7,813.54931640625,614.6417236328125,-1,-1,1,-1,-1,-1
1947,7,820.6589965820312,614.6685791015625,-1,-1,1,-1,-1,-1
1948,7,827.812744140625,614.6747436523438,-1,-1,1,-1,-1,-1
1949,7,842.2474365234375,614.6597900390625,-1,-1,1,-1,-1,-1
1950,7,849.245849609375,621.7552490234375,-1,-1,1,-1,-1,-1
1951,7,849.2991943359375,621.5482177734375,-1,-1,1,-1,-1,-1
1952,7,849.3524169921875,621.5925903320312,-1,-1,1,-1,-1,-1
1953,7,856.35888671875,628.9515380859375,-1,-1,1,-1,-1,-1
1954,7,856.3656005859375,628.8885498046875,-1,-1,1,-1,-1,-1
1955,7,856.3305053710938,621.607666015625,-1,-1,1,-1,-1,-1
1956,7,863.365234375,621.6964111328125,-1,-1,1,-1,-1,-1
1957,7,863.676025390625,621.88037109375,-1,-1,1,-1,-1,-1
1958,7,863.5823974609375,614.6982421875,-1,-1,1,-1,-1,-1
1959,7,870.7726440429688,614.7635498046875,-1,-1,1,-1,-1,-1
1960,7,877.68408203125,607.5582275390625,-1,-1,1,-1,-1,-1
1961,7,884.8016357421875,607.468994140625,-1,-1,1,-1,-1,-1
1962,7,891.9629516601562,607.5855102539062,-1,-1,1,-1,-1,-1
1963,7,899.24462890625,607.42578125,-1,-1,1,-1,-1,-1
1964,7,906.259033203125,600.393798828125,-1,-1,1,-1,-1,-1
1965,7,920.5164794921875,600.4141845703125,-1,-1,1,-1,-1,-1
1966,7,941.5772705078125,607.480712890625,-1,-1,1,-1,-1,-1
1967,7,956.1322021484375,607.6400146484375,-1,-1,1,-1,-1,-1
1968,7,970.199951171875,607.47509765625,-1,-1,1,-1,-1,-1
1969,7,991.58935546875,614.6439208984375,-1,-1,1,-1,-1,-1
1970,7,1012.9198608398438,614.6644287109375,-1,-1,1,-1,-1,-1
1971,7,1034.291015625,614.792236328125,-1,-1,1,-1,-1,-1
1972,7,1055.639892578125,614.6942138671875,-1,-1,1,-1,-1,-1
1973,7,1076.850830078125,621.8133544921875,-1,-1,1,-1,-1,-1
1974,7,1098.0958251953125,628.8238525390625,-1,-1,1,-1,-1,-1
1975,7,1119.5162353515625,643.0986938476562,-1,-1,1,-1,-1,-1
1976,7,1140.9139404296875,657.2008056640625,-1,-1,1,-1,-1,-1
1977,7,1162.2213134765625,671.2747802734375,-1,-1,1,-1,-1,-1
1978,7,1190.5152587890625,685.50341796875,-1,-1,1,-1,-1,-1
1979,7,1218.7864990234375,699.908447265625,-1,-1,1,-1,-1,-1
1980,7,1240.1492919921875,713.9942626953125,-1,-1,1,-1,-1,-1
1981,7,1275.82958984375,728.3828735351562,-1,-1,1,-1,-1,-1
1982,7,1311.3956298828125,749.62890625,-1,-1,1,-1,-1,-1
1983,7,1360.938232421875,763.835693359375,-1,-1,1,-1,-1,-1
1984,7,1403.8067626953125,763.8956298828125,-1,-1,1,-1,-1,-1
1985,7,1439.207275390625,756.787841796875,-1,-1,1,-1,-1,-1
1986,7,1474.689453125,749.692626953125,-1,-1,1,-1,-1,-1
1987,7,1517.3876953125,742.3790283203125,-1,-1,1,-1,-1,-1
1988,7,1552.7940673828125,728.146240234375,-1,-1,1,-1,-1,-1
1989,7,1595.5084228515625,721.063232421875,-1,-1,1,-1,-1,-1
1990,7,1645.025390625,706.5633544921875,-1,-1,1,-1,-1,-1
1991,7,1694.955322265625,699.5528564453125,-1,-1,1,-1,-1,-1
1992,7,1751.783203125,685.201416015625,-1,-1,1,-1,-1,-1
1993,7,1794.466552734375,699.4769287109375,-1,-1,1,-1,-1,-1
1994,7,1858.501708984375,706.6727294921875,-1,-1,1,-1,-1,-1
2055,8,39.33603286743164,606.8642578125,-1,-1,1,-1,-1,-1
2056,8,60.43789291381836,607.01611328125,-1,-1,1,-1,-1,-1
2057,8,81.91142272949219,607.0524291992188,-1,-1,1,-1,-1,-1
2058,8,103.21293640136719,606.952880859375,-1,-1,1,-1,-1,-1
2059,8,117.5444107055664,607.118896484375,-1,-1,1,-1,-1,-1
2060,8,138.67689514160156,607.1029052734375,-1,-1,1,-1,-1,-1
2061,8,160.07723999023438,607.0147705078125,-1,-1,1,-1,-1,-1
2062,8,174.32583618164062,607.050537109375,-1,-1,1,-1,-1,-1
2063,8,195.61146545410156,607.0628662109375,-1,-1,1,-1,-1,-1
2064,8,216.7938232421875,606.9332885742188,-1,-1,1,-1,-1,-1
2065,8,238.15036010742188,614.210205078125,-1,-1,1,-1,-1,-1
2066,8,259.41986083984375,614.2877197265625,-1,-1,1,-1,-1,-1
2067,8,287.8270263671875,614.1898803710938,-1,-1,1,-1,-1,-1
2068,8,309.2553405761719,614.0580444335938,-1,-1,1,-1,-1,-1
2068,9,970.1204833984375,749.06201171875,-1,-1,1,-1,-1,-1
2069,8,330.6336669921875,613.9873657226562,-1,-1,1,-1,-1,-1
2069,9,998.7283935546875,749.04248046875,-1,-1,1,-1,-1,-1
2070,8,344.86090087890625,614.089111328125,-1,-1,1,-1,-1,-1
2070,9,1027.4759521484375,748.8231201171875,-1,-1,1,-1,-1,-1
2071,8,359.08013916015625,613.976806640625,-1,-1,1,-1,-1,-1
2071,9,1056.087890625,748.8212280273438,-1,-1,1,-1,-1,-1
2072,8,373.2887268066406,614.22998046875,-1,-1,1,-1,-1,-1
2072,9,1091.431396484375,742.0732421875,-1,-1,1,-1,-1,-1
2073,8,387.3951416015625,614.2752685546875,-1,-1,1,-1,-1,-1
2073,9,1112.22998046875,748.79443359375,-1,-1,1,-1,-1,-1
2074,8,401.78887939453125,607.0565795898438,-1,-1,1,-1,-1,-1
2074,9,1140.501708984375,748.867431640625,-1,-1,1,-1,-1,-1
2075,8,415.96978759765625,607.0249633789062,-1,-1,1,-1,-1,-1
2075,9,1176.063232421875,742.0235595703125,-1,-1,1,-1,-1,-1
2076,8,437.165283203125,607.1131591796875,-1,-1,1,-1,-1,-1
2076,9,1204.46484375,748.8421630859375,-1,-1,1,-1,-1,-1
2077,8,458.573974609375,607.1325073242188,-1,-1,1,-1,-1,-1
2077,9,1240.3272705078125,741.8118896484375,-1,-1,1,-1,-1,-1
2078,8,472.70062255859375,607.3477783203125,-1,-1,1,-1,-1,-1
2078,9,1268.6920166015625,741.856201171875,-1,-1,1,-1,-1,-1
2079,8,493.97967529296875,607.3233642578125,-1,-1,1,-1,-1,-1
2079,9,1303.765380859375,755.88623046875,-1,-1,1,-1,-1,-1
2080,8,515.4534301757812,607.093505859375,-1,-1,1,-1,-1,-1
2080,9,1339.195068359375,763.1438598632812,-1,-1,1,-1,-1,-1
2081,8,543.751220703125,614.2716064453125,-1,-1,1,-1,-1,-1
2082,8,557.92578125,621.4041748046875,-1,-1,1,-1,-1,-1
2083,8,579.2950439453125,628.5101928710938,-1,-1,1,-1,-1,-1
2084,8,586.2471923828125,635.833984375,-1,-1,1,-1,-1,-1
2085,8,607.8319702148438,635.4664916992188,-1,-1,1,-1,-1,-1
2086,8,628.9414672851562,642.634521484375,-1,-1,1,-1,-1,-1
2087,8,643.372314453125,642.5997314453125,-1,-1,1,-1,-1,-1
2088,8,664.6810913085938,649.836181640625,-1,-1,1,-1,-1,-1
2089,8,685.6824951171875,657.07275390625,-1,-1,1,-1,-1,-1
2090,8,707.12646484375,656.944580078125,-1,-1,1,-1,-1,-1
2091,8,735.4276123046875,664.0711669921875,-1,-1,1,-1,-1,-1
2092,8,756.948486328125,663.9180908203125,-1,-1,1,-1,-1,-1
2093,8,771.24560546875,663.870361328125,-1,-1,1,-1,-1,-1
2094,8,792.4942626953125,671.1376953125,-1,-1,1,-1,-1,-1
2095,8,813.8388671875,671.1127319335938,-1,-1,1,-1,-1,-1
2096,8,828.125732421875,670.9818115234375,-1,-1,1,-1,-1,-1
2097,8,849.3079833984375,664.0543212890625,-1,-1,1,-1,-1,-1
2098,8,863.7208251953125,656.8382568359375,-1,-1,1,-1,-1,-1
2099,8,877.8807373046875,649.6209716796875,-1,-1,1,-1,-1,-1
2100,8,899.08740234375,642.4467163085938,-1,-1,1,-1,-1,-1
2101,8,920.561279296875,635.4418334960938,-1,-1,1,-1,-1,-1
2102,8,948.9536743164062,635.609130859375,-1,-1,1,-1,-1,-1
2104,8,998.5888671875,628.497314453125,-1,-1,1,-1,-1,-1
2105,8,1026.9410400390625,621.2928466796875,-1,-1,1,-1,-1,-1
2106,8,1055.42431640625,614.312255859375,-1,-1,1,-1,-1,-1
2107,8,1091.027587890625,614.3644409179688,-1,-1,1,-1,-1,-1
2108,8,1126.4454345703125,607.2935180664062,-1,-1,1,-1,-1,-1
2109,8,1154.84033203125,599.9866943359375,-1,-1,1,-1,-1,-1
2111,8,1218.897216796875,599.9483642578125,-1,-1,1,-1,-1,-1
2112,8,1254.292236328125,592.8220825195312,-1,-1,1,-1,-1,-1
2113,8,1290.0478515625,600.0626220703125,-1,-1,1,-1,-1,-1
2114,8,1332.62451171875,600.0650024414062,-1,-1,1,-1,-1,-1
2115,8,1368.239501953125,599.836181640625,-1,-1,1,-1,-1,-1
2116,8,1410.9683837890625,599.9301147460938,-1,-1,1,-1,-1,-1
2117,8,1453.48681640625,606.96044921875,-1,-1,1,-1,-1,-1
2118,8,1503.0399169921875,614.1428833007812,-1,-1,1,-1,-1,-1
2119,8,1538.6810302734375,621.1634521484375,-1,-1,1,-1,-1,-1
2120,8,1588.4833984375,628.42236328125,-1,-1,1,-1,-1,-1
2121,8,1631.230712890625,628.3023681640625,-1,-1,1,-1,-1,-1
2122,8,1673.838134765625,635.50439453125,-1,-1,1,-1,-1,-1
2123,8,1716.3302001953125,642.5682373046875,-1,-1,1,-1,-1,-1
2126,8,1858.400634765625,649.1969604492188,-1,-1,1,-1,-1,-1
2188,10,1240.494873046875,805.4083251953125,-1,-1,1,-1,-1,-1
2189,10,1269.165771484375,805.522705078125,-1,-1,1,-1,-1,-1
2190,10,1304.67626953125,805.2785034179688,-1,-1,1,-1,-1,-1
2191,10,1333.0,826.592529296875,-1,-1,1,-1,-1,-1
2192,10,1375.545166015625,833.5322875976562,-1,-1,1,-1,-1,-1
2193,10,1417.88427734375,840.623291015625,-1,-1,1,-1,-1,-1
2194,10,1460.3687744140625,840.6978759765625,-1,-1,1,-1,-1,-1
2195,10,1503.167236328125,826.671630859375,-1,-1,1,-1,-1,-1
2196,10,1553.117431640625,819.609619140625,-1,-1,1,-1,-1,-1
2197,10,1595.605224609375,841.21142578125,-1,-1,1,-1,-1,-1
2409,11,472.5621643066406,763.459716796875,-1,-1,1,-1,-1,-1
2411,11,529.5032958984375,742.2578735351562,-1,-1,1,-1,-1,-1
2412,11,550.9266967773438,727.93408203125,-1,-1,1,-1,-1,-1
2413,11,586.637451171875,720.935791015625,-1,-1,1,-1,-1,-1
2414,11,607.6360473632812,706.66015625,-1,-1,1,-1,-1,-1
2415,11,628.82666015625,699.554931640625,-1,-1,1,-1,-1,-1
2416,11,657.2742919921875,685.1529541015625,-1,-1,1,-1,-1,-1
2417,11,678.71923828125,678.1458740234375,-1,-1,1,-1,-1,-1
2423,11,884.7205810546875,628.424072265625,-1,-1,1,-1,-1,-1
2424,11,934.4681396484375,635.5897827148438,-1,-1,1,-1,-1,-1
2425,11,977.0466918945312,642.7821655273438,-1,-1,1,-1,-1,-1
2426,11,1019.5672607421875,650.10400390625,-1,-1,1,-1,-1,-1
2427,11,1062.231689453125,657.133056640625,-1,-1,1,-1,-1,-1
2428,11,1097.925537109375,656.6893310546875,-1,-1,1,-1,-1,-1
2429,11,1133.286865234375,663.9078369140625,-1,-1,1,-1,-1,-1
2430,11,1161.65771484375,663.870849609375,-1,-1,1,-1,-1,-1
2431,11,1197.13916015625,678.1207885742188,-1,-1,1,-1,-1,-1
2432,11,1232.777587890625,692.2035522460938,-1,-1,1,-1,-1,-1
2433,11,1268.42919921875,699.1448364257812,-1,-1,1,-1,-1,-1
2433,12,160.16006469726562,408.19036865234375,-1,-1,1,-1,-1,-1
2434,11,1311.29052734375,706.1121826171875,-1,-1,1,-1,-1,-1
2434,12,202.76904296875,429.62042236328125,-1,-1,1,-1,-1,-1
2437,12,416.1440124511719,486.3784484863281,-1,-1,1,-1,-1,-1
2439,12,564.9053344726562,521.8933715820312,-1,-1,1,-1,-1,-1
2440,12,614.6582641601562,550.2943115234375,-1,-1,1,-1,-1,-1
2441,12,678.2674560546875,564.6683349609375,-1,-1,1,-1,-1,-1
2442,12,728.279052734375,572.087890625,-1,-1,1,-1,-1,-1
2443,12,764.1211547851562,571.640869140625,-1,-1,1,-1,-1,-1
2444,12,813.4539794921875,586.1593627929688,-1,-1,1,-1,-1,-1
2445,12,870.3048095703125,600.1256103515625,-1,-1,1,-1,-1,-1
2446,12,926.8743286132812,600.4594116210938,-1,-1,1,-1,-1,-1
2446,13,316.30474853515625,380.07379150390625,-1,-1,1,-1,-1,-1
2447,12,969.8723754882812,600.3535766601562,-1,-1,1,-1,-1,-1
2448,12,1026.4976806640625,628.8135986328125,-1,-1,1,-1,-1,-1
2449,12,1097.7423095703125,642.70458984375,-1,-1,1,-1,-1,-1
2449,13,444.1834716796875,422.14556884765625,-1,-1,1,-1,-1,-1
2450,12,1154.6246337890625,671.2486572265625,-1,-1,1,-1,-1,-1
2450,13,494.05072021484375,450.69122314453125,-1,-1,1,-1,-1,-1
2451,12,1218.6435546875,692.140869140625,-1,-1,1,-1,-1,-1
2451,13,536.656982421875,471.96142578125,-1,-1,1,-1,-1,-1
2452,12,1260.7789306640625,706.614990234375,-1,-1,1,-1,-1,-1
2452,13,572.2490234375,493.60772705078125,-1,-1,1,-1,-1,-1
2453,12,1303.69384765625,720.9384765625,-1,-1,1,-1,-1,-1
2453,13,607.4764404296875,507.8760070800781,-1,-1,1,-1,-1,-1
2454,12,1353.3406982421875,735.3818359375,-1,-1,1,-1,-1,-1
2454,13,657.0614013671875,522.1139526367188,-1,-1,1,-1,-1,-1
2455,12,1403.6407470703125,742.229248046875,-1,-1,1,-1,-1,-1
2455,13,678.53955078125,543.1932373046875,-1,-1,1,-1,-1,-1
2456,12,1460.4765625,734.9454956054688,-1,-1,1,-1,-1,-1
2456,13,721.111328125,550.1461791992188,-1,-1,1,-1,-1,-1
2457,12,1510.396728515625,734.8187255859375,-1,-1,1,-1,-1,-1
2457,13,756.67431640625,550.3062133789062,-1,-1,1,-1,-1,-1
2458,12,1552.9029541015625,727.880859375,-1,-1,1,-1,-1,-1
2458,13,806.7283935546875,543.2313842773438,-1,-1,1,-1,-1,-1
2459,12,1595.72998046875,727.7342529296875,-1,-1,1,-1,-1,-1
2459,13,834.630126953125,557.5275268554688,-1,-1,1,-1,-1,-1
2460,12,1616.85595703125,741.8515014648438,-1,-1,1,-1,-1,-1
2460,13,870.552001953125,557.4588623046875,-1,-1,1,-1,-1,-1
2461,13,913.3544921875,571.5035400390625,-1,-1,1,-1,-1,-1
2462,13,955.740478515625,578.8495483398438,-1,-1,1,-1,-1,-1
2463,13,990.9478759765625,571.6882934570312,-1,-1,1,-1,-1,-1
2464,13,976.790283203125,593.0045166015625,-1,-1,1,-1,-1,-1
2467,13,1176.282958984375,550.0872802734375,-1,-1,1,-1,-1,-1
2468,13,1232.8564453125,585.9580078125,-1,-1,1,-1,-1,-1
2469,13,1289.6947021484375,571.5682373046875,-1,-1,1,-1,-1,-1
2472,14,1509.621337890625,578.7136840820312,-1,-1,1,-1,-1,-1
2473,14,1609.1865234375,585.9620361328125,-1,-1,1,-1,-1,-1
2474,14,1687.4210205078125,593.0048217773438,-1,-1,1,-1,-1,-1
2475,14,1765.9951171875,578.6459350585938,-1,-1,1,-1,-1,-1
2476,14,1822.53955078125,571.5315551757812,-1,-1,1,-1,-1,-1
2476,15,1105.448486328125,599.753662109375,-1,-1,1,-1,-1,-1
2477,14,1851.1519775390625,600.3394775390625,-1,-1,1,-1,-1,-1
2477,15,1183.6044921875,592.97509765625,-1,-1,1,-1,-1,-1
2478,14,1865.083740234375,607.4901123046875,-1,-1,1,-1,-1,-1
2478,15,1240.196533203125,620.8485107421875,-1,-1,1,-1,-1,-1
2479,15,1311.2081298828125,620.7767333984375,-1,-1,1,-1,-1,-1
2480,15,1389.387451171875,606.67626953125,-1,-1,1,-1,-1,-1
2481,15,1454.093994140625,592.8134765625,-1,-1,1,-1,-1,-1
2482,15,1517.8291015625,600.0400390625,-1,-1,1,-1,-1,-1
2483,15,1588.88623046875,592.8089599609375,-1,-1,1,-1,-1,-1
2531,16,288.00152587890625,699.4981079101562,-1,-1,1,-1,-1,-1
2532,16,323.4681396484375,741.8980102539062,-1,-1,1,-1,-1,-1
2533,16,373.0789794921875,748.946533203125,-1,-1,1,-1,-1,-1
2534,16,408.6590576171875,756.1234130859375,-1,-1,1,-1,-1,-1
2535,16,458.5063171386719,756.07568359375,-1,-1,1,-1,-1,-1
2536,16,500.9350891113281,755.9581909179688,-1,-1,1,-1,-1,-1
2537,16,550.632568359375,763.196533203125,-1,-1,1,-1,-1,-1
2538,16,593.5881958007812,777.307861328125,-1,-1,1,-1,-1,-1
2539,16,643.2759399414062,784.6383056640625,-1,-1,1,-1,-1,-1
2540,16,692.8604736328125,777.4987182617188,-1,-1,1,-1,-1,-1
2541,16,735.4281005859375,791.630615234375,-1,-1,1,-1,-1,-1
2549,17,394.5023193359375,535.9588012695312,-1,-1,1,-1,-1,-1
2550,16,1325.603759765625,919.33984375,-1,-1,1,-1,-1,-1
2550,17,408.16009521484375,479.2934875488281,-1,-1,1,-1,-1,-1
2551,17,465.22430419921875,543.03173828125,-1,-1,1,-1,-1,-1
2552,17,486.83599853515625,549.8013305664062,-1,-1,1,-1,-1,-1
2553,17,515.3897705078125,549.8678588867188,-1,-1,1,-1,-1,-1
2554,17,550.9569091796875,549.8212890625,-1,-1,1,-1,-1,-1
2555,17,593.2408447265625,549.9336547851562,-1,-1,1,-1,-1,-1
2556,17,636.0413208007812,557.157958984375,-1,-1,1,-1,-1,-1
2557,17,664.6453247070312,556.7756958007812,-1,-1,1,-1,-1,-1
2558,17,700.240234375,556.853271484375,-1,-1,1,-1,-1,-1
2559,17,728.536865234375,571.213134765625,-1,-1,1,-1,-1,-1
2560,17,756.5205078125,571.4254150390625,-1,-1,1,-1,-1,-1
2561,17,777.842041015625,571.193603515625,-1,-1,1,-1,-1,-1
2562,17,799.1560668945312,571.4478759765625,-1,-1,1,-1,-1,-1
2563,17,827.6785888671875,585.720703125,-1,-1,1,-1,-1,-1
2564,17,855.9141845703125,592.7694091796875,-1,-1,1,-1,-1,-1
2565,17,891.4468994140625,606.8953247070312,-1,-1,1,-1,-1,-1
2566,17,927.0042724609375,599.8076171875,-1,-1,1,-1,-1,-1
2567,17,955.5941772460938,613.9947509765625,-1,-1,1,-1,-1,-1
2568,17,997.923828125,628.508056640625,-1,-1,1,-1,-1,-1
2569,17,1040.5621337890625,642.591064453125,-1,-1,1,-1,-1,-1
2570,17,1083.43017578125,656.828369140625,-1,-1,1,-1,-1,-1
2571,17,1147.295166015625,671.1218872070312,-1,-1,1,-1,-1,-1
2572,17,1204.510986328125,670.9228515625,-1,-1,1,-1,-1,-1
2573,17,1254.024658203125,678.1831665039062,-1,-1,1,-1,-1,-1
2574,17,1310.6065673828125,678.2720947265625,-1,-1,1,-1,-1,-1
2575,17,1360.500244140625,678.08642578125,-1,-1,1,-1,-1,-1
2576,17,1417.336669921875,678.2646484375,-1,-1,1,-1,-1,-1
2577,17,1474.077880859375,656.8543090820312,-1,-1,1,-1,-1,-1
2581,17,1744.6553955078125,678.8265991210938,-1,-1,1,-1,-1,-1
2582,17,1786.91845703125,685.9180297851562,-1,-1,1,-1,-1,-1
2617,18,39.66306686401367,549.8924560546875,-1,-1,1,-1,-1,-1
2618,18,53.627132415771484,578.5736694335938,-1,-1,1,-1,-1,-1
2619,18,81.86653900146484,585.6697387695312,-1,-1,1,-1,-1,-1
2620,18,110.1794662475586,599.9107666015625,-1,-1,1,-1,-1,-1
2621,18,145.80421447753906,606.9304809570312,-1,-1,1,-1,-1,-1
2622,18,160.06430053710938,621.0938720703125,-1,-1,1,-1,-1,-1
2623,18,188.42295837402344,635.2382202148438,-1,-1,1,-1,-1,-1
2624,18,202.79656982421875,649.5999755859375,-1,-1,1,-1,-1,-1
2625,18,217.11932373046875,656.7359619140625,-1,-1,1,-1,-1,-1
2626,18,223.98776245117188,670.8364868164062,-1,-1,1,-1,-1,-1
2627,18,231.25009155273438,678.0306396484375,-1,-1,1,-1,-1,-1
2628,18,238.40977478027344,685.162109375,-1,-1,1,-1,-1,-1
2629,18,252.60504150390625,699.2081298828125,-1,-1,1,-1,-1,-1
2630,18,266.6798400878906,713.2593994140625,-1,-1,1,-1,-1,-1
2631,18,280.8831481933594,720.4898681640625,-1,-1,1,-1,-1,-1
2632,18,302.1127014160156,720.343994140625,-1,-1,1,-1,-1,-1
2633,18,323.4936828613281,727.6844482421875,-1,-1,1,-1,-1,-1
2634,18,344.7430419921875,734.84033203125,-1,-1,1,-1,-1,-1
2635,18,366.0325927734375,741.787841796875,-1,-1,1,-1,-1,-1
2636,18,394.55615234375,741.9825439453125,-1,-1,1,-1,-1,-1
2637,18,415.6709899902344,749.0429077148438,-1,-1,1,-1,-1,-1
2638,18,444.2518615722656,748.99462890625,-1,-1,1,-1,-1,-1
2639,18,472.60125732421875,749.0660400390625,-1,-1,1,-1,-1,-1
2640,18,508.1227722167969,741.7579345703125,-1,-1,1,-1,-1,-1
2641,18,536.5862426757812,734.5470581054688,-1,-1,1,-1,-1,-1
2642,18,564.97216796875,741.7297973632812,-1,-1,1,-1,-1,-1
2643,18,600.4593505859375,734.4657592773438,-1,-1,1,-1,-1,-1
2644,18,621.8243408203125,727.3967895507812,-1,-1,1,-1,-1,-1
2645,18,657.6895751953125,706.0359497070312,-1,-1,1,-1,-1,-1
2646,18,693.1617431640625,698.6563720703125,-1,-1,1,-1,-1,-1
2647,18,728.5704345703125,684.6002807617188,-1,-1,1,-1,-1,-1
2648,18,757.0314331054688,684.6195068359375,-1,-1,1,-1,-1,-1
2649,18,785.5238037109375,677.5235595703125,-1,-1,1,-1,-1,-1
2650,18,821.2847900390625,677.50048828125,-1,-1,1,-1,-1,-1
2651,18,856.4564819335938,670.5035400390625,-1,-1,1,-1,-1,-1
2652,18,891.979736328125,663.4244384765625,-1,-1,1,-1,-1,-1
2653,18,920.533447265625,656.2584228515625,-1,-1,1,-1,-1,-1
2654,18,955.7872314453125,656.2051391601562,-1,-1,1,-1,-1,-1
2655,18,991.1827392578125,649.1641845703125,-1,-1,1,-1,-1,-1
2656,18,1026.8543701171875,649.1370849609375,-1,-1,1,-1,-1,-1
2657,18,1062.461669921875,642.06884765625,-1,-1,1,-1,-1,-1
2658,18,1097.943115234375,642.1888427734375,-1,-1,1,-1,-1,-1
2659,18,1133.4349365234375,635.1536865234375,-1,-1,1,-1,-1,-1
2660,18,1169.0191650390625,627.9786987304688,-1,-1,1,-1,-1,-1
2661,18,1211.4599609375,628.0547485351562,-1,-1,1,-1,-1,-1
2662,18,1247.2994384765625,620.847900390625,-1,-1,1,-1,-1,-1
2663,18,1289.657958984375,620.8011474609375,-1,-1,1,-1,-1,-1
2664,18,1325.481201171875,613.9196166992188,-1,-1,1,-1,-1,-1
2665,18,1360.748046875,613.90869140625,-1,-1,1,-1,-1,-1
2666,18,1403.458984375,613.830810546875,-1,-1,1,-1,-1,-1
2667,18,1439.034912109375,613.7672729492188,-1,-1,1,-1,-1,-1
2668,18,1474.4327392578125,613.8218994140625,-1,-1,1,-1,-1,-1
2669,18,1516.8336181640625,613.958740234375,-1,-1,1,-1,-1,-1
2670,18,1552.6871337890625,613.82763671875,-1,-1,1,-1,-1,-1
2671,18,1595.263427734375,613.7438354492188,-1,-1,1,-1,-1,-1
2672,18,1637.744140625,613.9655151367188,-1,-1,1,-1,-1,-1
2673,18,1680.805419921875,607.0031127929688,-1,-1,1,-1,-1,-1
2674,18,1723.366943359375,606.9805908203125,-1,-1,1,-1,-1,-1
2675,18,1765.884033203125,607.0000610351562,-1,-1,1,-1,-1,-1
2676,18,1808.5966796875,599.73681640625,-1,-1,1,-1,-1,-1
2677,18,1858.60595703125,592.8507690429688,-1,-1,1,-1,-1,-1
2689,19,39.388832092285156,585.7396240234375,-1,-1,1,-1,-1,-1
2690,19,81.86564636230469,578.7095336914062,-1,-1,1,-1,-1,-1
2691,19,117.33805084228516,579.06396484375,-1,-1,1,-1,-1,-1
2692,19,159.6795654296875,585.7828369140625,-1,-1,1,-1,-1,-1
2693,19,195.2758331298828,578.9320678710938,-1,-1,1,-1,-1,-1
2694,19,223.77003479003906,578.9012451171875,-1,-1,1,-1,-1,-1
2695,19,252.3904266357422,578.94140625,-1,-1,1,-1,-1,-1
2696,19,287.66986083984375,585.8953247070312,-1,-1,1,-1,-1,-1
2697,19,309.13983154296875,585.8411865234375,-1,-1,1,-1,-1,-1
2700,19,359.26641845703125,592.8347778320312,-1,-1,1,-1,-1,-1
2701,19,380.2370300292969,599.9732666015625,-1,-1,1,-1,-1,-1
2702,19,387.43646240234375,585.5560302734375,-1,-1,1,-1,-1,-1
2706,19,515.41748046875,607.3487548828125,-1,-1,1,-1,-1,-1
2707,19,529.6689453125,621.1822509765625,-1,-1,1,-1,-1,-1
2708,19,543.918701171875,621.2716674804688,-1,-1,1,-1,-1,-1
2709,19,565.2886962890625,628.5604248046875,-1,-1,1,-1,-1,-1
2710,19,586.5814208984375,621.1396484375,-1,-1,1,-1,-1,-1
2711,19,607.9625854492188,628.5428466796875,-1,-1,1,-1,-1,-1
2712,19,636.205322265625,628.5614013671875,-1,-1,1,-1,-1,-1
2713,19,671.7020263671875,628.4052124023438,-1,-1,1,-1,-1,-1
2714,19,700.2293701171875,628.4284057617188,-1,-1,1,-1,-1,-1
2715,19,721.4229736328125,635.4776611328125,-1,-1,1,-1,-1,-1
2716,19,749.9157104492188,642.5885009765625,-1,-1,1,-1,-1,-1
2717,19,771.2017211914062,642.5443115234375,-1,-1,1,-1,-1,-1
2718,19,799.48779296875,649.8441162109375,-1,-1,1,-1,-1,-1
2719,19,813.934326171875,649.697265625,-1,-1,1,-1,-1,-1
2720,19,842.1448974609375,649.4965209960938,-1,-1,1,-1,-1,-1
2721,19,870.67822265625,649.5289306640625,-1,-1,1,-1,-1,-1
2722,19,906.1597900390625,649.5281982421875,-1,-1,1,-1,-1,-1
2723,19,941.7698364257812,656.8768310546875,-1,-1,1,-1,-1,-1
2724,19,977.1812744140625,649.659912109375,-1,-1,1,-1,-1,-1
2725,19,1005.6719360351562,649.6032104492188,-1,-1,1,-1,-1,-1
2726,19,1040.975830078125,649.7161865234375,-1,-1,1,-1,-1,-1
2727,19,1076.4688720703125,649.710693359375,-1,-1,1,-1,-1,-1
2728,19,1119.225830078125,649.7564086914062,-1,-1,1,-1,-1,-1
2729,19,1154.840087890625,649.7632446289062,-1,-1,1,-1,-1,-1
2730,19,1190.542236328125,649.7045288085938,-1,-1,1,-1,-1,-1
2731,19,1218.87158203125,649.57568359375,-1,-1,1,-1,-1,-1
2732,19,1254.349853515625,656.8352661132812,-1,-1,1,-1,-1,-1
2733,19,1282.707275390625,656.913818359375,-1,-1,1,-1,-1,-1
2734,19,1318.1494140625,656.757568359375,-1,-1,1,-1,-1,-1
2735,19,1346.664794921875,656.7513427734375,-1,-1,1,-1,-1,-1
2736,19,1382.2354736328125,656.7914428710938,-1,-1,1,-1,-1,-1
2737,19,1417.7100830078125,656.7926025390625,-1,-1,1,-1,-1,-1
2738,19,1453.337158203125,656.86962890625,-1,-1,1,-1,-1,-1
2739,19,1481.7801513671875,656.6979370117188,-1,-1,1,-1,-1,-1
2740,19,1510.08935546875,664.074951171875,-1,-1,1,-1,-1,-1
2741,19,1538.552978515625,664.0443725585938,-1,-1,1,-1,-1,-1
2742,19,1566.9326171875,664.10205078125,-1,-1,1,-1,-1,-1
2743,19,1602.6815185546875,656.6849365234375,-1,-1,1,-1,-1,-1
2744,19,1638.19677734375,656.7637939453125,-1,-1,1,-1,-1,-1
2745,19,1666.443115234375,656.8223876953125,-1,-1,1,-1,-1,-1
2746,19,1702.224853515625,649.4486694335938,-1,-1,1,-1,-1,-1
2747,19,1730.458740234375,649.569580078125,-1,-1,1,-1,-1,-1
2748,19,1766.021484375,649.4121704101562,-1,-1,1,-1,-1,-1
2749,19,1794.36279296875,649.6375732421875,-1,-1,1,-1,-1,-1
2750,19,1829.73486328125,649.5748291015625,-1,-1,1,-1,-1,-1
2751,19,1857.974853515625,649.6380615234375,-1,-1,1,-1,-1,-1
3187,20,415.95684814453125,550.48779296875,-1,-1,1,-1,-1,-1
3188,20,437.30523681640625,550.5804443359375,-1,-1,1,-1,-1,-1
3189,20,458.681396484375,557.6765747070312,-1,-1,1,-1,-1,-1
3190,20,479.8194580078125,557.7732543945312,-1,-1,1,-1,-1,-1
3191,20,508.27862548828125,557.4873657226562,-1,-1,1,-1,-1,-1
3191,21,380.55078125,727.9178466796875,-1,-1,1,-1,-1,-1
3192,20,529.752197265625,557.6270751953125,-1,-1,1,-1,-1,-1
3192,21,416.0049743652344,734.932373046875,-1,-1,1,-1,-1,-1
3193,20,557.9843139648438,557.6325073242188,-1,-1,1,-1,-1,-1
3194,20,586.4739990234375,550.7234497070312,-1,-1,1,-1,-1,-1
3195,20,607.8226318359375,557.8074951171875,-1,-1,1,-1,-1,-1
3195,21,586.4136962890625,827.335693359375,-1,-1,1,-1,-1,-1
3196,20,636.181396484375,557.8446044921875,-1,-1,1,-1,-1,-1
3197,20,657.6402587890625,557.8341674804688,-1,-1,1,-1,-1,-1
3197,21,679.337890625,841.28759765625,-1,-1,1,-1,-1,-1
3198,20,685.9533081054688,550.8687744140625,-1,-1,1,-1,-1,-1
3199,20,714.2669067382812,550.8355712890625,-1,-1,1,-1,-1,-1
3199,21,699.9832763671875,734.937744140625,-1,-1,1,-1,-1,-1
3200,20,742.63720703125,550.7848510742188,-1,-1,1,-1,-1,-1
3200,21,735.5986938476562,741.8840942382812,-1,-1,1,-1,-1,-1
3201,20,757.028076171875,543.788330078125,-1,-1,1,-1,-1,-1
3201,21,771.220458984375,749.09375,-1,-1,1,-1,-1,-1
3202,20,785.1781616210938,550.47021484375,-1,-1,1,-1,-1,-1
3202,21,813.7982177734375,749.08740234375,-1,-1,1,-1,-1,-1
3203,20,799.64794921875,543.832275390625,-1,-1,1,-1,-1,-1
3203,21,849.420654296875,749.02734375,-1,-1,1,-1,-1,-1
3204,20,827.800537109375,550.7340698242188,-1,-1,1,-1,-1,-1
3204,21,892.0211181640625,756.068359375,-1,-1,1,-1,-1,-1
3205,20,849.268798828125,550.5538940429688,-1,-1,1,-1,-1,-1
3205,21,934.8260498046875,756.13525390625,-1,-1,1,-1,-1,-1
3206,20,877.7265625,557.7015991210938,-1,-1,1,-1,-1,-1
3206,21,977.2061767578125,763.202392578125,-1,-1,1,-1,-1,-1
3207,21,1026.9755859375,770.4097900390625,-1,-1,1,-1,-1,-1
3208,21,1069.6612548828125,770.2303466796875,-1,-1,1,-1,-1,-1
3209,21,1119.68994140625,770.3290405273438,-1,-1,1,-1,-1,-1
3210,21,1162.2711181640625,770.3388061523438,-1,-1,1,-1,-1,-1
3211,21,1197.5933837890625,763.020263671875,-1,-1,1,-1,-1,-1
3212,21,1240.149169921875,763.0855712890625,-1,-1,1,-1,-1,-1
3213,21,1282.8294677734375,763.129638671875,-1,-1,1,-1,-1,-1
3214,21,1332.4237060546875,763.2413330078125,-1,-1,1,-1,-1,-1
3215,21,1375.1395263671875,763.2259521484375,-1,-1,1,-1,-1,-1
3216,21,1417.78369140625,763.2705078125,-1,-1,1,-1,-1,-1
3223,20,1290.08837890625,564.7676391601562,-1,-1,1,-1,-1,-1
3226,20,1424.96142578125,557.2798461914062,-1,-1,1,-1,-1,-1
3229,20,1538.4091796875,543.0008544921875,-1,-1,1,-1,-1,-1
3386,22,67.8719253540039,642.86572265625,-1,-1,1,-1,-1,-1
3387,22,88.9758071899414,642.8431396484375,-1,-1,1,-1,-1,-1
3388,22,117.2418212890625,649.8748779296875,-1,-1,1,-1,-1,-1
3389,22,152.78533935546875,649.93505859375,-1,-1,1,-1,-1,-1
3390,22,152.75448608398438,649.9658203125,-1,-1,1,-1,-1,-1
3394,22,309.34539794921875,649.8175659179688,-1,-1,1,-1,-1,-1
3395,22,337.7502136230469,649.85107421875,-1,-1,1,-1,-1,-1
3396,22,366.0452880859375,649.8340454101562,-1,-1,1,-1,-1,-1
3397,22,401.75640869140625,649.5975341796875,-1,-1,1,-1,-1,-1
3398,22,430.2811279296875,642.4481811523438,-1,-1,1,-1,-1,-1
3399,22,465.6724853515625,649.4713134765625,-1,-1,1,-1,-1,-1
3400,22,494.00396728515625,649.6475219726562,-1,-1,1,-1,-1,-1
3401,22,522.3848876953125,649.7586059570312,-1,-1,1,-1,-1,-1
3402,22,558.0948486328125,649.6302490234375,-1,-1,1,-1,-1,-1
3403,22,586.6044311523438,649.590087890625,-1,-1,1,-1,-1,-1
3404,22,614.7805786132812,642.6842041015625,-1,-1,1,-1,-1,-1
3405,22,650.4771728515625,649.8048706054688,-1,-1,1,-1,-1,-1
3406,22,678.4501953125,642.823486328125,-1,-1,1,-1,-1,-1
3407,22,714.15185546875,642.80029296875,-1,-1,1,-1,-1,-1
3408,22,742.3052978515625,642.8229370117188,-1,-1,1,-1,-1,-1
3409,22,770.73095703125,635.7568359375,-1,-1,1,-1,-1,-1
3410,22,806.182373046875,635.6378173828125,-1,-1,1,-1,-1,-1
3411,22,834.6922607421875,628.5982055664062,-1,-1,1,-1,-1,-1
3412,22,863.0845947265625,628.556884765625,-1,-1,1,-1,-1,-1
3413,22,891.484619140625,628.5855102539062,-1,-1,1,-1,-1,-1
3414,22,919.708251953125,628.6439819335938,-1,-1,1,-1,-1,-1
3415,22,948.161376953125,628.7122802734375,-1,-1,1,-1,-1,-1
3416,22,976.5838623046875,628.614013671875,-1,-1,1,-1,-1,-1
3417,22,997.7960205078125,628.7161865234375,-1,-1,1,-1,-1,-1
3418,22,1019.3487548828125,635.7167358398438,-1,-1,1,-1,-1,-1
3419,22,1040.721923828125,635.76220703125,-1,-1,1,-1,-1,-1
3420,22,1069.074951171875,635.9550170898438,-1,-1,1,-1,-1,-1
3436,23,1020.606201171875,777.455078125,-1,-1,1,-1,-1,-1
3437,23,1077.256103515625,756.049072265625,-1,-1,1,-1,-1,-1
3438,23,1134.01220703125,749.0628662109375,-1,-1,1,-1,-1,-1
3439,23,1183.3095703125,742.1310424804688,-1,-1,1,-1,-1,-1
3440,23,1240.1221923828125,735.0654296875,-1,-1,1,-1,-1,-1
3441,23,1296.958251953125,735.2808837890625,-1,-1,1,-1,-1,-1
3442,23,1353.73486328125,735.1932373046875,-1,-1,1,-1,-1,-1
3443,23,1410.798095703125,728.039794921875,-1,-1,1,-1,-1,-1
3456,24,387.551025390625,635.263916015625,-1,-1,1,-1,-1,-1
3458,24,458.7293701171875,628.419677734375,-1,-1,1,-1,-1,-1
3459,24,494.09820556640625,628.2542724609375,-1,-1,1,-1,-1,-1
3460,24,522.5794067382812,621.32861328125,-1,-1,1,-1,-1,-1
3461,24,558.18798828125,621.15673828125,-1,-1,1,-1,-1,-1
3462,24,586.5106201171875,614.1806640625,-1,-1,1,-1,-1,-1
3463,24,614.9857788085938,614.1256713867188,-1,-1,1,-1,-1,-1
3464,24,650.5035400390625,607.203369140625,-1,-1,1,-1,-1,-1
3465,24,671.686279296875,607.0899047851562,-1,-1,1,-1,-1,-1
3466,24,700.0906982421875,606.8887329101562,-1,-1,1,-1,-1,-1
3467,24,728.7684326171875,600.0197143554688,-1,-1,1,-1,-1,-1
3468,24,764.2965087890625,592.883056640625,-1,-1,1,-1,-1,-1
3469,24,792.7150268554688,592.8953247070312,-1,-1,1,-1,-1,-1
3470,24,821.112548828125,592.7740478515625,-1,-1,1,-1,-1,-1
3472,24,877.9437866210938,585.8349609375,-1,-1,1,-1,-1,-1
3473,24,906.457275390625,585.7618408203125,-1,-1,1,-1,-1,-1
3474,24,934.8140869140625,585.5943603515625,-1,-1,1,-1,-1,-1
3475,24,963.3024291992188,578.680419921875,-1,-1,1,-1,-1,-1
3480,24,1098.174072265625,578.5877075195312,-1,-1,1,-1,-1,-1
3481,24,1126.5511474609375,571.6913452148438,-1,-1,1,-1,-1,-1
3482,24,1155.041748046875,571.6468505859375,-1,-1,1,-1,-1,-1
3483,24,1176.438720703125,571.67578125,-1,-1,1,-1,-1,-1
3484,24,1204.91796875,564.56640625,-1,-1,1,-1,-1,-1
3485,24,1233.2138671875,564.5510864257812,-1,-1,1,-1,-1,-1
3486,24,1254.51708984375,564.3783569335938,-1,-1,1,-1,-1,-1
3487,24,1282.909423828125,564.318603515625,-1,-1,1,-1,-1,-1
3488,24,1304.40380859375,564.4224243164062,-1,-1,1,-1,-1,-1
3489,24,1332.613525390625,557.5773315429688,-1,-1,1,-1,-1,-1
3491,24,1382.401611328125,564.5382080078125,-1,-1,1,-1,-1,-1
3658,25,245.64349365234375,550.0657958984375,-1,-1,1,-1,-1,-1
3659,25,274.0550842285156,550.123046875,-1,-1,1,-1,-1,-1
3660,25,302.44140625,550.0973510742188,-1,-1,1,-1,-1,-1
3661,25,330.84588623046875,542.6875,-1,-1,1,-1,-1,-1
3662,25,366.3271789550781,550.0413818359375,-1,-1,1,-1,-1,-1
3663,25,394.75054931640625,542.7303466796875,-1,-1,1,-1,-1,-1
3664,25,423.05645751953125,542.537353515625,-1,-1,1,-1,-1,-1
3665,25,458.71441650390625,542.7147216796875,-1,-1,1,-1,-1,-1
3666,25,487.03173828125,550.036376953125,-1,-1,1,-1,-1,-1
3667,25,515.6466674804688,550.0989990234375,-1,-1,1,-1,-1,-1
3668,25,551.2664184570312,550.0415649414062,-1,-1,1,-1,-1,-1
3669,25,586.7066650390625,550.0721435546875,-1,-1,1,-1,-1,-1
3670,25,608.1007080078125,550.1806640625,-1,-1,1,-1,-1,-1
3671,25,636.4674072265625,550.0173950195312,-1,-1,1,-1,-1,-1
3672,25,664.8360595703125,549.946533203125,-1,-1,1,-1,-1,-1
3673,25,700.482421875,549.8883056640625,-1,-1,1,-1,-1,-1
3675,25,757.063720703125,549.8184814453125,-1,-1,1,-1,-1,-1
3676,25,785.31640625,557.140625,-1,-1,1,-1,-1,-1
3677,25,813.9161987304688,556.9395751953125,-1,-1,1,-1,-1,-1
3678,25,842.4859619140625,563.959228515625,-1,-1,1,-1,-1,-1
3679,25,870.5519409179688,571.2716064453125,-1,-1,1,-1,-1,-1
3682,25,948.701171875,585.611572265625,-1,-1,1,-1,-1,-1
3685,25,1048.4720458984375,585.50146484375,-1,-1,1,-1,-1,-1
3686,25,1076.7479248046875,592.6488037109375,-1,-1,1,-1,-1,-1
3687,25,1112.21923828125,592.6519165039062,-1,-1,1,-1,-1,-1
3688,25,1140.719482421875,599.84912109375,-1,-1,1,-1,-1,-1
3689,25,1176.286865234375,599.8387451171875,-1,-1,1,-1,-1,-1
3690,26,408.4703369140625,671.31103515625,-1,-1,1,-1,-1,-1
3691,25,1247.371826171875,599.69140625,-1,-1,1,-1,-1,-1
3692,26,458.1844787597656,678.2887573242188,-1,-1,1,-1,-1,-1
3693,25,1318.7923583984375,606.8102416992188,-1,-1,1,-1,-1,-1
3693,26,493.62017822265625,678.3280639648438,-1,-1,1,-1,-1,-1
3694,25,1354.164794921875,614.043701171875,-1,-1,1,-1,-1,-1
3694,26,529.2269897460938,678.432373046875,-1,-1,1,-1,-1,-1
3694,27,238.2882843017578,599.6326293945312,-1,-1,1,-1,-1,-1
3695,25,1389.79052734375,613.9229736328125,-1,-1,1,-1,-1,-1
3695,26,557.44775390625,678.4158325195312,-1,-1,1,-1,-1,-1
3696,25,1425.27783203125,613.8121337890625,-1,-1,1,-1,-1,-1
3696,26,585.8671875,678.485107421875,-1,-1,1,-1,-1,-1
3696,27,295.1868896484375,614.041015625,-1,-1,1,-1,-1,-1
3697,25,1467.90478515625,621.1202392578125,-1,-1,1,-1,-1,-1
3697,26,607.2315063476562,685.5501708984375,-1,-1,1,-1,-1,-1
3697,27,323.58819580078125,614.0853271484375,-1,-1,1,-1,-1,-1
3698,25,1503.4400634765625,620.9249267578125,-1,-1,1,-1,-1,-1
3698,26,635.6609497070312,685.4603271484375,-1,-1,1,-1,-1,-1
3698,27,358.8453369140625,614.259521484375,-1,-1,1,-1,-1,-1
3699,25,1538.8406982421875,628.1055297851562,-1,-1,1,-1,-1,-1
3699,26,664.1392211914062,685.52001953125,-1,-1,1,-1,-1,-1
3699,27,380.3250732421875,621.100830078125,-1,-1,1,-1,-1,-1
3700,25,1574.61181640625,628.2027587890625,-1,-1,1,-1,-1,-1
3700,26,685.4163818359375,692.4373779296875,-1,-1,1,-1,-1,-1
3700,27,408.8150634765625,614.1626586914062,-1,-1,1,-1,-1,-1
3701,25,1609.935791015625,635.5551147460938,-1,-1,1,-1,-1,-1
3701,26,706.8983154296875,692.4754638671875,-1,-1,1,-1,-1,-1
3702,25,1645.387939453125,635.2660522460938,-1,-1,1,-1,-1,-1
3702,26,735.2293701171875,699.5953369140625,-1,-1,1,-1,-1,-1
3702,27,458.42584228515625,621.300048828125,-1,-1,1,-1,-1,-1
3703,25,1688.08154296875,635.0980834960938,-1,-1,1,-1,-1,-1
3703,26,763.71484375,699.7451782226562,-1,-1,1,-1,-1,-1
3703,27,486.7191162109375,621.304443359375,-1,-1,1,-1,-1,-1
3704,25,1716.3330078125,642.3194580078125,-1,-1,1,-1,-1,-1
3704,26,785.1026000976562,706.8168334960938,-1,-1,1,-1,-1,-1
3704,27,508.05914306640625,628.331298828125,-1,-1,1,-1,-1,-1
3705,25,1751.9830322265625,642.211181640625,-1,-1,1,-1,-1,-1
3705,26,806.2784423828125,713.8951416015625,-1,-1,1,-1,-1,-1
3705,27,529.3771362304688,635.269775390625,-1,-1,1,-1,-1,-1
3706,25,1787.381591796875,642.22509765625,-1,-1,1,-1,-1,-1
3706,26,827.73291015625,713.9764404296875,-1,-1,1,-1,-1,-1
3706,27,550.9532470703125,642.53857421875,-1,-1,1,-1,-1,-1
3707,25,1830.1015625,649.4369506835938,-1,-1,1,-1,-1,-1
3707,26,856.145751953125,720.847900390625,-1,-1,1,-1,-1,-1
3707,27,571.89013671875,642.45654296875,-1,-1,1,-1,-1,-1
3708,26,877.423828125,728.1273193359375,-1,-1,1,-1,-1,-1
3708,27,593.401611328125,649.5933837890625,-1,-1,1,-1,-1,-1
3709,26,891.59130859375,735.0665283203125,-1,-1,1,-1,-1,-1
3709,27,614.8187255859375,656.6443481445312,-1,-1,1,-1,-1,-1
3710,26,920.0767211914062,735.1201171875,-1,-1,1,-1,-1,-1
3710,27,636.26025390625,663.839111328125,-1,-1,1,-1,-1,-1
3711,26,941.447021484375,742.2403564453125,-1,-1,1,-1,-1,-1
3711,27,657.4940185546875,663.6649780273438,-1,-1,1,-1,-1,-1
3712,26,962.8265380859375,742.201416015625,-1,-1,1,-1,-1,-1
3712,27,678.77001953125,670.7340087890625,-1,-1,1,-1,-1,-1
3713,26,991.21923828125,749.3090209960938,-1,-1,1,-1,-1,-1
3713,27,692.9649047851562,670.686767578125,-1,-1,1,-1,-1,-1
3714,26,956.4011840820312,770.7607421875,-1,-1,1,-1,-1,-1
3714,27,714.251953125,670.8012084960938,-1,-1,1,-1,-1,-1
3715,26,984.6375732421875,770.7186279296875,-1,-1,1,-1,-1,-1
3715,27,728.6098022460938,670.6620483398438,-1,-1,1,-1,-1,-1
3716,26,998.8827514648438,763.7051391601562,-1,-1,1,-1,-1,-1
3716,27,749.7594604492188,670.6417236328125,-1,-1,1,-1,-1,-1
3717,26,1027.1513671875,763.648193359375,-1,-1,1,-1,-1,-1
3717,27,771.05810546875,670.693115234375,-1,-1,1,-1,-1,-1
3718,26,1048.489013671875,763.486572265625,-1,-1,1,-1,-1,-1
3718,27,785.4666748046875,670.8419189453125,-1,-1,1,-1,-1,-1
3719,26,1069.7855224609375,763.5413818359375,-1,-1,1,-1,-1,-1
3719,27,806.6761474609375,663.7048950195312,-1,-1,1,-1,-1,-1
3720,26,1084.2939453125,763.5960083007812,-1,-1,1,-1,-1,-1
3720,27,827.96728515625,663.6708984375,-1,-1,1,-1,-1,-1
3721,26,1154.584716796875,742.262451171875,-1,-1,1,-1,-1,-1
3721,27,842.2108764648438,663.588134765625,-1,-1,1,-1,-1,-1
3722,26,1176.02197265625,735.1192626953125,-1,-1,1,-1,-1,-1
3722,27,863.5631103515625,663.5202026367188,-1,-1,1,-1,-1,-1
3723,26,1197.22216796875,735.0958251953125,-1,-1,1,-1,-1,-1
3723,27,884.8754272460938,663.6190795898438,-1,-1,1,-1,-1,-1
3724,26,1225.546630859375,735.2237548828125,-1,-1,1,-1,-1,-1
3724,27,906.29931640625,663.4977416992188,-1,-1,1,-1,-1,-1
3725,26,1239.79296875,735.0529174804688,-1,-1,1,-1,-1,-1
3725,27,927.5582275390625,656.463623046875,-1,-1,1,-1,-1,-1
3726,26,1261.2022705078125,734.94189453125,-1,-1,1,-1,-1,-1
3726,27,948.7877197265625,656.455078125,-1,-1,1,-1,-1,-1
3727,27,970.2960205078125,656.429931640625,-1,-1,1,-1,-1,-1
3728,26,1310.939697265625,727.9925537109375,-1,-1,1,-1,-1,-1
3728,27,991.5706787109375,656.4332275390625,-1,-1,1,-1,-1,-1
3729,26,1339.438232421875,727.9969482421875,-1,-1,1,-1,-1,-1
3729,27,1012.8818969726562,656.474365234375,-1,-1,1,-1,-1,-1
3730,26,1360.838623046875,728.000244140625,-1,-1,1,-1,-1,-1
3730,27,1041.19384765625,649.4683837890625,-1,-1,1,-1,-1,-1
3731,26,1389.1826171875,727.8547973632812,-1,-1,1,-1,-1,-1
3731,27,1062.64990234375,649.5306396484375,-1,-1,1,-1,-1,-1
3732,26,1417.5355224609375,728.104736328125,-1,-1,1,-1,-1,-1
3732,27,1091.052734375,649.5327758789062,-1,-1,1,-1,-1,-1
3733,26,1445.990966796875,727.8843383789062,-1,-1,1,-1,-1,-1
3733,27,1112.44140625,649.5025634765625,-1,-1,1,-1,-1,-1
3734,26,1467.350341796875,727.9287109375,-1,-1,1,-1,-1,-1
3734,27,1133.7420654296875,649.4208984375,-1,-1,1,-1,-1,-1
3735,26,1495.902099609375,727.89892578125,-1,-1,1,-1,-1,-1
3735,27,1162.204833984375,649.531494140625,-1,-1,1,-1,-1,-1
3736,26,1524.31787109375,727.8309326171875,-1,-1,1,-1,-1,-1
3736,27,1183.4632568359375,649.4358520507812,-1,-1,1,-1,-1,-1
3737,26,1545.73583984375,727.77783203125,-1,-1,1,-1,-1,-1
3737,27,1204.869873046875,649.343505859375,-1,-1,1,-1,-1,-1
3738,26,1574.2080078125,727.813720703125,-1,-1,1,-1,-1,-1
3738,27,1226.208251953125,649.3776245117188,-1,-1,1,-1,-1,-1
3739,26,1595.463134765625,727.91552734375,-1,-1,1,-1,-1,-1
3739,27,1254.6492919921875,642.3380126953125,-1,-1,1,-1,-1,-1
3740,26,1630.751708984375,727.9373779296875,-1,-1,1,-1,-1,-1
3740,27,1275.8194580078125,649.381591796875,-1,-1,1,-1,-1,-1
3741,26,1659.0987548828125,727.9892578125,-1,-1,1,-1,-1,-1
3741,27,1297.1463623046875,642.388427734375,-1,-1,1,-1,-1,-1
3742,26,1680.2496337890625,727.9013061523438,-1,-1,1,-1,-1,-1
3742,27,1318.443359375,642.3515625,-1,-1,1,-1,-1,-1
3743,26,1708.96484375,720.5167236328125,-1,-1,1,-1,-1,-1
3743,27,1339.8043212890625,642.37353515625,-1,-1,1,-1,-1,-1
3744,26,1737.282470703125,720.6005859375,-1,-1,1,-1,-1,-1
3744,27,1368.381103515625,635.2410278320312,-1,-1,1,-1,-1,-1
3745,26,1765.649169921875,720.738037109375,-1,-1,1,-1,-1,-1
3745,27,1389.603271484375,635.24853515625,-1,-1,1,-1,-1,-1
3746,26,1787.1912841796875,713.5923461914062,-1,-1,1,-1,-1,-1
3746,27,1410.8482666015625,635.4418334960938,-1,-1,1,-1,-1,-1
3747,26,1815.5028076171875,713.6966552734375,-1,-1,1,-1,-1,-1
3747,27,1432.23046875,628.174560546875,-1,-1,1,-1,-1,-1
3748,26,1844.1099853515625,713.43896484375,-1,-1,1,-1,-1,-1
3748,27,1453.5404052734375,620.963134765625,-1,-1,1,-1,-1,-1
3749,26,1865.5726318359375,713.3836059570312,-1,-1,1,-1,-1,-1
3749,27,1474.8408203125,621.017578125,-1,-1,1,-1,-1,-1
3750,26,1879.67919921875,706.294677734375,-1,-1,1,-1,-1,-1
3750,27,1496.201416015625,621.1588745117188,-1,-1,1,-1,-1,-1
3751,27,1517.4886474609375,620.87451171875,-1,-1,1,-1,-1,-1
3752,27,1538.640380859375,620.9133911132812,-1,-1,1,-1,-1,-1
3753,27,1559.97412109375,620.997802734375,-1,-1,1,-1,-1,-1
3754,27,1581.1495361328125,621.0535278320312,-1,-1,1,-1,-1,-1
3755,27,1602.515380859375,621.081298828125,-1,-1,1,-1,-1,-1
3756,27,1630.9422607421875,621.1195678710938,-1,-1,1,-1,-1,-1
3757,27,1659.276611328125,621.2079467773438,-1,-1,1,-1,-1,-1
3758,27,1680.6202392578125,621.19970703125,-1,-1,1,-1,-1,-1
3759,27,1701.96044921875,621.1185302734375,-1,-1,1,-1,-1,-1
3760,27,1730.259521484375,621.1708984375,-1,-1,1,-1,-1,-1
3796,28,67.82012939453125,316.09613037109375,-1,-1,1,-1,-1,-1
3797,28,117.87457275390625,323.050048828125,-1,-1,1,-1,-1,-1
3798,28,167.4790802001953,336.9811706542969,-1,-1,1,-1,-1,-1
3799,28,210.46829223632812,336.8370361328125,-1,-1,1,-1,-1,-1
3800,28,245.76400756835938,351.20794677734375,-1,-1,1,-1,-1,-1
3801,28,288.31658935546875,351.2774658203125,-1,-1,1,-1,-1,-1
3802,28,338.0703125,358.34918212890625,-1,-1,1,-1,-1,-1
3803,28,380.5126037597656,365.4539794921875,-1,-1,1,-1,-1,-1
3804,28,415.72296142578125,372.551025390625,-1,-1,1,-1,-1,-1
3805,28,458.7220458984375,386.68060302734375,-1,-1,1,-1,-1,-1
3806,28,487.2034912109375,393.624267578125,-1,-1,1,-1,-1,-1
3807,28,522.7118530273438,400.81280517578125,-1,-1,1,-1,-1,-1
3808,28,558.0556030273438,408.1170349121094,-1,-1,1,-1,-1,-1
3809,28,586.575439453125,407.81982421875,-1,-1,1,-1,-1,-1
3810,28,608.0348510742188,429.2698059082031,-1,-1,1,-1,-1,-1
3811,28,636.6771240234375,443.5005798339844,-1,-1,1,-1,-1,-1
3812,28,657.7371826171875,450.528076171875,-1,-1,1,-1,-1,-1
3813,28,679.041748046875,457.87725830078125,-1,-1,1,-1,-1,-1
3814,28,700.23388671875,472.01605224609375,-1,-1,1,-1,-1,-1
3815,28,721.8187866210938,479.1134338378906,-1,-1,1,-1,-1,-1
3816,28,742.8206176757812,493.3206787109375,-1,-1,1,-1,-1,-1
3817,28,764.26025390625,507.70794677734375,-1,-1,1,-1,-1,-1
3818,28,785.80810546875,507.3836669921875,-1,-1,1,-1,-1,-1
3819,28,814.07861328125,514.6943969726562,-1,-1,1,-1,-1,-1
3820,28,828.2921142578125,528.7880249023438,-1,-1,1,-1,-1,-1
3821,28,842.7560424804688,535.6782836914062,-1,-1,1,-1,-1,-1
3822,28,856.6103515625,542.8594970703125,-1,-1,1,-1,-1,-1
