61,1,1176.5673828125,828.103271484375,-1,-1,1,-1,-1,-1
62,1,1205.1121826171875,828.007568359375,-1,-1,1,-1,-1,-1
94,2,1318.7301025390625,53.229278564453125,-1,-1,1,-1,-1,-1
96,3,1219.2515869140625,103.14643859863281,-1,-1,1,-1,-1,-1
97,3,1226.6912841796875,96.10537719726562,-1,-1,1,-1,-1,-1
98,3,1233.71923828125,96.10826110839844,-1,-1,1,-1,-1,-1
99,3,1247.832275390625,88.64559936523438,-1,-1,1,-1,-1,-1
107,4,1866.162353515625,81.85822296142578,-1,-1,1,-1,-1,-1
113,5,217.6966552734375,358.84765625,-1,-1,1,-1,-1,-1
118,6,1027.465576171875,202.17965698242188,-1,-1,1,-1,-1,-1
119,6,1020.5264282226562,194.93771362304688,-1,-1,1,-1,-1,-1
130,7,117.80401611328125,643.239501953125,-1,-1,1,-1,-1,-1
131,7,146.39614868164062,643.438232421875,-1,-1,1,-1,-1,-1
132,7,167.49978637695312,636.1192626953125,-1,-1,1,-1,-1,-1
133,7,188.98147583007812,636.2767333984375,-1,-1,1,-1,-1,-1
134,7,217.40249633789062,628.89990234375,-1,-1,1,-1,-1,-1
135,7,238.720458984375,629.1949462890625,-1,-1,1,-1,-1,-1
136,7,260.11224365234375,621.9008178710938,-1,-1,1,-1,-1,-1
137,7,281.314453125,622.0209350585938,-1,-1,1,-1,-1,-1
138,7,302.5833740234375,622.0712890625,-1,-1,1,-1,-1,-1
139,7,324.0259094238281,614.7747192382812,-1,-1,1,-1,-1,-1
140,7,338.21893310546875,614.864013671875,-1,-1,1,-1,-1,-1
141,7,352.36676025390625,614.95068359375,-1,-1,1,-1,-1,-1
142,7,359.57379150390625,614.9232177734375,-1,-1,1,-1,-1,-1
143,7,366.7015380859375,614.9901123046875,-1,-1,1,-1,-1,-1
144,7,373.6922912597656,607.6815185546875,-1,-1,1,-1,-1,-1
146,7,366.6111755371094,607.76416015625,-1,-1,1,-1,-1,-1
147,7,359.6305847167969,600.5927734375,-1,-1,1,-1,-1,-1
148,7,345.4837951660156,600.5855102539062,-1,-1,1,-1,-1,-1
149,7,338.1373596191406,607.8900756835938,-1,-1,1,-1,-1,-1
150,7,323.95318603515625,607.859375,-1,-1,1,-1,-1,-1
151,7,316.91925048828125,607.8682250976562,-1,-1,1,-1,-1,-1
152,7,302.58721923828125,607.914794921875,-1,-1,1,-1,-1,-1
153,7,295.52752685546875,607.8114013671875,-1,-1,1,-1,-1,-1
154,7,288.4432067871094,607.8567504882812,-1,-1,1,-1,-1,-1
155,7,274.20379638671875,607.733154296875,-1,-1,1,-1,-1,-1
156,7,267.1121520996094,607.7846069335938,-1,-1,1,-1,-1,-1
157,7,267.164306640625,607.6851806640625,-1,-1,1,-1,-1,-1
158,7,259.8771667480469,614.9453735351562,-1,-1,1,-1,-1,-1
159,7,259.88958740234375,614.9033813476562,-1,-1,1,-1,-1,-1
160,7,259.83544921875,614.80615234375,-1,-1,1,-1,-1,-1
161,7,252.95639038085938,607.710693359375,-1,-1,1,-1,-1,-1
162,7,252.8790283203125,607.5741577148438,-1,-1,1,-1,-1,-1
163,7,245.8134765625,607.8056640625,-1,-1,1,-1,-1,-1
164,7,252.83583068847656,607.696533203125,-1,-1,1,-1,-1,-1
165,7,252.82015991210938,607.7611083984375,-1,-1,1,-1,-1,-1
166,7,260.0904541015625,600.62646484375,-1,-1,1,-1,-1,-1
167,7,267.0867919921875,600.485107421875,-1,-1,1,-1,-1,-1
168,7,274.19256591796875,593.598388671875,-1,-1,1,-1,-1,-1
169,7,281.32781982421875,586.3759765625,-1,-1,1,-1,-1,-1
170,7,281.43182373046875,579.349609375,-1,-1,1,-1,-1,-1
171,7,288.37896728515625,579.3035888671875,-1,-1,1,-1,-1,-1
172,7,288.5098876953125,572.3997802734375,-1,-1,1,-1,-1,-1
173,7,288.5693359375,565.0856323242188,-1,-1,1,-1,-1,-1
174,7,295.62548828125,558.0465087890625,-1,-1,1,-1,-1,-1
175,7,302.8489074707031,557.9857177734375,-1,-1,1,-1,-1,-1
176,7,309.6670837402344,557.79931640625,-1,-1,1,-1,-1,-1
177,7,309.8619689941406,550.8014526367188,-1,-1,1,-1,-1,-1
178,7,323.89306640625,550.8409423828125,-1,-1,1,-1,-1,-1
179,7,331.020751953125,543.7572631835938,-1,-1,1,-1,-1,-1
180,7,331.0224609375,536.5999145507812,-1,-1,1,-1,-1,-1
181,7,330.949462890625,536.5418701171875,-1,-1,1,-1,-1,-1
182,7,324.0079650878906,529.4713134765625,-1,-1,1,-1,-1,-1
183,7,324.05767822265625,529.4722900390625,-1,-1,1,-1,-1,-1
184,7,331.1988525390625,529.4498291015625,-1,-1,1,-1,-1,-1
185,7,338.23052978515625,536.4481201171875,-1,-1,1,-1,-1,-1
186,7,352.5431213378906,536.4906616210938,-1,-1,1,-1,-1,-1
187,7,359.7380065917969,536.52197265625,-1,-1,1,-1,-1,-1
188,7,373.8177490234375,543.5654296875,-1,-1,1,-1,-1,-1
189,7,381.12640380859375,543.5196533203125,-1,-1,1,-1,-1,-1
190,7,388.1258239746094,550.5586547851562,-1,-1,1,-1,-1,-1
191,7,402.50811767578125,550.6553955078125,-1,-1,1,-1,-1,-1
192,7,416.5390319824219,557.68017578125,-1,-1,1,-1,-1,-1
193,7,437.9378662109375,557.6594848632812,-1,-1,1,-1,-1,-1
193,8,1368.11376953125,572.0250244140625,-1,-1,1,-1,-1,-1
194,7,459.1966552734375,557.698486328125,-1,-1,1,-1,-1,-1
195,7,473.52020263671875,557.692626953125,-1,-1,1,-1,-1,-1
196,7,494.71697998046875,557.6483764648438,-1,-1,1,-1,-1,-1
197,7,516.0804443359375,557.6466064453125,-1,-1,1,-1,-1,-1
198,7,537.486328125,557.6490478515625,-1,-1,1,-1,-1,-1
199,7,558.6707763671875,557.5723876953125,-1,-1,1,-1,-1,-1
200,7,580.1885986328125,550.5639038085938,-1,-1,1,-1,-1,-1
201,7,601.43798828125,550.6254272460938,-1,-1,1,-1,-1,-1
202,7,622.5737915039062,550.4471435546875,-1,-1,1,-1,-1,-1
203,7,643.9339599609375,543.50927734375,-1,-1,1,-1,-1,-1
204,7,665.353271484375,543.4296875,-1,-1,1,-1,-1,-1
205,7,686.6396484375,536.416015625,-1,-1,1,-1,-1,-1
206,7,715.1531982421875,536.4789428710938,-1,-1,1,-1,-1,-1
207,7,736.3697509765625,536.3253784179688,-1,-1,1,-1,-1,-1
208,7,764.91015625,529.3235473632812,-1,-1,1,-1,-1,-1
209,7,786.1624755859375,529.1973266601562,-1,-1,1,-1,-1,-1
210,7,814.5123901367188,529.3072509765625,-1,-1,1,-1,-1,-1
211,7,842.9473876953125,529.311767578125,-1,-1,1,-1,-1,-1
212,7,864.2933349609375,529.28125,-1,-1,1,-1,-1,-1
213,7,892.6473999023438,529.31005859375,-1,-1,1,-1,-1,-1
214,7,914.0111694335938,529.247802734375,-1,-1,1,-1,-1,-1
215,7,942.33056640625,529.2218017578125,-1,-1,1,-1,-1,-1
216,7,970.7408447265625,529.18994140625,-1,-1,1,-1,-1,-1
217,7,999.2966918945312,529.2398071289062,-1,-1,1,-1,-1,-1
218,7,1027.6826171875,522.2781372070312,-1,-1,1,-1,-1,-1
219,7,1063.261474609375,529.2354736328125,-1,-1,1,-1,-1,-1
220,7,1084.475830078125,529.2164306640625,-1,-1,1,-1,-1,-1
221,7,1120.0648193359375,529.2509155273438,-1,-1,1,-1,-1,-1
222,7,1148.434326171875,529.2816162109375,-1,-1,1,-1,-1,-1
223,7,1176.938720703125,529.2781982421875,-1,-1,1,-1,-1,-1
224,7,1205.3028564453125,529.2581176757812,-1,-1,1,-1,-1,-1
225,7,1233.64794921875,529.3084716796875,-1,-1,1,-1,-1,-1
226,7,1262.0596923828125,522.3236083984375,-1,-1,1,-1,-1,-1
227,7,1290.586181640625,522.2716064453125,-1,-1,1,-1,-1,-1
228,7,1319.03466796875,522.2802734375,-1,-1,1,-1,-1,-1
229,7,1347.380859375,522.1737060546875,-1,-1,1,-1,-1,-1
230,7,1375.769775390625,515.012451171875,-1,-1,1,-1,-1,-1
231,7,1411.4521484375,515.16015625,-1,-1,1,-1,-1,-1
232,7,1439.9178466796875,507.9378662109375,-1,-1,1,-1,-1,-1
233,7,1468.186279296875,501.04742431640625,-1,-1,1,-1,-1,-1
235,7,1532.117919921875,493.987548828125,-1,-1,1,-1,-1,-1
273,9,1275.885498046875,913.27587890625,-1,-1,1,-1,-1,-1
276,9,1418.43896484375,948.52099609375,-1,-1,1,-1,-1,-1
295,10,1070.126220703125,835.5709838867188,-1,-1,1,-1,-1,-1
478,11,1026.876953125,507.83197021484375,-1,-1,1,-1,-1,-1
483,12,1361.5823974609375,437.5078125,-1,-1,1,-1,-1,-1
505,13,515.632080078125,792.3026123046875,-1,-1,1,-1,-1,-1
506,13,558.1710205078125,806.6075439453125,-1,-1,1,-1,-1,-1
507,13,593.981201171875,813.7413330078125,-1,-1,1,-1,-1,-1
514,13,870.9131469726562,856.5048828125,-1,-1,1,-1,-1,-1
514,14,1112.6015625,408.5264587402344,-1,-1,1,-1,-1,-1
515,13,906.457763671875,856.7200927734375,-1,-1,1,-1,-1,-1
516,13,941.9619140625,849.2861328125,-1,-1,1,-1,-1,-1
517,13,970.5994873046875,842.2361450195312,-1,-1,1,-1,-1,-1
517,14,1190.935302734375,401.34881591796875,-1,-1,1,-1,-1,-1
518,13,1006.1339111328125,835.1068115234375,-1,-1,1,-1,-1,-1
520,13,1077.05908203125,828.1629638671875,-1,-1,1,-1,-1,-1
521,13,1112.428466796875,828.129150390625,-1,-1,1,-1,-1,-1
523,13,1183.5870361328125,813.9443359375,-1,-1,1,-1,-1,-1
524,13,1219.0914306640625,806.9990234375,-1,-1,1,-1,-1,-1
526,13,1297.14697265625,799.792236328125,-1,-1,1,-1,-1,-1
557,15,1112.6754150390625,749.7342529296875,-1,-1,1,-1,-1,-1
558,15,1169.7447509765625,771.054443359375,-1,-1,1,-1,-1,-1
563,16,1702.08154296875,152.5468292236328,-1,-1,1,-1,-1,-1
563,17,1340.16748046875,259.4357604980469,-1,-1,1,-1,-1,-1
565,18,1801.69677734375,160.00894165039062,-1,-1,1,-1,-1,-1
569,19,1482.040771484375,60.6058464050293,-1,-1,1,-1,-1,-1
672,20,224.67083740234375,415.52960205078125,-1,-1,1,-1,-1,-1
673,20,231.64942932128906,422.69293212890625,-1,-1,1,-1,-1,-1
675,20,231.87081909179688,430.04510498046875,-1,-1,1,-1,-1,-1
749,21,1418.3388671875,365.85845947265625,-1,-1,1,-1,-1,-1
751,22,1197.3604736328125,792.5516357421875,-1,-1,1,-1,-1,-1
752,22,1218.50634765625,792.4903564453125,-1,-1,1,-1,-1,-1
754,22,1261.223388671875,792.5404052734375,-1,-1,1,-1,-1,-1
755,22,1275.262939453125,785.8150634765625,-1,-1,1,-1,-1,-1
757,22,1318.1572265625,792.6474609375,-1,-1,1,-1,-1,-1
758,22,1339.6044921875,792.414794921875,-1,-1,1,-1,-1,-1
759,22,1353.5220947265625,792.4842529296875,-1,-1,1,-1,-1,-1
821,23,1233.375,749.785888671875,-1,-1,1,-1,-1,-1
823,23,1290.07568359375,749.4385375976562,-1,-1,1,-1,-1,-1
824,23,1311.297119140625,749.48193359375,-1,-1,1,-1,-1,-1
824,24,914.1749267578125,209.54248046875,-1,-1,1,-1,-1,-1
825,23,1339.980224609375,749.5225219726562,-1,-1,1,-1,-1,-1
847,25,1183.9114990234375,238.04444885253906,-1,-1,1,-1,-1,-1
847,26,1354.339111328125,735.5408935546875,-1,-1,1,-1,-1,-1
848,25,1219.577392578125,238.24441528320312,-1,-1,1,-1,-1,-1
849,25,1262.13818359375,238.24441528320312,-1,-1,1,-1,-1,-1
851,25,1347.38232421875,245.37796020507812,-1,-1,1,-1,-1,-1
924,27,444.5736083984375,764.02880859375,-1,-1,1,-1,-1,-1
935,27,622.6463623046875,799.282470703125,-1,-1,1,-1,-1,-1
938,27,714.8001708984375,799.35009765625,-1,-1,1,-1,-1,-1
953,28,1361.433349609375,827.7640380859375,-1,-1,1,-1,-1,-1
954,28,1404.0869140625,827.7537231445312,-1,-1,1,-1,-1,-1
956,29,558.9190063476562,614.41162109375,-1,-1,1,-1,-1,-1
1008,30,1766.416748046875,714.1205444335938,-1,-1,1,-1,-1,-1
1091,31,89.64385986328125,372.90777587890625,-1,-1,1,-1,-1,-1
1092,31,132.29393005371094,372.94805908203125,-1,-1,1,-1,-1,-1
1093,31,182.06307983398438,373.01953125,-1,-1,1,-1,-1,-1
1094,31,224.54086303710938,365.7774658203125,-1,-1,1,-1,-1,-1
1095,31,267.1795959472656,365.7755126953125,-1,-1,1,-1,-1,-1
1096,31,316.97784423828125,373.0111389160156,-1,-1,1,-1,-1,-1
1097,31,359.658447265625,373.0279235839844,-1,-1,1,-1,-1,-1
1098,31,395.1251220703125,372.83795166015625,-1,-1,1,-1,-1,-1
1099,31,444.83428955078125,373.0277099609375,-1,-1,1,-1,-1,-1
1100,31,480.36767578125,372.9173889160156,-1,-1,1,-1,-1,-1
1101,31,522.9219360351562,365.7896728515625,-1,-1,1,-1,-1,-1
1102,31,565.59716796875,365.8316650390625,-1,-1,1,-1,-1,-1
1103,31,608.3140869140625,365.97540283203125,-1,-1,1,-1,-1,-1
1104,31,650.8857421875,358.7376708984375,-1,-1,1,-1,-1,-1
1105,31,693.6153564453125,358.8756103515625,-1,-1,1,-1,-1,-1
1106,31,736.2288818359375,351.49932861328125,-1,-1,1,-1,-1,-1
1107,31,786.2518310546875,351.6679992675781,-1,-1,1,-1,-1,-1
1108,31,828.822998046875,351.7618103027344,-1,-1,1,-1,-1,-1
1109,31,878.49267578125,351.76727294921875,-1,-1,1,-1,-1,-1
1110,31,928.25146484375,351.72418212890625,-1,-1,1,-1,-1,-1
1111,31,977.8819580078125,351.7833557128906,-1,-1,1,-1,-1,-1
1112,31,1020.6982421875,351.6937561035156,-1,-1,1,-1,-1,-1
1113,31,1070.1630859375,344.3744201660156,-1,-1,1,-1,-1,-1
1114,31,1112.9423828125,344.4383239746094,-1,-1,1,-1,-1,-1
1115,31,1155.3419189453125,337.2423095703125,-1,-1,1,-1,-1,-1
1116,31,1205.1961669921875,337.45904541015625,-1,-1,1,-1,-1,-1
1117,31,1247.8858642578125,330.2520446777344,-1,-1,1,-1,-1,-1
1121,31,1446.88037109375,294.9662170410156,-1,-1,1,-1,-1,-1
1133,32,89.6823501586914,167.008056640625,-1,-1,1,-1,-1,-1
1134,32,146.5828857421875,152.7679443359375,-1,-1,1,-1,-1,-1
1135,32,203.4685516357422,152.7415313720703,-1,-1,1,-1,-1,-1
1135,33,1659.7294921875,834.7344970703125,-1,-1,1,-1,-1,-1
1136,32,267.2760314941406,145.62001037597656,-1,-1,1,-1,-1,-1
1136,33,1738.095703125,827.7059326171875,-1,-1,1,-1,-1,-1
1138,32,380.9322509765625,131.25045776367188,-1,-1,1,-1,-1,-1
1139,32,444.94146728515625,124.11663055419922,-1,-1,1,-1,-1,-1
1140,32,509.0328369140625,117.12513732910156,-1,-1,1,-1,-1,-1
1140,34,643.89111328125,422.89727783203125,-1,-1,1,-1,-1,-1
1141,32,572.9314575195312,117.06983184814453,-1,-1,1,-1,-1,-1
1141,34,721.973876953125,422.87939453125,-1,-1,1,-1,-1,-1
1142,32,629.6228637695312,110.0478515625,-1,-1,1,-1,-1,-1
1142,34,786.1001586914062,429.82318115234375,-1,-1,1,-1,-1,-1
1143,32,700.745361328125,110.1953125,-1,-1,1,-1,-1,-1
1143,34,878.08544921875,415.786376953125,-1,-1,1,-1,-1,-1
1144,32,757.465576171875,110.14353942871094,-1,-1,1,-1,-1,-1
1144,34,970.3204345703125,415.64129638671875,-1,-1,1,-1,-1,-1
1144,35,1503.298583984375,352.0042724609375,-1,-1,1,-1,-1,-1
1145,32,828.58642578125,110.05184936523438,-1,-1,1,-1,-1,-1
1145,34,1034.7215576171875,422.9032897949219,-1,-1,1,-1,-1,-1
1146,32,899.643798828125,110.228515625,-1,-1,1,-1,-1,-1
1146,34,1140.8226318359375,408.56854248046875,-1,-1,1,-1,-1,-1
1147,32,963.7544555664062,102.97220611572266,-1,-1,1,-1,-1,-1
1147,34,1226.077880859375,408.48577880859375,-1,-1,1,-1,-1,-1
1148,32,1034.8973388671875,103.01020812988281,-1,-1,1,-1,-1,-1
1148,34,1311.419189453125,401.3614196777344,-1,-1,1,-1,-1,-1
1149,32,1098.8140869140625,103.02661895751953,-1,-1,1,-1,-1,-1
1149,34,1396.7415771484375,401.48419189453125,-1,-1,1,-1,-1,-1
1150,32,1169.898193359375,95.85185241699219,-1,-1,1,-1,-1,-1
1150,34,1489.069091796875,401.5038757324219,-1,-1,1,-1,-1,-1
1151,32,1240.8250732421875,131.54347229003906,-1,-1,1,-1,-1,-1
1151,34,1581.457763671875,401.3669738769531,-1,-1,1,-1,-1,-1
1152,32,1311.8017578125,102.87521362304688,-1,-1,1,-1,-1,-1
1152,34,1666.66796875,401.40576171875,-1,-1,1,-1,-1,-1
1153,34,1758.731201171875,401.30352783203125,-1,-1,1,-1,-1,-1
1154,32,1461.05517578125,95.87763977050781,-1,-1,1,-1,-1,-1
1154,34,1851.320068359375,401.4465026855469,-1,-1,1,-1,-1,-1
1155,32,1532.136962890625,96.03044128417969,-1,-1,1,-1,-1,-1
1156,32,1603.1025390625,95.72686767578125,-1,-1,1,-1,-1,-1
1157,32,1681.2119140625,95.98101043701172,-1,-1,1,-1,-1,-1
1158,32,1752.146484375,89.05035400390625,-1,-1,1,-1,-1,-1
1162,36,878.31689453125,543.5645751953125,-1,-1,1,-1,-1,-1
1163,36,920.8564453125,543.6263427734375,-1,-1,1,-1,-1,-1
1166,36,1070.139892578125,529.11767578125,-1,-1,1,-1,-1,-1
1167,37,501.9462890625,749.5623779296875,-1,-1,1,-1,-1,-1
1168,37,551.556884765625,749.791015625,-1,-1,1,-1,-1,-1
1169,37,601.3030395507812,742.21435546875,-1,-1,1,-1,-1,-1
1170,37,651.0546875,742.2998046875,-1,-1,1,-1,-1,-1
1171,37,707.8685302734375,742.3892822265625,-1,-1,1,-1,-1,-1
1172,37,757.623046875,742.510498046875,-1,-1,1,-1,-1,-1
1173,37,814.4678955078125,742.6385498046875,-1,-1,1,-1,-1,-1
1174,37,871.1962280273438,742.6424560546875,-1,-1,1,-1,-1,-1
1175,37,921.1209106445312,735.2552490234375,-1,-1,1,-1,-1,-1
1177,37,1042.1026611328125,720.969970703125,-1,-1,1,-1,-1,-1
1178,37,1098.8603515625,714.0003662109375,-1,-1,1,-1,-1,-1
1179,37,1155.6685791015625,706.8839111328125,-1,-1,1,-1,-1,-1
1180,37,1212.536865234375,699.865234375,-1,-1,1,-1,-1,-1
1181,37,1276.4796142578125,692.6217041015625,-1,-1,1,-1,-1,-1
1182,37,1340.13232421875,692.9302978515625,-1,-1,1,-1,-1,-1
1183,37,1404.312744140625,685.792236328125,-1,-1,1,-1,-1,-1
1184,37,1468.4287109375,678.3162841796875,-1,-1,1,-1,-1,-1
1185,37,1539.449462890625,678.6893310546875,-1,-1,1,-1,-1,-1
1186,38,1184.006591796875,678.603515625,-1,-1,1,-1,-1,-1
1188,37,1666.9840087890625,586.0555419921875,-1,-1,1,-1,-1,-1
1188,38,1319.0218505859375,671.6128540039062,-1,-1,1,-1,-1,-1
1188,39,963.9644775390625,657.143310546875,-1,-1,1,-1,-1,-1
1189,37,1859.132080078125,656.9495849609375,-1,-1,1,-1,-1,-1
1189,38,1390.193603515625,664.4195556640625,-1,-1,1,-1,-1,-1
1190,38,1468.346435546875,657.2240600585938,-1,-1,1,-1,-1,-1
1197,40,1219.2437744140625,678.4595947265625,-1,-1,1,-1,-1,-1
1198,40,1297.374267578125,678.4850463867188,-1,-1,1,-1,-1,-1
1199,40,1375.6087646484375,685.6639404296875,-1,-1,1,-1,-1,-1
1200,40,1461.072509765625,685.62841796875,-1,-1,1,-1,-1,-1
1211,41,835.7182006835938,571.6763916015625,-1,-1,1,-1,-1,-1
1213,42,1389.99072265625,671.3184814453125,-1,-1,1,-1,-1,-1
1214,43,1162.6661376953125,671.3866577148438,-1,-1,1,-1,-1,-1
1217,43,1347.185302734375,671.2386474609375,-1,-1,1,-1,-1,-1
1218,41,1233.619140625,657.1452026367188,-1,-1,1,-1,-1,-1
1218,43,1418.0963134765625,671.2648315429688,-1,-1,1,-1,-1,-1
1219,41,1290.369873046875,657.2396850585938,-1,-1,1,-1,-1,-1
1219,43,1489.26953125,671.1702880859375,-1,-1,1,-1,-1,-1
1220,41,1354.270751953125,657.412353515625,-1,-1,1,-1,-1,-1
1220,43,1567.3212890625,664.20654296875,-1,-1,1,-1,-1,-1
1221,41,1418.22412109375,650.1717529296875,-1,-1,1,-1,-1,-1
1221,43,1652.69140625,664.097412109375,-1,-1,1,-1,-1,-1
1221,44,1276.1405029296875,614.6233520507812,-1,-1,1,-1,-1,-1
1222,41,1489.3106689453125,643.0308227539062,-1,-1,1,-1,-1,-1
1222,43,1737.8905029296875,656.9957275390625,-1,-1,1,-1,-1,-1
1223,41,1560.377197265625,643.1691284179688,-1,-1,1,-1,-1,-1
1224,44,1461.0079345703125,600.4813232421875,-1,-1,1,-1,-1,-1
1287,45,1283.4552001953125,763.70166015625,-1,-1,1,-1,-1,-1
1288,45,1333.0390625,763.61865234375,-1,-1,1,-1,-1,-1
1296,46,835.7839965820312,891.80078125,-1,-1,1,-1,-1,-1
1300,46,1034.7423095703125,891.8468017578125,-1,-1,1,-1,-1,-1
1301,46,1084.398193359375,891.4931640625,-1,-1,1,-1,-1,-1
1305,46,1312.04150390625,905.9027099609375,-1,-1,1,-1,-1,-1
1306,46,1383.060791015625,905.9212646484375,-1,-1,1,-1,-1,-1
1330,47,1361.132080078125,743.2109375,-1,-1,1,-1,-1,-1
1373,48,991.8905029296875,749.7186279296875,-1,-1,1,-1,-1,-1
1374,48,1020.3780517578125,756.7415771484375,-1,-1,1,-1,-1,-1
1377,48,1112.6998291015625,778.045166015625,-1,-1,1,-1,-1,-1
1379,48,1183.8189697265625,778.0457763671875,-1,-1,1,-1,-1,-1
1380,48,1219.384765625,778.03759765625,-1,-1,1,-1,-1,-1
1383,48,1340.075439453125,778.072021484375,-1,-1,1,-1,-1,-1
1385,49,785.614501953125,699.933349609375,-1,-1,1,-1,-1,-1
1386,49,813.9296875,707.2308349609375,-1,-1,1,-1,-1,-1
1388,49,863.5828247070312,707.3394775390625,-1,-1,1,-1,-1,-1
1409,50,1027.4248046875,735.0133056640625,-1,-1,1,-1,-1,-1
1452,51,1191.095458984375,351.5423278808594,-1,-1,1,-1,-1,-1
1550,52,1119.8734130859375,607.5877075195312,-1,-1,1,-1,-1,-1
1553,52,1226.43798828125,593.1304931640625,-1,-1,1,-1,-1,-1
1560,52,1496.329345703125,579.0003051757812,-1,-1,1,-1,-1,-1
1565,52,1695.205810546875,572.08251953125,-1,-1,1,-1,-1,-1
1568,52,1794.6650390625,564.8760986328125,-1,-1,1,-1,-1,-1
1575,53,316.7645568847656,671.8016967773438,-1,-1,1,-1,-1,-1
1577,53,345.40167236328125,678.5458374023438,-1,-1,1,-1,-1,-1
1580,53,402.33453369140625,671.3909301757812,-1,-1,1,-1,-1,-1
1582,53,437.9915771484375,671.4705810546875,-1,-1,1,-1,-1,-1
1583,53,452.04425048828125,671.7500610351562,-1,-1,1,-1,-1,-1
1586,53,516.0314331054688,671.708740234375,-1,-1,1,-1,-1,-1
1590,53,601.0596923828125,657.5383911132812,-1,-1,1,-1,-1,-1
1591,53,615.3648681640625,656.8396606445312,-1,-1,1,-1,-1,-1
1592,53,636.680908203125,657.0003662109375,-1,-1,1,-1,-1,-1
1593,53,665.1070556640625,657.112548828125,-1,-1,1,-1,-1,-1
1595,53,707.8035888671875,657.2291259765625,-1,-1,1,-1,-1,-1
1597,53,764.664306640625,650.0482788085938,-1,-1,1,-1,-1,-1
1598,53,800.209228515625,649.9703979492188,-1,-1,1,-1,-1,-1
1599,53,821.5978393554688,650.101318359375,-1,-1,1,-1,-1,-1
1600,53,850.039306640625,642.7861938476562,-1,-1,1,-1,-1,-1
1601,53,885.5570678710938,642.90087890625,-1,-1,1,-1,-1,-1
1602,53,913.9551391601562,643.0701904296875,-1,-1,1,-1,-1,-1
1603,53,949.4366455078125,635.7408447265625,-1,-1,1,-1,-1,-1
1604,53,984.9074096679688,636.0096435546875,-1,-1,1,-1,-1,-1
1605,53,1013.2959594726562,636.0196533203125,-1,-1,1,-1,-1,-1
1606,53,1048.821044921875,628.9180908203125,-1,-1,1,-1,-1,-1
1607,53,1098.6591796875,629.0326538085938,-1,-1,1,-1,-1,-1
1608,53,1141.16748046875,629.2343139648438,-1,-1,1,-1,-1,-1
1609,53,1183.807861328125,629.2354125976562,-1,-1,1,-1,-1,-1
1610,53,1226.4423828125,629.1926879882812,-1,-1,1,-1,-1,-1
1611,53,1283.236083984375,636.1614379882812,-1,-1,1,-1,-1,-1
1645,54,508.83770751953125,700.2137451171875,-1,-1,1,-1,-1,-1
1651,54,657.9714965820312,707.168701171875,-1,-1,1,-1,-1,-1
1700,55,380.87847900390625,287.77880859375,-1,-1,1,-1,-1,-1
1702,56,508.06500244140625,408.69573974609375,-1,-1,1,-1,-1,-1
1705,55,551.4869384765625,309.18475341796875,-1,-1,1,-1,-1,-1
1707,55,636.8072509765625,316.296142578125,-1,-1,1,-1,-1,-1
1712,56,970.6748657226562,486.03607177734375,-1,-1,1,-1,-1,-1
1717,57,1020.390869140625,940.6705932617188,-1,-1,1,-1,-1,-1
1718,57,1077.1822509765625,919.861572265625,-1,-1,1,-1,-1,-1
1719,57,1133.881591796875,898.441162109375,-1,-1,1,-1,-1,-1
1720,57,1190.6817626953125,891.243408203125,-1,-1,1,-1,-1,-1
1720,58,1056.005859375,479.4468994140625,-1,-1,1,-1,-1,-1
1725,59,622.5699462890625,820.69580078125,-1,-1,1,-1,-1,-1
1731,60,530.0802001953125,693.0850830078125,-1,-1,1,-1,-1,-1
1732,60,586.7217407226562,700.3133544921875,-1,-1,1,-1,-1,-1
1753,61,586.786865234375,522.7200927734375,-1,-1,1,-1,-1,-1
1753,62,495.31866455078125,658.1618041992188,-1,-1,1,-1,-1,-1
1755,63,1220.4620361328125,608.2313232421875,-1,-1,1,-1,-1,-1
1761,64,786.3399047851562,841.8601684570312,-1,-1,1,-1,-1,-1
1819,65,1055.8594970703125,735.2803955078125,-1,-1,1,-1,-1,-1
1866,66,821.2442626953125,280.6363830566406,-1,-1,1,-1,-1,-1
1891,67,459.0655517578125,422.738525390625,-1,-1,1,-1,-1,-1
1892,67,480.53521728515625,422.6681823730469,-1,-1,1,-1,-1,-1
1893,67,501.9171142578125,415.4331970214844,-1,-1,1,-1,-1,-1
1894,67,516.3047485351562,415.496337890625,-1,-1,1,-1,-1,-1
1895,67,537.4820556640625,408.27752685546875,-1,-1,1,-1,-1,-1
1896,67,551.6707153320312,408.42401123046875,-1,-1,1,-1,-1,-1
1897,67,580.0948486328125,394.1976318359375,-1,-1,1,-1,-1,-1
1898,67,594.2537231445312,394.32763671875,-1,-1,1,-1,-1,-1
1898,68,778.6900634765625,259.4455261230469,-1,-1,1,-1,-1,-1
1899,67,615.4098510742188,387.1551513671875,-1,-1,1,-1,-1,-1
1902,67,672.2059326171875,372.9567565917969,-1,-1,1,-1,-1,-1
1903,67,686.6280517578125,365.9853820800781,-1,-1,1,-1,-1,-1
1904,67,707.99951171875,358.8042297363281,-1,-1,1,-1,-1,-1
1946,69,1262.0048828125,820.65625,-1,-1,1,-1,-1,-1
1954,70,1226.6328125,145.64625549316406,-1,-1,1,-1,-1,-1
1954,71,1254.828369140625,678.4713134765625,-1,-1,1,-1,-1,-1
1955,71,1276.00146484375,685.8662109375,-1,-1,1,-1,-1,-1
1956,71,1311.4599609375,678.92578125,-1,-1,1,-1,-1,-1
1957,71,1333.4476318359375,671.2200927734375,-1,-1,1,-1,-1,-1
1962,72,885.4776611328125,266.4626159667969,-1,-1,1,-1,-1,-1
1965,70,1603.189453125,117.40657043457031,-1,-1,1,-1,-1,-1
1966,70,1660.0352783203125,195.51730346679688,-1,-1,1,-1,-1,-1
1975,73,1610.369873046875,152.6044158935547,-1,-1,1,-1,-1,-1
2010,74,729.19970703125,500.77850341796875,-1,-1,1,-1,-1,-1
2020,75,757.383544921875,507.5826416015625,-1,-1,1,-1,-1,-1
2021,75,764.6058959960938,500.6610107421875,-1,-1,1,-1,-1,-1
2035,76,763.8299560546875,557.834228515625,-1,-1,1,-1,-1,-1
2045,76,855.9833374023438,486.7418212890625,-1,-1,1,-1,-1,-1
2101,77,629.2607421875,408.6401672363281,-1,-1,1,-1,-1,-1
2181,78,139.0634765625,536.23388671875,-1,-1,1,-1,-1,-1
2185,79,828.3687744140625,181.0240020751953,-1,-1,1,-1,-1,-1
2188,80,735.6309814453125,380.2598876953125,-1,-1,1,-1,-1,-1
2189,80,764.0216064453125,380.13739013671875,-1,-1,1,-1,-1,-1
2196,81,1020.4638061523438,656.99462890625,-1,-1,1,-1,-1,-1
2198,81,1091.537109375,657.041259765625,-1,-1,1,-1,-1,-1
2199,81,1127.005126953125,657.179931640625,-1,-1,1,-1,-1,-1
2200,78,764.2440185546875,550.5269165039062,-1,-1,1,-1,-1,-1
2201,81,1212.1474609375,649.9929809570312,-1,-1,1,-1,-1,-1
2202,81,1254.79150390625,642.9249267578125,-1,-1,1,-1,-1,-1
2203,78,877.8826904296875,536.2611083984375,-1,-1,1,-1,-1,-1
2204,78,920.7012939453125,529.14013671875,-1,-1,1,-1,-1,-1
2205,78,955.9675903320312,529.3536376953125,-1,-1,1,-1,-1,-1
2205,81,1403.9697265625,628.7847900390625,-1,-1,1,-1,-1,-1
2205,82,1013.1406860351562,422.7258605957031,-1,-1,1,-1,-1,-1
2206,78,998.8053588867188,529.1544189453125,-1,-1,1,-1,-1,-1
2206,81,1453.762451171875,628.8060302734375,-1,-1,1,-1,-1,-1
2207,78,1041.314697265625,529.2031860351562,-1,-1,1,-1,-1,-1
2208,78,1084.12744140625,522.0926513671875,-1,-1,1,-1,-1,-1
2210,78,1176.3056640625,522.1534423828125,-1,-1,1,-1,-1,-1
2210,81,1702.4097900390625,628.9386596679688,-1,-1,1,-1,-1,-1
2211,78,1226.210693359375,522.1114501953125,-1,-1,1,-1,-1,-1
2212,78,1268.5936279296875,522.2442626953125,-1,-1,1,-1,-1,-1
2212,81,1851.435546875,628.6012573242188,-1,-1,1,-1,-1,-1
2213,78,1318.350830078125,522.19189453125,-1,-1,1,-1,-1,-1
2217,83,835.6419677734375,337.8141784667969,-1,-1,1,-1,-1,-1
2220,83,906.4326171875,323.4287109375,-1,-1,1,-1,-1,-1
2222,83,956.6699829101562,365.6651611328125,-1,-1,1,-1,-1,-1
2236,84,231.64578247070312,664.1529541015625,-1,-1,1,-1,-1,-1
2237,84,260.0908203125,656.9304809570312,-1,-1,1,-1,-1,-1
2238,84,295.58087158203125,657.02734375,-1,-1,1,-1,-1,-1
2239,84,330.8373718261719,657.1981201171875,-1,-1,1,-1,-1,-1
2240,84,359.2807922363281,664.3956909179688,-1,-1,1,-1,-1,-1
2257,85,1346.8795166015625,735.527587890625,-1,-1,1,-1,-1,-1
2259,85,1389.814697265625,742.4547119140625,-1,-1,1,-1,-1,-1
2293,86,1546.1064453125,131.83779907226562,-1,-1,1,-1,-1,-1
2297,87,658.0303344726562,379.98809814453125,-1,-1,1,-1,-1,-1
2345,88,615.421630859375,394.55010986328125,-1,-1,1,-1,-1,-1
2345,89,373.8084716796875,330.20697021484375,-1,-1,1,-1,-1,-1
2346,88,622.340576171875,394.15533447265625,-1,-1,1,-1,-1,-1
2346,89,373.68017578125,330.12554931640625,-1,-1,1,-1,-1,-1
2347,88,629.6112060546875,387.32879638671875,-1,-1,1,-1,-1,-1
2348,90,1389.9588623046875,770.71044921875,-1,-1,1,-1,-1,-1
2350,88,622.6604614257812,380.0288391113281,-1,-1,1,-1,-1,-1
2350,91,885.6165771484375,856.2590942382812,-1,-1,1,-1,-1,-1
2364,92,686.0790405273438,763.6044921875,-1,-1,1,-1,-1,-1
2367,93,1681.35498046875,223.84146118164062,-1,-1,1,-1,-1,-1
2368,93,1688.4345703125,223.92166137695312,-1,-1,1,-1,-1,-1
2369,93,1695.527587890625,216.62179565429688,-1,-1,1,-1,-1,-1
2373,94,828.8863525390625,380.60491943359375,-1,-1,1,-1,-1,-1
2382,95,416.35723876953125,607.3260498046875,-1,-1,1,-1,-1,-1
2384,96,750.5133056640625,394.40869140625,-1,-1,1,-1,-1,-1
2386,96,765.0012817382812,401.47900390625,-1,-1,1,-1,-1,-1
2417,97,970.7030029296875,401.42230224609375,-1,-1,1,-1,-1,-1
2437,98,1048.63134765625,657.5826416015625,-1,-1,1,-1,-1,-1
2449,98,1183.55224609375,678.6328735351562,-1,-1,1,-1,-1,-1
2450,98,1211.711669921875,678.5323486328125,-1,-1,1,-1,-1,-1
2451,98,1240.414306640625,685.9130249023438,-1,-1,1,-1,-1,-1
2454,99,1496.3958740234375,799.5499267578125,-1,-1,1,-1,-1,-1
2460,100,1169.4578857421875,714.1719970703125,-1,-1,1,-1,-1,-1
2484,101,1247.5438232421875,579.1888427734375,-1,-1,1,-1,-1,-1
2488,102,1346.9052734375,337.4776916503906,-1,-1,1,-1,-1,-1
2496,103,537.3634033203125,337.2980651855469,-1,-1,1,-1,-1,-1
2507,104,579.69921875,344.5632019042969,-1,-1,1,-1,-1,-1
2508,105,1254.5694580078125,550.03857421875,-1,-1,1,-1,-1,-1
2509,105,1282.948974609375,543.2005615234375,-1,-1,1,-1,-1,-1
2510,105,1297.4554443359375,543.22021484375,-1,-1,1,-1,-1,-1
2511,105,1318.6766357421875,535.9677734375,-1,-1,1,-1,-1,-1
2512,105,1333.02294921875,528.71728515625,-1,-1,1,-1,-1,-1
2513,105,1347.4549560546875,528.884765625,-1,-1,1,-1,-1,-1
2513,106,1872.80322265625,131.33685302734375,-1,-1,1,-1,-1,-1
2514,105,1354.521484375,528.9586791992188,-1,-1,1,-1,-1,-1
2515,105,1368.698974609375,522.2194213867188,-1,-1,1,-1,-1,-1
2516,105,1375.81298828125,522.1323852539062,-1,-1,1,-1,-1,-1
2517,105,1390.388427734375,521.8575439453125,-1,-1,1,-1,-1,-1
2518,105,1397.483154296875,521.7677001953125,-1,-1,1,-1,-1,-1
2519,105,1404.320068359375,521.8494873046875,-1,-1,1,-1,-1,-1
2520,105,1418.7138671875,521.6517944335938,-1,-1,1,-1,-1,-1
2521,105,1433.12646484375,521.4667358398438,-1,-1,1,-1,-1,-1
2522,105,1439.943603515625,528.630859375,-1,-1,1,-1,-1,-1
2523,105,1454.22021484375,528.8627319335938,-1,-1,1,-1,-1,-1
2524,105,1461.333740234375,535.9855346679688,-1,-1,1,-1,-1,-1
2525,105,1475.5611572265625,543.3232421875,-1,-1,1,-1,-1,-1
2526,105,1490.16796875,543.1260375976562,-1,-1,1,-1,-1,-1
2527,105,1504.0946044921875,550.2088623046875,-1,-1,1,-1,-1,-1
2528,105,1511.2298583984375,557.5057983398438,-1,-1,1,-1,-1,-1
2529,105,1525.1717529296875,564.5279541015625,-1,-1,1,-1,-1,-1
2530,105,1539.442138671875,571.91357421875,-1,-1,1,-1,-1,-1
2531,105,1546.469970703125,571.71142578125,-1,-1,1,-1,-1,-1
2532,105,1560.8673095703125,578.8964233398438,-1,-1,1,-1,-1,-1
2533,105,1574.671875,599.7755126953125,-1,-1,1,-1,-1,-1
2533,107,1510.71435546875,493.751220703125,-1,-1,1,-1,-1,-1
2534,105,1595.8795166015625,607.0552368164062,-1,-1,1,-1,-1,-1
2551,108,1069.5133056640625,167.4319305419922,-1,-1,1,-1,-1,-1
2565,109,949.18408203125,650.249267578125,-1,-1,1,-1,-1,-1
2572,109,1055.8466796875,749.534912109375,-1,-1,1,-1,-1,-1
2574,109,1091.3853759765625,635.872802734375,-1,-1,1,-1,-1,-1
2575,109,1112.835693359375,628.7412109375,-1,-1,1,-1,-1,-1
2576,109,1134.21826171875,628.77783203125,-1,-1,1,-1,-1,-1
2577,109,1155.4429931640625,621.8269653320312,-1,-1,1,-1,-1,-1
2595,110,1084.2589111328125,771.8721923828125,-1,-1,1,-1,-1,-1
2614,111,558.0994262695312,401.3780517578125,-1,-1,1,-1,-1,-1
2615,111,558.4483642578125,444.1575927734375,-1,-1,1,-1,-1,-1
2617,112,380.88299560546875,330.41741943359375,-1,-1,1,-1,-1,-1
2625,111,672.362060546875,443.7014465332031,-1,-1,1,-1,-1,-1
2645,113,871.0438232421875,749.4411010742188,-1,-1,1,-1,-1,-1
2646,114,309.808349609375,394.37213134765625,-1,-1,1,-1,-1,-1
2649,113,913.690673828125,749.4237060546875,-1,-1,1,-1,-1,-1
2663,115,842.6513671875,443.76361083984375,-1,-1,1,-1,-1,-1
2670,115,871.002685546875,443.8445739746094,-1,-1,1,-1,-1,-1
2673,116,1048.763671875,443.9283142089844,-1,-1,1,-1,-1,-1
2682,117,1226.5850830078125,280.3089904785156,-1,-1,1,-1,-1,-1
2702,118,707.83447265625,735.428955078125,-1,-1,1,-1,-1,-1
2703,118,736.1236572265625,763.839599609375,-1,-1,1,-1,-1,-1
2715,119,1446.897705078125,720.94921875,-1,-1,1,-1,-1,-1
2716,117,1766.6060791015625,224.07330322265625,-1,-1,1,-1,-1,-1
2717,120,1233.44384765625,110.25346374511719,-1,-1,1,-1,-1,-1
2726,121,1716.7713623046875,95.68197631835938,-1,-1,1,-1,-1,-1
2727,121,1731.259521484375,110.35641479492188,-1,-1,1,-1,-1,-1
2728,121,1745.6170654296875,103.03667449951172,-1,-1,1,-1,-1,-1
2731,122,1105.5625,742.5791015625,-1,-1,1,-1,-1,-1
2732,122,1119.639404296875,742.9320068359375,-1,-1,1,-1,-1,-1
2735,122,1183.5616455078125,749.950439453125,-1,-1,1,-1,-1,-1
2737,122,1211.8118896484375,749.498291015625,-1,-1,1,-1,-1,-1
2745,123,473.2105407714844,656.947021484375,-1,-1,1,-1,-1,-1
2746,124,1304.154296875,422.548095703125,-1,-1,1,-1,-1,-1
2747,123,522.8734130859375,650.111572265625,-1,-1,1,-1,-1,-1
2747,124,1325.68310546875,429.7528076171875,-1,-1,1,-1,-1,-1
2748,123,544.1966552734375,642.96826171875,-1,-1,1,-1,-1,-1
2748,124,1347.185546875,422.4300537109375,-1,-1,1,-1,-1,-1
2749,123,565.419921875,643.1171875,-1,-1,1,-1,-1,-1
2750,123,586.7523193359375,642.9850463867188,-1,-1,1,-1,-1,-1
2751,123,608.1510620117188,643.0186767578125,-1,-1,1,-1,-1,-1
2752,123,622.40087890625,642.880615234375,-1,-1,1,-1,-1,-1
2754,123,657.9906005859375,642.862060546875,-1,-1,1,-1,-1,-1
2754,124,1467.806884765625,408.6712341308594,-1,-1,1,-1,-1,-1
2759,123,707.6956787109375,650.2921142578125,-1,-1,1,-1,-1,-1
2760,123,707.6328125,650.289306640625,-1,-1,1,-1,-1,-1
2761,123,707.5823974609375,650.3491821289062,-1,-1,1,-1,-1,-1
2762,123,707.5350341796875,650.0757446289062,-1,-1,1,-1,-1,-1
2763,123,707.581298828125,650.0999755859375,-1,-1,1,-1,-1,-1
2766,123,693.3269653320312,650.1929931640625,-1,-1,1,-1,-1,-1
2767,123,693.3749389648438,614.6226196289062,-1,-1,1,-1,-1,-1
2770,123,679.24755859375,600.58056640625,-1,-1,1,-1,-1,-1
2771,123,665.105712890625,628.7774658203125,-1,-1,1,-1,-1,-1
2772,123,664.8729858398438,628.7857666015625,-1,-1,1,-1,-1,-1
2774,123,678.9945678710938,628.744873046875,-1,-1,1,-1,-1,-1
2780,123,735.97607421875,657.11083984375,-1,-1,1,-1,-1,-1
2783,123,764.5113525390625,671.1875,-1,-1,1,-1,-1,-1
2784,123,778.6948852539062,671.066162109375,-1,-1,1,-1,-1,-1
2786,123,799.9215087890625,678.39794921875,-1,-1,1,-1,-1,-1
2787,123,807.4695434570312,685.4642944335938,-1,-1,1,-1,-1,-1
2791,123,842.5537109375,657.431884765625,-1,-1,1,-1,-1,-1
2792,123,842.8330078125,699.3984375,-1,-1,1,-1,-1,-1
2793,123,842.7421264648438,699.3826293945312,-1,-1,1,-1,-1,-1
2794,123,835.8665161132812,706.8272705078125,-1,-1,1,-1,-1,-1
2795,123,828.5159301757812,706.71875,-1,-1,1,-1,-1,-1
2796,123,821.4854125976562,713.871337890625,-1,-1,1,-1,-1,-1
2797,123,807.0069580078125,713.8617553710938,-1,-1,1,-1,-1,-1
2797,125,807.5000610351562,799.2460327148438,-1,-1,1,-1,-1,-1
2798,123,799.8206787109375,713.6329345703125,-1,-1,1,-1,-1,-1
2799,123,785.8670654296875,714.0274047851562,-1,-1,1,-1,-1,-1
2800,123,771.49365234375,706.50927734375,-1,-1,1,-1,-1,-1
2803,125,729.2977294921875,791.9066162109375,-1,-1,1,-1,-1,-1
2805,123,714.9740600585938,699.1873779296875,-1,-1,1,-1,-1,-1
2806,123,700.7698364257812,706.5440063476562,-1,-1,1,-1,-1,-1
2807,123,693.5567626953125,699.3489990234375,-1,-1,1,-1,-1,-1
2808,123,686.581298828125,699.2733764648438,-1,-1,1,-1,-1,-1
2809,123,679.4764404296875,699.43212890625,-1,-1,1,-1,-1,-1
2812,123,672.2274780273438,643.2252807617188,-1,-1,1,-1,-1,-1
2814,125,665.1746826171875,784.773681640625,-1,-1,1,-1,-1,-1
2815,125,658.1912841796875,784.947021484375,-1,-1,1,-1,-1,-1
2816,123,658.18701171875,643.1546630859375,-1,-1,1,-1,-1,-1
2816,125,651.04638671875,784.9146728515625,-1,-1,1,-1,-1,-1
2817,123,651.070556640625,643.2110595703125,-1,-1,1,-1,-1,-1
2817,125,644.0792236328125,784.792236328125,-1,-1,1,-1,-1,-1
2818,123,643.908203125,643.4237670898438,-1,-1,1,-1,-1,-1
2818,125,636.7689208984375,784.9305419921875,-1,-1,1,-1,-1,-1
2819,123,643.7117919921875,643.1561279296875,-1,-1,1,-1,-1,-1
2819,125,636.8070068359375,784.9771728515625,-1,-1,1,-1,-1,-1
2820,123,643.834228515625,643.171630859375,-1,-1,1,-1,-1,-1
2820,125,636.737548828125,785.0156860351562,-1,-1,1,-1,-1,-1
2821,123,644.0255126953125,643.3270263671875,-1,-1,1,-1,-1,-1
2821,125,643.87353515625,784.8839721679688,-1,-1,1,-1,-1,-1
2822,125,643.9791259765625,784.88232421875,-1,-1,1,-1,-1,-1
2823,123,658.03759765625,643.3455810546875,-1,-1,1,-1,-1,-1
2823,125,657.9952392578125,792.2172241210938,-1,-1,1,-1,-1,-1
2824,123,679.3944091796875,643.3431396484375,-1,-1,1,-1,-1,-1
2824,125,672.4493408203125,791.9935913085938,-1,-1,1,-1,-1,-1
