3,1,894.375732421875,607.7268676757812,-1,-1,1,-1,-1,-1
5,1,900.4056396484375,621.031494140625,-1,-1,1,-1,-1,-1
6,1,963.9608154296875,599.9442138671875,-1,-1,1,-1,-1,-1
7,1,985.32958984375,606.8132934570312,-1,-1,1,-1,-1,-1
8,1,1007.3297119140625,606.9832763671875,-1,-1,1,-1,-1,-1
8,2,1020.0430908203125,523.2830810546875,-1,-1,1,-1,-1,-1
9,1,1034.9300537109375,606.4680786132812,-1,-1,1,-1,-1,-1
9,2,1034.446533203125,522.943359375,-1,-1,1,-1,-1,-1
10,1,1055.97900390625,605.8683471679688,-1,-1,1,-1,-1,-1
10,2,1069.35888671875,529.2659912109375,-1,-1,1,-1,-1,-1
11,1,1077.4598388671875,605.4522094726562,-1,-1,1,-1,-1,-1
11,2,1090.640869140625,529.7657470703125,-1,-1,1,-1,-1,-1
12,1,1098.4034423828125,620.7185668945312,-1,-1,1,-1,-1,-1
12,2,1112.36767578125,530.365966796875,-1,-1,1,-1,-1,-1
13,2,1140.2933349609375,530.4591064453125,-1,-1,1,-1,-1,-1
14,2,1168.7431640625,535.2420043945312,-1,-1,1,-1,-1,-1
15,2,1197.6236572265625,535.24609375,-1,-1,1,-1,-1,-1
16,2,1232.275634765625,536.1282958984375,-1,-1,1,-1,-1,-1
17,2,1260.4765625,536.6218872070312,-1,-1,1,-1,-1,-1
18,2,1288.9835205078125,543.0222778320312,-1,-1,1,-1,-1,-1
19,2,1312.2313232421875,543.4288330078125,-1,-1,1,-1,-1,-1
20,1,1332.913818359375,656.3314208984375,-1,-1,1,-1,-1,-1
25,3,195.56137084960938,515.7684326171875,-1,-1,1,-1,-1,-1
26,3,216.29315185546875,514.9296875,-1,-1,1,-1,-1,-1
27,1,1510.29931640625,763.4793701171875,-1,-1,1,-1,-1,-1
27,3,229.98388671875,509.8534851074219,-1,-1,1,-1,-1,-1
28,1,1516.977294921875,770.1868286132812,-1,-1,1,-1,-1,-1
28,3,244.81976318359375,512.8755493164062,-1,-1,1,-1,-1,-1
29,3,259.1813659667969,509.212890625,-1,-1,1,-1,-1,-1
30,3,273.93450927734375,509.86480712890625,-1,-1,1,-1,-1,-1
31,3,289.1365966796875,509.9209289550781,-1,-1,1,-1,-1,-1
32,3,308.30755615234375,510.0860595703125,-1,-1,1,-1,-1,-1
33,3,317.7960205078125,513.7711181640625,-1,-1,1,-1,-1,-1
34,3,337.11029052734375,516.7932739257812,-1,-1,1,-1,-1,-1
35,3,352.1646728515625,520.8798217773438,-1,-1,1,-1,-1,-1
36,3,366.91693115234375,522.8519287109375,-1,-1,1,-1,-1,-1
37,3,381.8817138671875,524.2405395507812,-1,-1,1,-1,-1,-1
38,3,401.50537109375,527.0586547851562,-1,-1,1,-1,-1,-1
39,3,415.88836669921875,527.9197998046875,-1,-1,1,-1,-1,-1
40,3,430.2757568359375,528.3109130859375,-1,-1,1,-1,-1,-1
41,3,444.816650390625,529.1920166015625,-1,-1,1,-1,-1,-1
41,4,180.55882263183594,679.6226806640625,-1,-1,1,-1,-1,-1
42,3,459.57861328125,530.2303466796875,-1,-1,1,-1,-1,-1
42,4,189.10519409179688,683.708251953125,-1,-1,1,-1,-1,-1
42,5,181.81097412109375,792.0198974609375,-1,-1,1,-1,-1,-1
43,3,479.15484619140625,531.1397705078125,-1,-1,1,-1,-1,-1
43,4,203.3968963623047,684.44140625,-1,-1,1,-1,-1,-1
44,3,494.3316955566406,534.0153198242188,-1,-1,1,-1,-1,-1
45,3,509.3147888183594,535.7744140625,-1,-1,1,-1,-1,-1
45,4,237.5420379638672,686.0210571289062,-1,-1,1,-1,-1,-1
46,3,529.1756591796875,535.59326171875,-1,-1,1,-1,-1,-1
46,5,251.29525756835938,798.7537841796875,-1,-1,1,-1,-1,-1
47,3,544.5155029296875,537.6209106445312,-1,-1,1,-1,-1,-1
47,4,266.261474609375,691.3154296875,-1,-1,1,-1,-1,-1
48,3,564.83349609375,541.0327758789062,-1,-1,1,-1,-1,-1
48,4,281.749267578125,692.189697265625,-1,-1,1,-1,-1,-1
49,3,580.196044921875,542.870849609375,-1,-1,1,-1,-1,-1
49,4,301.847900390625,693.544921875,-1,-1,1,-1,-1,-1
49,5,301.5832214355469,805.4718627929688,-1,-1,1,-1,-1,-1
50,3,600.11083984375,544.6339111328125,-1,-1,1,-1,-1,-1
50,4,316.4559326171875,694.5390625,-1,-1,1,-1,-1,-1
51,3,615.1728515625,543.9005126953125,-1,-1,1,-1,-1,-1
51,4,331.25054931640625,697.592529296875,-1,-1,1,-1,-1,-1
51,5,330.965087890625,808.2901000976562,-1,-1,1,-1,-1,-1
52,3,635.417724609375,544.1322021484375,-1,-1,1,-1,-1,-1
52,4,351.277587890625,698.0999755859375,-1,-1,1,-1,-1,-1
52,5,352.08453369140625,811.05419921875,-1,-1,1,-1,-1,-1
53,3,650.72998046875,545.072998046875,-1,-1,1,-1,-1,-1
53,4,365.93218994140625,699.5379638671875,-1,-1,1,-1,-1,-1
53,5,372.69329833984375,811.7762451171875,-1,-1,1,-1,-1,-1
54,3,671.034423828125,544.9105834960938,-1,-1,1,-1,-1,-1
54,4,386.6326904296875,700.2974853515625,-1,-1,1,-1,-1,-1
54,5,387.7840270996094,811.8812866210938,-1,-1,1,-1,-1,-1
55,3,686.17529296875,545.2269287109375,-1,-1,1,-1,-1,-1
55,4,401.2371826171875,700.9803466796875,-1,-1,1,-1,-1,-1
55,5,408.26837158203125,814.1783447265625,-1,-1,1,-1,-1,-1
56,3,701.416015625,544.7947998046875,-1,-1,1,-1,-1,-1
56,4,416.12518310546875,700.7973022460938,-1,-1,1,-1,-1,-1
56,5,422.564453125,812.6168823242188,-1,-1,1,-1,-1,-1
57,3,721.111328125,543.7703857421875,-1,-1,1,-1,-1,-1
57,4,430.19970703125,700.4719848632812,-1,-1,1,-1,-1,-1
57,5,444.0147705078125,811.3804321289062,-1,-1,1,-1,-1,-1
58,3,735.8678588867188,542.416748046875,-1,-1,1,-1,-1,-1
58,4,444.6898193359375,701.058837890625,-1,-1,1,-1,-1,-1
59,3,750.1923828125,538.4371948242188,-1,-1,1,-1,-1,-1
59,4,458.3694763183594,698.268798828125,-1,-1,1,-1,-1,-1
60,3,764.4657592773438,538.3048095703125,-1,-1,1,-1,-1,-1
60,4,472.49151611328125,697.55224609375,-1,-1,1,-1,-1,-1
60,5,486.87841796875,808.87060546875,-1,-1,1,-1,-1,-1
61,3,778.5308837890625,534.9450073242188,-1,-1,1,-1,-1,-1
61,4,486.91650390625,694.6763305664062,-1,-1,1,-1,-1,-1
61,5,501.5111999511719,807.9161987304688,-1,-1,1,-1,-1,-1
62,3,793.198974609375,531.5789184570312,-1,-1,1,-1,-1,-1
62,4,501.05633544921875,694.2880249023438,-1,-1,1,-1,-1,-1
62,5,516.038818359375,806.8157958984375,-1,-1,1,-1,-1,-1
63,3,808.141845703125,530.6256713867188,-1,-1,1,-1,-1,-1
63,4,515.1824951171875,692.1318359375,-1,-1,1,-1,-1,-1
63,5,536.8726196289062,805.703369140625,-1,-1,1,-1,-1,-1
64,3,827.989013671875,528.2996215820312,-1,-1,1,-1,-1,-1
64,4,529.2010498046875,691.0474853515625,-1,-1,1,-1,-1,-1
64,5,557.335205078125,805.3368530273438,-1,-1,1,-1,-1,-1
65,3,842.3804931640625,527.1067504882812,-1,-1,1,-1,-1,-1
65,4,543.8973388671875,687.277587890625,-1,-1,1,-1,-1,-1
65,5,571.2127685546875,801.66259765625,-1,-1,1,-1,-1,-1
66,3,857.3405151367188,522.4226684570312,-1,-1,1,-1,-1,-1
66,4,558.0108032226562,686.307373046875,-1,-1,1,-1,-1,-1
66,5,585.9097900390625,799.923095703125,-1,-1,1,-1,-1,-1
67,3,876.921875,516.8776245117188,-1,-1,1,-1,-1,-1
67,4,572.07177734375,683.666259765625,-1,-1,1,-1,-1,-1
67,5,600.6474609375,796.7994384765625,-1,-1,1,-1,-1,-1
68,3,892.264404296875,515.628173828125,-1,-1,1,-1,-1,-1
68,4,593.0968017578125,679.5934448242188,-1,-1,1,-1,-1,-1
68,5,615.3062744140625,793.7830810546875,-1,-1,1,-1,-1,-1
69,3,907.0107421875,509.1197509765625,-1,-1,1,-1,-1,-1
69,4,607.678955078125,673.540771484375,-1,-1,1,-1,-1,-1
69,5,635.4466552734375,789.396240234375,-1,-1,1,-1,-1,-1
70,3,921.4756469726562,505.90826416015625,-1,-1,1,-1,-1,-1
70,4,621.6556396484375,671.1201171875,-1,-1,1,-1,-1,-1
70,5,650.921630859375,784.335693359375,-1,-1,1,-1,-1,-1
71,3,948.9102172851562,503.02978515625,-1,-1,1,-1,-1,-1
71,4,642.88916015625,669.215576171875,-1,-1,1,-1,-1,-1
71,5,672.0481567382812,781.872802734375,-1,-1,1,-1,-1,-1
72,3,963.6908569335938,502.354248046875,-1,-1,1,-1,-1,-1
72,4,657.5569458007812,668.9515991210938,-1,-1,1,-1,-1,-1
72,5,693.16162109375,782.2099609375,-1,-1,1,-1,-1,-1
73,3,984.1780395507812,502.3185729980469,-1,-1,1,-1,-1,-1
73,4,672.623779296875,666.160888671875,-1,-1,1,-1,-1,-1
73,5,713.9246826171875,779.8626098632812,-1,-1,1,-1,-1,-1
74,3,998.736083984375,500.0556945800781,-1,-1,1,-1,-1,-1
74,4,692.184326171875,664.96337890625,-1,-1,1,-1,-1,-1
74,5,728.1761474609375,778.2444458007812,-1,-1,1,-1,-1,-1
75,3,1013.55126953125,499.66229248046875,-1,-1,1,-1,-1,-1
75,4,707.026611328125,665.1326904296875,-1,-1,1,-1,-1,-1
75,5,742.7412109375,778.6917724609375,-1,-1,1,-1,-1,-1
76,3,1034.0716552734375,495.22955322265625,-1,-1,1,-1,-1,-1
76,4,721.2181396484375,663.5775146484375,-1,-1,1,-1,-1,-1
76,5,763.97900390625,775.77880859375,-1,-1,1,-1,-1,-1
77,3,1049.09130859375,495.57366943359375,-1,-1,1,-1,-1,-1
77,4,736.099609375,661.615478515625,-1,-1,1,-1,-1,-1
77,5,778.328369140625,775.416015625,-1,-1,1,-1,-1,-1
78,3,1069.791015625,491.944580078125,-1,-1,1,-1,-1,-1
78,4,756.6383056640625,658.4971313476562,-1,-1,1,-1,-1,-1
78,5,792.601806640625,772.4881591796875,-1,-1,1,-1,-1,-1
79,3,1084.623779296875,491.36322021484375,-1,-1,1,-1,-1,-1
79,4,771.1338500976562,657.48681640625,-1,-1,1,-1,-1,-1
79,5,813.798583984375,770.1100463867188,-1,-1,1,-1,-1,-1
80,3,1105.4114990234375,486.5843505859375,-1,-1,1,-1,-1,-1
80,4,792.05126953125,654.8475341796875,-1,-1,1,-1,-1,-1
80,5,834.8754272460938,768.822265625,-1,-1,1,-1,-1,-1
81,3,1126.3863525390625,481.39263916015625,-1,-1,1,-1,-1,-1
81,4,806.620361328125,651.3209228515625,-1,-1,1,-1,-1,-1
81,5,855.89013671875,765.7408447265625,-1,-1,1,-1,-1,-1
82,3,1141.2442626953125,478.4895324707031,-1,-1,1,-1,-1,-1
82,4,827.63623046875,649.1109619140625,-1,-1,1,-1,-1,-1
82,5,870.4658203125,763.2330322265625,-1,-1,1,-1,-1,-1
83,3,1162.219482421875,477.4456787109375,-1,-1,1,-1,-1,-1
83,4,842.4840087890625,644.5126953125,-1,-1,1,-1,-1,-1
83,5,884.9302978515625,761.3712158203125,-1,-1,1,-1,-1,-1
84,3,1183.40869140625,473.4697265625,-1,-1,1,-1,-1,-1
84,4,863.0701904296875,643.0443115234375,-1,-1,1,-1,-1,-1
84,5,913.0455932617188,757.6513671875,-1,-1,1,-1,-1,-1
85,3,1204.3343505859375,469.91094970703125,-1,-1,1,-1,-1,-1
85,4,877.988037109375,640.576904296875,-1,-1,1,-1,-1,-1
85,5,927.2188110351562,755.1749267578125,-1,-1,1,-1,-1,-1
86,3,1219.71630859375,466.222412109375,-1,-1,1,-1,-1,-1
86,4,898.740966796875,635.7186889648438,-1,-1,1,-1,-1,-1
86,5,948.3765869140625,754.1002197265625,-1,-1,1,-1,-1,-1
87,3,1240.212890625,462.8526611328125,-1,-1,1,-1,-1,-1
87,4,920.1676025390625,634.2401123046875,-1,-1,1,-1,-1,-1
87,5,969.954345703125,749.8214111328125,-1,-1,1,-1,-1,-1
88,3,1261.952392578125,459.827880859375,-1,-1,1,-1,-1,-1
88,4,941.3697509765625,633.700927734375,-1,-1,1,-1,-1,-1
88,5,991.291015625,749.049072265625,-1,-1,1,-1,-1,-1
89,3,1282.9869384765625,457.54571533203125,-1,-1,1,-1,-1,-1
89,4,962.5096435546875,630.1901245117188,-1,-1,1,-1,-1,-1
89,5,1012.5982666015625,747.7828369140625,-1,-1,1,-1,-1,-1
90,3,1311.181640625,455.666259765625,-1,-1,1,-1,-1,-1
90,4,983.5458984375,627.2247924804688,-1,-1,1,-1,-1,-1
90,5,1033.88134765625,746.6258544921875,-1,-1,1,-1,-1,-1
91,3,1332.816650390625,451.342529296875,-1,-1,1,-1,-1,-1
91,4,1005.010498046875,623.179931640625,-1,-1,1,-1,-1,-1
91,5,1061.7781982421875,741.9268798828125,-1,-1,1,-1,-1,-1
92,3,1354.329833984375,449.1688232421875,-1,-1,1,-1,-1,-1
92,4,1020.614990234375,622.638671875,-1,-1,1,-1,-1,-1
92,5,1083.6915283203125,740.4810791015625,-1,-1,1,-1,-1,-1
93,3,1382.3809814453125,445.3049011230469,-1,-1,1,-1,-1,-1
93,4,1041.8388671875,619.8090209960938,-1,-1,1,-1,-1,-1
93,5,1105.0916748046875,736.2828369140625,-1,-1,1,-1,-1,-1
94,3,1403.766357421875,443.2689514160156,-1,-1,1,-1,-1,-1
94,4,1063.1802978515625,615.74462890625,-1,-1,1,-1,-1,-1
94,5,1133.12109375,733.7666015625,-1,-1,1,-1,-1,-1
95,4,1084.4786376953125,615.9857177734375,-1,-1,1,-1,-1,-1
95,5,1148.010986328125,732.9725341796875,-1,-1,1,-1,-1,-1
96,3,1453.3427734375,438.44537353515625,-1,-1,1,-1,-1,-1
96,4,1111.9501953125,615.62744140625,-1,-1,1,-1,-1,-1
96,5,1175.957275390625,733.531982421875,-1,-1,1,-1,-1,-1
97,4,1133.348388671875,615.9012451171875,-1,-1,1,-1,-1,-1
97,5,1197.5548095703125,733.460693359375,-1,-1,1,-1,-1,-1
98,3,1503.11328125,435.87933349609375,-1,-1,1,-1,-1,-1
98,4,1154.875244140625,615.2704467773438,-1,-1,1,-1,-1,-1
98,5,1225.6552734375,732.8350219726562,-1,-1,1,-1,-1,-1
99,4,1176.64111328125,613.8126220703125,-1,-1,1,-1,-1,-1
99,5,1247.361572265625,732.5880126953125,-1,-1,1,-1,-1,-1
100,3,1553.000732421875,434.02142333984375,-1,-1,1,-1,-1,-1
100,4,1204.3555908203125,614.2113037109375,-1,-1,1,-1,-1,-1
100,5,1275.23828125,728.3602294921875,-1,-1,1,-1,-1,-1
101,4,1225.7064208984375,613.9132080078125,-1,-1,1,-1,-1,-1
101,5,1297.196533203125,728.2997436523438,-1,-1,1,-1,-1,-1
102,4,1247.6893310546875,612.455078125,-1,-1,1,-1,-1,-1
102,5,1325.431396484375,728.1636962890625,-1,-1,1,-1,-1,-1
103,4,1275.243896484375,614.56982421875,-1,-1,1,-1,-1,-1
103,5,1353.531982421875,728.7845458984375,-1,-1,1,-1,-1,-1
104,4,1297.0791015625,614.9297485351562,-1,-1,1,-1,-1,-1
104,5,1375.5712890625,729.4564208984375,-1,-1,1,-1,-1,-1
105,4,1325.0994873046875,615.3232421875,-1,-1,1,-1,-1,-1
105,5,1410.021240234375,732.89892578125,-1,-1,1,-1,-1,-1
106,4,1346.8765869140625,616.1995849609375,-1,-1,1,-1,-1,-1
106,5,1432.0413818359375,733.9031372070312,-1,-1,1,-1,-1,-1
107,4,1374.9061279296875,620.1669921875,-1,-1,1,-1,-1,-1
107,5,1460.343505859375,735.8470458984375,-1,-1,1,-1,-1,-1
108,4,1403.3563232421875,620.7369384765625,-1,-1,1,-1,-1,-1
108,5,1488.878173828125,740.0892944335938,-1,-1,1,-1,-1,-1
109,4,1425.0648193359375,621.8095703125,-1,-1,1,-1,-1,-1
109,5,1517.2987060546875,741.2348022460938,-1,-1,1,-1,-1,-1
110,4,1453.267578125,622.1007080078125,-1,-1,1,-1,-1,-1
111,4,1481.610595703125,622.8590087890625,-1,-1,1,-1,-1,-1
112,4,1503.56201171875,626.3533935546875,-1,-1,1,-1,-1,-1
113,4,1531.3641357421875,627.207763671875,-1,-1,1,-1,-1,-1
114,4,1559.640380859375,628.9752197265625,-1,-1,1,-1,-1,-1
115,4,1581.4921875,629.572021484375,-1,-1,1,-1,-1,-1
116,4,1609.6357421875,629.4044189453125,-1,-1,1,-1,-1,-1
117,4,1638.1229248046875,629.6309204101562,-1,-1,1,-1,-1,-1
118,4,1666.434814453125,629.882080078125,-1,-1,1,-1,-1,-1
119,4,1695.0751953125,630.0845947265625,-1,-1,1,-1,-1,-1
120,4,1723.444091796875,629.7000122070312,-1,-1,1,-1,-1,-1
139,6,1069.4700927734375,762.6919555664062,-1,-1,1,-1,-1,-1
143,6,1155.213623046875,762.6405029296875,-1,-1,1,-1,-1,-1
145,6,1198.03173828125,762.8179931640625,-1,-1,1,-1,-1,-1
146,6,1225.388427734375,762.739013671875,-1,-1,1,-1,-1,-1
148,6,1268.4931640625,761.801025390625,-1,-1,1,-1,-1,-1
150,6,1311.5926513671875,755.7514038085938,-1,-1,1,-1,-1,-1
151,6,1338.71044921875,749.37158203125,-1,-1,1,-1,-1,-1
152,6,1360.3564453125,750.419921875,-1,-1,1,-1,-1,-1
153,6,1382.594970703125,741.8297119140625,-1,-1,1,-1,-1,-1
154,7,352.4339904785156,485.25714111328125,-1,-1,1,-1,-1,-1
155,6,1425.409912109375,735.358642578125,-1,-1,1,-1,-1,-1
156,6,1453.296630859375,734.9501953125,-1,-1,1,-1,-1,-1
157,7,386.8443298339844,472.293212890625,-1,-1,1,-1,-1,-1
158,6,1503.170654296875,728.623291015625,-1,-1,1,-1,-1,-1
159,6,1531.1671142578125,726.2091674804688,-1,-1,1,-1,-1,-1
161,7,437.00946044921875,464.4673156738281,-1,-1,1,-1,-1,-1
162,6,1616.06396484375,720.0445556640625,-1,-1,1,-1,-1,-1
163,7,464.5948791503906,458.31103515625,-1,-1,1,-1,-1,-1
164,7,473.3421936035156,457.16534423828125,-1,-1,1,-1,-1,-1
165,7,486.51666259765625,457.1470947265625,-1,-1,1,-1,-1,-1
166,7,501.30926513671875,456.7344055175781,-1,-1,1,-1,-1,-1
168,7,529.19287109375,456.3959655761719,-1,-1,1,-1,-1,-1
169,7,542.974609375,457.1472473144531,-1,-1,1,-1,-1,-1
172,7,579.0780029296875,457.44793701171875,-1,-1,1,-1,-1,-1
173,7,592.981201171875,456.60150146484375,-1,-1,1,-1,-1,-1
181,7,693.3575439453125,457.0899658203125,-1,-1,1,-1,-1,-1
193,8,799.6690673828125,591.9248046875,-1,-1,1,-1,-1,-1
194,8,813.4928588867188,586.0916748046875,-1,-1,1,-1,-1,-1
195,8,827.5321044921875,580.535400390625,-1,-1,1,-1,-1,-1
196,8,835.716796875,577.5144653320312,-1,-1,1,-1,-1,-1
197,8,849.9019165039062,572.2266845703125,-1,-1,1,-1,-1,-1
198,8,863.4862060546875,570.015625,-1,-1,1,-1,-1,-1
199,8,878.03955078125,569.7998046875,-1,-1,1,-1,-1,-1
200,8,892.3035888671875,566.9252319335938,-1,-1,1,-1,-1,-1
201,8,906.540771484375,565.77685546875,-1,-1,1,-1,-1,-1
202,8,920.8126220703125,564.2469482421875,-1,-1,1,-1,-1,-1
203,8,934.8305053710938,563.149658203125,-1,-1,1,-1,-1,-1
204,8,949.1141357421875,558.848876953125,-1,-1,1,-1,-1,-1
205,8,963.1719970703125,556.1575927734375,-1,-1,1,-1,-1,-1
206,8,977.2852172851562,555.7234497070312,-1,-1,1,-1,-1,-1
207,8,991.6701049804688,554.974609375,-1,-1,1,-1,-1,-1
208,8,1005.980712890625,552.3902587890625,-1,-1,1,-1,-1,-1
209,8,1020.1441650390625,552.3564453125,-1,-1,1,-1,-1,-1
210,8,1034.1263427734375,552.236328125,-1,-1,1,-1,-1,-1
211,8,1041.8748779296875,552.1083374023438,-1,-1,1,-1,-1,-1
212,8,1056.008056640625,555.0250244140625,-1,-1,1,-1,-1,-1
213,8,1077.0889892578125,555.9342041015625,-1,-1,1,-1,-1,-1
213,9,202.84469604492188,669.6549072265625,-1,-1,1,-1,-1,-1
214,8,1090.907958984375,556.4073486328125,-1,-1,1,-1,-1,-1
215,8,1098.5875244140625,558.43896484375,-1,-1,1,-1,-1,-1
216,8,1119.570556640625,562.6104736328125,-1,-1,1,-1,-1,-1
217,8,1133.8170166015625,562.6903076171875,-1,-1,1,-1,-1,-1
218,8,1147.91357421875,562.8717041015625,-1,-1,1,-1,-1,-1
219,8,1162.166259765625,564.3525390625,-1,-1,1,-1,-1,-1
220,8,1176.601318359375,565.44970703125,-1,-1,1,-1,-1,-1
221,8,1190.66748046875,566.3411865234375,-1,-1,1,-1,-1,-1
221,9,273.828857421875,678.8321533203125,-1,-1,1,-1,-1,-1
222,8,1205.095703125,570.34912109375,-1,-1,1,-1,-1,-1
222,9,281.183837890625,679.947998046875,-1,-1,1,-1,-1,-1
223,8,1226.073486328125,570.8636474609375,-1,-1,1,-1,-1,-1
223,9,288.22021484375,682.9728393554688,-1,-1,1,-1,-1,-1
224,8,1240.482177734375,572.2337036132812,-1,-1,1,-1,-1,-1
224,9,295.1177978515625,683.4239501953125,-1,-1,1,-1,-1,-1
225,8,1254.64306640625,573.749267578125,-1,-1,1,-1,-1,-1
225,9,302.40582275390625,684.527099609375,-1,-1,1,-1,-1,-1
226,8,1268.560546875,577.02099609375,-1,-1,1,-1,-1,-1
227,8,1282.771240234375,577.2373046875,-1,-1,1,-1,-1,-1
227,9,316.6468811035156,686.4893798828125,-1,-1,1,-1,-1,-1
228,8,1297.095947265625,576.9341430664062,-1,-1,1,-1,-1,-1
228,9,330.5916748046875,685.9892578125,-1,-1,1,-1,-1,-1
229,8,1318.5458984375,574.151611328125,-1,-1,1,-1,-1,-1
229,9,337.5188903808594,684.731201171875,-1,-1,1,-1,-1,-1
230,8,1332.60546875,574.0152587890625,-1,-1,1,-1,-1,-1
230,9,345.01385498046875,683.8026123046875,-1,-1,1,-1,-1,-1
231,8,1354.0712890625,573.5150146484375,-1,-1,1,-1,-1,-1
231,9,358.8338623046875,683.8770751953125,-1,-1,1,-1,-1,-1
232,8,1368.201904296875,574.0386962890625,-1,-1,1,-1,-1,-1
232,9,365.927978515625,684.36328125,-1,-1,1,-1,-1,-1
233,8,1382.2418212890625,578.141357421875,-1,-1,1,-1,-1,-1
233,9,373.475830078125,686.1427001953125,-1,-1,1,-1,-1,-1
234,8,1403.4990234375,583.8138427734375,-1,-1,1,-1,-1,-1
234,9,387.2471923828125,690.4961547851562,-1,-1,1,-1,-1,-1
235,8,1418.1259765625,588.385009765625,-1,-1,1,-1,-1,-1
235,9,394.61260986328125,692.4991455078125,-1,-1,1,-1,-1,-1
236,8,1438.7589111328125,592.8055419921875,-1,-1,1,-1,-1,-1
236,9,401.32830810546875,694.1347045898438,-1,-1,1,-1,-1,-1
237,8,1453.063232421875,598.2891845703125,-1,-1,1,-1,-1,-1
237,9,408.5483093261719,697.1585083007812,-1,-1,1,-1,-1,-1
238,8,1460.662109375,602.2852783203125,-1,-1,1,-1,-1,-1
238,9,408.5623474121094,698.20849609375,-1,-1,1,-1,-1,-1
239,8,1474.41455078125,608.33935546875,-1,-1,1,-1,-1,-1
239,9,408.73486328125,704.1373291015625,-1,-1,1,-1,-1,-1
240,8,1482.1256103515625,612.4552001953125,-1,-1,1,-1,-1,-1
240,9,408.4776611328125,705.2635498046875,-1,-1,1,-1,-1,-1
241,8,1495.92724609375,615.8699951171875,-1,-1,1,-1,-1,-1
241,9,408.41131591796875,708.044677734375,-1,-1,1,-1,-1,-1
242,8,1502.971435546875,620.0074462890625,-1,-1,1,-1,-1,-1
242,9,408.52783203125,712.552001953125,-1,-1,1,-1,-1,-1
243,8,1516.96630859375,622.3989868164062,-1,-1,1,-1,-1,-1
243,9,408.6383056640625,715.05126953125,-1,-1,1,-1,-1,-1
244,8,1524.2529296875,626.7982177734375,-1,-1,1,-1,-1,-1
244,9,401.6190490722656,716.60986328125,-1,-1,1,-1,-1,-1
245,8,1531.240966796875,627.318603515625,-1,-1,1,-1,-1,-1
245,9,401.41552734375,719.5730590820312,-1,-1,1,-1,-1,-1
246,8,1538.47314453125,627.31494140625,-1,-1,1,-1,-1,-1
246,9,401.317138671875,720.7559814453125,-1,-1,1,-1,-1,-1
247,8,1552.553955078125,629.470703125,-1,-1,1,-1,-1,-1
247,9,394.4316711425781,722.9688110351562,-1,-1,1,-1,-1,-1
248,8,1559.6904296875,629.182373046875,-1,-1,1,-1,-1,-1
248,9,394.53076171875,725.3776245117188,-1,-1,1,-1,-1,-1
248,10,827.5535888671875,755.22802734375,-1,-1,1,-1,-1,-1
249,8,1573.890869140625,629.07421875,-1,-1,1,-1,-1,-1
249,9,394.25555419921875,726.6304321289062,-1,-1,1,-1,-1,-1
249,10,834.1632690429688,756.481689453125,-1,-1,1,-1,-1,-1
250,8,1580.9063720703125,628.32763671875,-1,-1,1,-1,-1,-1
250,9,394.254638671875,726.9254150390625,-1,-1,1,-1,-1,-1
250,10,841.7384033203125,757.390380859375,-1,-1,1,-1,-1,-1
251,8,1595.3310546875,629.1517333984375,-1,-1,1,-1,-1,-1
251,9,401.07501220703125,729.4254150390625,-1,-1,1,-1,-1,-1
252,8,1602.787841796875,629.4944458007812,-1,-1,1,-1,-1,-1
252,9,401.43035888671875,732.7786865234375,-1,-1,1,-1,-1,-1
252,10,862.650634765625,762.145751953125,-1,-1,1,-1,-1,-1
253,8,1616.644287109375,629.5654296875,-1,-1,1,-1,-1,-1
253,9,401.37762451171875,733.4771118164062,-1,-1,1,-1,-1,-1
254,8,1630.858642578125,629.0433959960938,-1,-1,1,-1,-1,-1
254,9,401.3514404296875,733.3009033203125,-1,-1,1,-1,-1,-1
255,8,1637.8642578125,628.3980712890625,-1,-1,1,-1,-1,-1
255,9,408.55633544921875,733.5823974609375,-1,-1,1,-1,-1,-1
255,10,891.3472900390625,764.2018432617188,-1,-1,1,-1,-1,-1
256,8,1651.85693359375,627.17724609375,-1,-1,1,-1,-1,-1
256,9,408.65216064453125,733.376708984375,-1,-1,1,-1,-1,-1
256,10,899.2220458984375,764.0076904296875,-1,-1,1,-1,-1,-1
257,8,1659.218994140625,627.5540771484375,-1,-1,1,-1,-1,-1
257,9,415.5709533691406,733.567626953125,-1,-1,1,-1,-1,-1
257,10,913.111083984375,762.287841796875,-1,-1,1,-1,-1,-1
258,8,1673.35107421875,627.2744140625,-1,-1,1,-1,-1,-1
258,9,415.6690673828125,733.6231689453125,-1,-1,1,-1,-1,-1
258,10,920.485595703125,763.1396484375,-1,-1,1,-1,-1,-1
259,8,1687.5185546875,627.1822509765625,-1,-1,1,-1,-1,-1
259,9,422.6506042480469,734.119873046875,-1,-1,1,-1,-1,-1
260,8,1695.1744384765625,623.501708984375,-1,-1,1,-1,-1,-1
260,9,422.7605895996094,735.296142578125,-1,-1,1,-1,-1,-1
260,10,948.5743408203125,764.2120361328125,-1,-1,1,-1,-1,-1
261,8,1715.9993896484375,621.39990234375,-1,-1,1,-1,-1,-1
261,9,429.8583984375,735.9332275390625,-1,-1,1,-1,-1,-1
262,8,1730.26611328125,620.2034912109375,-1,-1,1,-1,-1,-1
262,9,444.05035400390625,736.5060424804688,-1,-1,1,-1,-1,-1
263,8,1744.597900390625,615.7908935546875,-1,-1,1,-1,-1,-1
263,9,451.1484069824219,736.5270385742188,-1,-1,1,-1,-1,-1
263,10,991.732421875,762.6739501953125,-1,-1,1,-1,-1,-1
264,8,1765.47509765625,614.31591796875,-1,-1,1,-1,-1,-1
264,9,458.54833984375,736.5396728515625,-1,-1,1,-1,-1,-1
265,8,1779.839599609375,612.67431640625,-1,-1,1,-1,-1,-1
265,9,472.4134521484375,736.21142578125,-1,-1,1,-1,-1,-1
266,8,1794.288818359375,609.2745361328125,-1,-1,1,-1,-1,-1
266,9,486.70904541015625,736.60400390625,-1,-1,1,-1,-1,-1
267,8,1815.218994140625,607.4501342773438,-1,-1,1,-1,-1,-1
267,9,500.96728515625,736.884033203125,-1,-1,1,-1,-1,-1
268,8,1836.3023681640625,606.962158203125,-1,-1,1,-1,-1,-1
268,9,515.1544799804688,736.6941528320312,-1,-1,1,-1,-1,-1
269,8,1850.910888671875,605.6672973632812,-1,-1,1,-1,-1,-1
269,9,529.385498046875,736.455322265625,-1,-1,1,-1,-1,-1
270,8,1872.591796875,605.0433349609375,-1,-1,1,-1,-1,-1
270,9,543.7008666992188,736.9600830078125,-1,-1,1,-1,-1,-1
271,9,557.8406982421875,736.700927734375,-1,-1,1,-1,-1,-1
272,9,572.1785888671875,735.9981689453125,-1,-1,1,-1,-1,-1
273,9,593.572998046875,733.27197265625,-1,-1,1,-1,-1,-1
273,10,1203.514404296875,756.3424072265625,-1,-1,1,-1,-1,-1
274,9,607.9232788085938,733.4829711914062,-1,-1,1,-1,-1,-1
274,10,1225.25439453125,757.1397705078125,-1,-1,1,-1,-1,-1
275,9,629.1111450195312,734.9456787109375,-1,-1,1,-1,-1,-1
275,10,1246.664306640625,757.27880859375,-1,-1,1,-1,-1,-1
276,9,643.2540283203125,735.218017578125,-1,-1,1,-1,-1,-1
276,10,1268.49267578125,757.67138671875,-1,-1,1,-1,-1,-1
277,9,664.6461181640625,736.48974609375,-1,-1,1,-1,-1,-1
277,10,1296.2740478515625,762.643798828125,-1,-1,1,-1,-1,-1
278,9,679.0802001953125,739.889892578125,-1,-1,1,-1,-1,-1
278,10,1317.450439453125,762.4775390625,-1,-1,1,-1,-1,-1
279,9,700.327880859375,740.1581420898438,-1,-1,1,-1,-1,-1
279,10,1339.750732421875,763.80224609375,-1,-1,1,-1,-1,-1
280,9,714.5555419921875,739.5653686523438,-1,-1,1,-1,-1,-1
280,10,1367.39794921875,763.334716796875,-1,-1,1,-1,-1,-1
281,9,735.709716796875,740.1094970703125,-1,-1,1,-1,-1,-1
282,9,757.0474243164062,740.1300048828125,-1,-1,1,-1,-1,-1
282,10,1417.4925537109375,764.1536865234375,-1,-1,1,-1,-1,-1
283,9,778.4013671875,741.5050048828125,-1,-1,1,-1,-1,-1
283,10,1445.383544921875,764.4613037109375,-1,-1,1,-1,-1,-1
284,9,799.72021484375,742.5897827148438,-1,-1,1,-1,-1,-1
284,10,1474.072265625,769.1714477539062,-1,-1,1,-1,-1,-1
285,9,813.7813110351562,743.499267578125,-1,-1,1,-1,-1,-1
285,10,1495.947509765625,770.9080200195312,-1,-1,1,-1,-1,-1
285,11,173.81094360351562,608.4534912109375,-1,-1,1,-1,-1,-1
286,9,835.387939453125,746.6326293945312,-1,-1,1,-1,-1,-1
286,11,188.0372314453125,609.777099609375,-1,-1,1,-1,-1,-1
287,9,849.6280517578125,746.8687744140625,-1,-1,1,-1,-1,-1
287,10,1551.8712158203125,771.7139282226562,-1,-1,1,-1,-1,-1
287,11,202.72042846679688,611.83203125,-1,-1,1,-1,-1,-1
288,9,870.93310546875,748.7120361328125,-1,-1,1,-1,-1,-1
288,10,1579.9443359375,776.6284790039062,-1,-1,1,-1,-1,-1
288,11,216.78952026367188,613.745361328125,-1,-1,1,-1,-1,-1
289,9,891.9776611328125,750.5821533203125,-1,-1,1,-1,-1,-1
289,10,1602.5919189453125,778.6171875,-1,-1,1,-1,-1,-1
289,11,225.34255981445312,615.2977294921875,-1,-1,1,-1,-1,-1
290,9,913.5098266601562,751.3883056640625,-1,-1,1,-1,-1,-1
290,11,239.12631225585938,616.369140625,-1,-1,1,-1,-1,-1
291,9,927.6505126953125,753.8751220703125,-1,-1,1,-1,-1,-1
291,11,252.76629638671875,619.0452880859375,-1,-1,1,-1,-1,-1
292,9,948.9599609375,754.587890625,-1,-1,1,-1,-1,-1
292,11,266.5679931640625,619.3652954101562,-1,-1,1,-1,-1,-1
293,9,963.245361328125,754.8709716796875,-1,-1,1,-1,-1,-1
293,11,274.541259765625,619.3580322265625,-1,-1,1,-1,-1,-1
294,9,984.321533203125,754.4183349609375,-1,-1,1,-1,-1,-1
294,11,287.98345947265625,619.1651611328125,-1,-1,1,-1,-1,-1
295,9,1005.8199462890625,755.1648559570312,-1,-1,1,-1,-1,-1
295,11,295.6751708984375,618.825439453125,-1,-1,1,-1,-1,-1
296,9,1019.8943481445312,755.0498657226562,-1,-1,1,-1,-1,-1
296,11,308.97967529296875,618.8614501953125,-1,-1,1,-1,-1,-1
297,9,1041.1607666015625,754.265869140625,-1,-1,1,-1,-1,-1
297,11,316.61944580078125,618.78271484375,-1,-1,1,-1,-1,-1
298,9,1062.3935546875,754.427001953125,-1,-1,1,-1,-1,-1
298,11,323.74908447265625,619.4833984375,-1,-1,1,-1,-1,-1
299,9,1069.593505859375,753.60595703125,-1,-1,1,-1,-1,-1
299,11,330.8957824707031,618.942138671875,-1,-1,1,-1,-1,-1
300,9,1090.827392578125,750.0440673828125,-1,-1,1,-1,-1,-1
300,11,337.95635986328125,619.078857421875,-1,-1,1,-1,-1,-1
301,9,1105.0185546875,750.6145629882812,-1,-1,1,-1,-1,-1
301,11,345.4209899902344,616.9214477539062,-1,-1,1,-1,-1,-1
302,9,1119.398681640625,748.668701171875,-1,-1,1,-1,-1,-1
302,11,352.708740234375,616.5023193359375,-1,-1,1,-1,-1,-1
303,9,1133.58203125,747.1998291015625,-1,-1,1,-1,-1,-1
303,11,360.08441162109375,616.7466430664062,-1,-1,1,-1,-1,-1
304,9,1154.9503173828125,747.0877685546875,-1,-1,1,-1,-1,-1
304,11,367.20611572265625,616.9386596679688,-1,-1,1,-1,-1,-1
305,9,1169.24951171875,747.0681762695312,-1,-1,1,-1,-1,-1
305,11,380.5775146484375,616.6046752929688,-1,-1,1,-1,-1,-1
306,9,1190.399658203125,747.426513671875,-1,-1,1,-1,-1,-1
306,11,387.7513427734375,616.978759765625,-1,-1,1,-1,-1,-1
307,9,1204.5675048828125,747.3794555664062,-1,-1,1,-1,-1,-1
307,11,394.8421630859375,619.1248168945312,-1,-1,1,-1,-1,-1
308,9,1218.8544921875,747.115234375,-1,-1,1,-1,-1,-1
308,11,408.545654296875,619.0338745117188,-1,-1,1,-1,-1,-1
309,9,1232.9375,747.4602661132812,-1,-1,1,-1,-1,-1
309,11,416.1172790527344,616.21044921875,-1,-1,1,-1,-1,-1
310,9,1254.271484375,747.229736328125,-1,-1,1,-1,-1,-1
310,11,424.0614929199219,615.8548583984375,-1,-1,1,-1,-1,-1
311,9,1275.6160888671875,746.9713745117188,-1,-1,1,-1,-1,-1
311,11,437.37713623046875,615.1859130859375,-1,-1,1,-1,-1,-1
312,9,1289.9027099609375,746.794921875,-1,-1,1,-1,-1,-1
312,11,445.0848083496094,613.89111328125,-1,-1,1,-1,-1,-1
313,9,1303.963134765625,747.5384521484375,-1,-1,1,-1,-1,-1
313,11,458.2371826171875,614.26513671875,-1,-1,1,-1,-1,-1
314,9,1325.167236328125,747.542724609375,-1,-1,1,-1,-1,-1
314,11,466.2523193359375,614.7279052734375,-1,-1,1,-1,-1,-1
315,9,1339.434814453125,748.019287109375,-1,-1,1,-1,-1,-1
315,11,480.075439453125,614.71240234375,-1,-1,1,-1,-1,-1
316,9,1360.610107421875,748.033447265625,-1,-1,1,-1,-1,-1
316,11,488.13671875,615.1444091796875,-1,-1,1,-1,-1,-1
317,9,1381.944091796875,748.3976440429688,-1,-1,1,-1,-1,-1
317,11,501.43780517578125,616.65625,-1,-1,1,-1,-1,-1
318,9,1395.999755859375,750.0159912109375,-1,-1,1,-1,-1,-1
318,11,515.384765625,616.7363891601562,-1,-1,1,-1,-1,-1
319,9,1410.4229736328125,750.3482666015625,-1,-1,1,-1,-1,-1
319,11,523.5236206054688,619.0051879882812,-1,-1,1,-1,-1,-1
320,9,1431.596923828125,754.1590576171875,-1,-1,1,-1,-1,-1
320,11,536.7997436523438,619.5997314453125,-1,-1,1,-1,-1,-1
321,9,1453.1353759765625,754.639404296875,-1,-1,1,-1,-1,-1
321,11,550.9613647460938,620.9404296875,-1,-1,1,-1,-1,-1
322,9,1467.1669921875,755.83544921875,-1,-1,1,-1,-1,-1
322,11,565.1527099609375,622.377685546875,-1,-1,1,-1,-1,-1
322,12,913.0313110351562,287.47308349609375,-1,-1,1,-1,-1,-1
323,9,1481.358642578125,757.0108642578125,-1,-1,1,-1,-1,-1
323,11,578.826904296875,623.4766845703125,-1,-1,1,-1,-1,-1
323,12,934.7396850585938,288.51953125,-1,-1,1,-1,-1,-1
324,9,1502.8824462890625,761.0690307617188,-1,-1,1,-1,-1,-1
324,11,587.1619873046875,627.081298828125,-1,-1,1,-1,-1,-1
324,12,962.3642578125,288.03887939453125,-1,-1,1,-1,-1,-1
325,9,1524.2568359375,761.315673828125,-1,-1,1,-1,-1,-1
325,11,601.046875,626.8355712890625,-1,-1,1,-1,-1,-1
325,12,991.35107421875,287.4663391113281,-1,-1,1,-1,-1,-1
326,9,1538.6175537109375,761.3779907226562,-1,-1,1,-1,-1,-1
326,11,615.0569458007812,626.1587524414062,-1,-1,1,-1,-1,-1
326,12,1013.02587890625,280.5768737792969,-1,-1,1,-1,-1,-1
327,9,1559.68017578125,761.5703125,-1,-1,1,-1,-1,-1
327,11,629.5528564453125,626.9034423828125,-1,-1,1,-1,-1,-1
327,12,1040.84765625,278.8929748535156,-1,-1,1,-1,-1,-1
328,11,643.885986328125,628.6312255859375,-1,-1,1,-1,-1,-1
328,12,1063.301513671875,279.1731872558594,-1,-1,1,-1,-1,-1
329,11,658.2096557617188,628.468505859375,-1,-1,1,-1,-1,-1
329,12,1090.697265625,280.00396728515625,-1,-1,1,-1,-1,-1
330,11,672.4215087890625,628.6034545898438,-1,-1,1,-1,-1,-1
330,12,1118.584716796875,278.86114501953125,-1,-1,1,-1,-1,-1
331,11,686.8019409179688,628.245849609375,-1,-1,1,-1,-1,-1
332,11,700.2561645507812,626.94189453125,-1,-1,1,-1,-1,-1
333,9,1666.271484375,763.614013671875,-1,-1,1,-1,-1,-1
333,11,715.1728515625,623.423828125,-1,-1,1,-1,-1,-1
333,12,1190.704345703125,266.7650451660156,-1,-1,1,-1,-1,-1
334,9,1687.6259765625,762.2373046875,-1,-1,1,-1,-1,-1
334,11,735.1370849609375,622.2029418945312,-1,-1,1,-1,-1,-1
335,9,1708.9151611328125,761.6624755859375,-1,-1,1,-1,-1,-1
335,11,749.4841918945312,619.6015625,-1,-1,1,-1,-1,-1
336,9,1723.2081298828125,757.697509765625,-1,-1,1,-1,-1,-1
336,11,764.28076171875,616.3908081054688,-1,-1,1,-1,-1,-1
337,9,1744.6513671875,757.841064453125,-1,-1,1,-1,-1,-1
337,11,784.7619018554688,615.1956787109375,-1,-1,1,-1,-1,-1
338,9,1765.35791015625,758.2615966796875,-1,-1,1,-1,-1,-1
338,11,799.752685546875,615.9362182617188,-1,-1,1,-1,-1,-1
338,12,1325.3125,214.94439697265625,-1,-1,1,-1,-1,-1
339,9,1787.196533203125,761.4859619140625,-1,-1,1,-1,-1,-1
339,11,814.5486450195312,615.4127197265625,-1,-1,1,-1,-1,-1
340,9,1808.171142578125,761.6976318359375,-1,-1,1,-1,-1,-1
340,11,835.09375,615.502197265625,-1,-1,1,-1,-1,-1
341,9,1829.310791015625,761.7911376953125,-1,-1,1,-1,-1,-1
341,11,855.9743041992188,615.1785888671875,-1,-1,1,-1,-1,-1
342,9,1844.851318359375,762.8360595703125,-1,-1,1,-1,-1,-1
342,11,870.5115966796875,613.8007202148438,-1,-1,1,-1,-1,-1
343,9,1865.764404296875,762.5015869140625,-1,-1,1,-1,-1,-1
343,11,885.203125,613.777099609375,-1,-1,1,-1,-1,-1
344,11,905.6945190429688,613.692626953125,-1,-1,1,-1,-1,-1
348,11,969.8897705078125,612.2147827148438,-1,-1,1,-1,-1,-1
349,11,991.4227905273438,608.6240234375,-1,-1,1,-1,-1,-1
350,11,1005.9395141601562,608.04345703125,-1,-1,1,-1,-1,-1
351,11,1027.00146484375,607.7154541015625,-1,-1,1,-1,-1,-1
352,11,1041.945068359375,605.6722412109375,-1,-1,1,-1,-1,-1
353,11,1063.005615234375,605.767333984375,-1,-1,1,-1,-1,-1
354,11,1084.581787109375,605.6668701171875,-1,-1,1,-1,-1,-1
355,11,1105.7459716796875,606.0029296875,-1,-1,1,-1,-1,-1
356,11,1127.0279541015625,606.6666259765625,-1,-1,1,-1,-1,-1
357,11,1148.47998046875,606.8080444335938,-1,-1,1,-1,-1,-1
358,11,1169.4171142578125,608.1871948242188,-1,-1,1,-1,-1,-1
359,11,1190.380126953125,612.180419921875,-1,-1,1,-1,-1,-1
360,11,1211.583251953125,612.4420166015625,-1,-1,1,-1,-1,-1
