59,1,209.8247833251953,614.6066284179688,-1,-1,1,-1,-1,-1
60,1,223.9611053466797,614.5062866210938,-1,-1,1,-1,-1,-1
63,1,294.95843505859375,607.269775390625,-1,-1,1,-1,-1,-1
64,1,309.1571960449219,607.4368286132812,-1,-1,1,-1,-1,-1
65,1,330.4505310058594,599.94091796875,-1,-1,1,-1,-1,-1
66,1,351.816162109375,600.0119018554688,-1,-1,1,-1,-1,-1
67,1,372.98828125,600.1817626953125,-1,-1,1,-1,-1,-1
68,1,387.31732177734375,600.1575927734375,-1,-1,1,-1,-1,-1
69,1,408.6172180175781,600.451171875,-1,-1,1,-1,-1,-1
70,1,429.84906005859375,592.897705078125,-1,-1,1,-1,-1,-1
71,1,451.2288818359375,592.9432373046875,-1,-1,1,-1,-1,-1
72,1,465.5098876953125,593.0499267578125,-1,-1,1,-1,-1,-1
73,1,486.63836669921875,593.0462036132812,-1,-1,1,-1,-1,-1
74,1,500.9173278808594,593.147216796875,-1,-1,1,-1,-1,-1
75,1,515.2044677734375,593.1807861328125,-1,-1,1,-1,-1,-1
76,1,522.4512329101562,593.1165771484375,-1,-1,1,-1,-1,-1
77,1,529.4349365234375,585.9180908203125,-1,-1,1,-1,-1,-1
78,1,536.5660400390625,593.1827392578125,-1,-1,1,-1,-1,-1
79,1,536.6385498046875,593.1192016601562,-1,-1,1,-1,-1,-1
80,1,529.3609619140625,593.240478515625,-1,-1,1,-1,-1,-1
81,1,522.368408203125,593.171142578125,-1,-1,1,-1,-1,-1
82,1,515.1474609375,593.0579223632812,-1,-1,1,-1,-1,-1
83,1,508.197021484375,593.0215454101562,-1,-1,1,-1,-1,-1
84,1,501.02789306640625,592.9902954101562,-1,-1,1,-1,-1,-1
85,1,494.08013916015625,592.8662109375,-1,-1,1,-1,-1,-1
86,1,486.9521484375,592.9384765625,-1,-1,1,-1,-1,-1
87,1,479.7695617675781,592.9144897460938,-1,-1,1,-1,-1,-1
88,1,472.6414794921875,592.9227294921875,-1,-1,1,-1,-1,-1
89,1,465.45013427734375,600.1526489257812,-1,-1,1,-1,-1,-1
90,1,458.30419921875,600.0211181640625,-1,-1,1,-1,-1,-1
91,1,458.41400146484375,600.018798828125,-1,-1,1,-1,-1,-1
92,1,451.39208984375,600.113037109375,-1,-1,1,-1,-1,-1
93,1,451.3797912597656,607.3290405273438,-1,-1,1,-1,-1,-1
94,1,451.34771728515625,607.311767578125,-1,-1,1,-1,-1,-1
95,1,458.4420166015625,600.0240478515625,-1,-1,1,-1,-1,-1
96,1,458.50537109375,607.242919921875,-1,-1,1,-1,-1,-1
97,1,465.5006103515625,600.0064697265625,-1,-1,1,-1,-1,-1
98,1,472.79058837890625,600.0560302734375,-1,-1,1,-1,-1,-1
99,1,479.8135070800781,592.9082641601562,-1,-1,1,-1,-1,-1
100,1,494.0834655761719,592.915283203125,-1,-1,1,-1,-1,-1
101,1,501.0242919921875,585.8138427734375,-1,-1,1,-1,-1,-1
102,1,508.15509033203125,585.96142578125,-1,-1,1,-1,-1,-1
103,1,515.1680297851562,578.8158569335938,-1,-1,1,-1,-1,-1
104,1,522.4630126953125,571.5365600585938,-1,-1,1,-1,-1,-1
105,1,529.3839111328125,571.8334350585938,-1,-1,1,-1,-1,-1
106,1,543.5357055664062,564.6666259765625,-1,-1,1,-1,-1,-1
107,1,557.791259765625,557.390380859375,-1,-1,1,-1,-1,-1
108,1,579.2391967773438,550.36083984375,-1,-1,1,-1,-1,-1
109,1,607.482666015625,543.079833984375,-1,-1,1,-1,-1,-1
110,1,635.912353515625,543.1484985351562,-1,-1,1,-1,-1,-1
111,1,657.3404541015625,536.0256958007812,-1,-1,1,-1,-1,-1
112,1,685.7584228515625,529.0108032226562,-1,-1,1,-1,-1,-1
113,1,714.208251953125,529.0004272460938,-1,-1,1,-1,-1,-1
114,1,742.573974609375,521.8095092773438,-1,-1,1,-1,-1,-1
115,1,763.8719482421875,521.843505859375,-1,-1,1,-1,-1,-1
116,1,792.414306640625,521.832275390625,-1,-1,1,-1,-1,-1
117,1,820.7405395507812,514.77490234375,-1,-1,1,-1,-1,-1
117,2,273.95257568359375,237.260009765625,-1,-1,1,-1,-1,-1
118,1,849.1705322265625,507.5755615234375,-1,-1,1,-1,-1,-1
118,2,344.5751953125,230.61680603027344,-1,-1,1,-1,-1,-1
119,1,877.4993896484375,507.62640380859375,-1,-1,1,-1,-1,-1
119,2,423.007080078125,223.19056701660156,-1,-1,1,-1,-1,-1
120,1,905.994873046875,507.5589599609375,-1,-1,1,-1,-1,-1
120,2,501.1817626953125,216.19927978515625,-1,-1,1,-1,-1,-1
121,1,934.4935302734375,500.58905029296875,-1,-1,1,-1,-1,-1
121,2,586.52001953125,209.09378051757812,-1,-1,1,-1,-1,-1
122,1,962.864013671875,500.48486328125,-1,-1,1,-1,-1,-1
122,2,664.5887451171875,194.82785034179688,-1,-1,1,-1,-1,-1
123,1,984.31787109375,493.48114013671875,-1,-1,1,-1,-1,-1
123,2,728.3201293945312,173.74945068359375,-1,-1,1,-1,-1,-1
124,1,1005.4658203125,486.3927307128906,-1,-1,1,-1,-1,-1
124,2,799.400634765625,159.4016571044922,-1,-1,1,-1,-1,-1
125,1,1019.5950927734375,479.1706237792969,-1,-1,1,-1,-1,-1
125,2,877.5919799804688,130.91629028320312,-1,-1,1,-1,-1,-1
126,1,1033.9178466796875,471.9925842285156,-1,-1,1,-1,-1,-1
127,1,1048.0849609375,471.97247314453125,-1,-1,1,-1,-1,-1
128,1,1069.3291015625,464.92578125,-1,-1,1,-1,-1,-1
129,1,1083.704345703125,465.0833740234375,-1,-1,1,-1,-1,-1
130,1,1104.9791259765625,457.67889404296875,-1,-1,1,-1,-1,-1
131,1,1126.2774658203125,457.7965087890625,-1,-1,1,-1,-1,-1
132,1,1140.5916748046875,457.846435546875,-1,-1,1,-1,-1,-1
133,1,1161.8955078125,450.7451477050781,-1,-1,1,-1,-1,-1
134,1,1183.15087890625,450.7290344238281,-1,-1,1,-1,-1,-1
135,1,1204.578369140625,443.6181640625,-1,-1,1,-1,-1,-1
136,1,1218.677001953125,443.70367431640625,-1,-1,1,-1,-1,-1
137,1,1239.929931640625,443.69927978515625,-1,-1,1,-1,-1,-1
138,1,1254.2144775390625,443.7439270019531,-1,-1,1,-1,-1,-1
139,1,1275.6143798828125,451.0621643066406,-1,-1,1,-1,-1,-1
140,1,1289.759033203125,450.75592041015625,-1,-1,1,-1,-1,-1
141,1,1310.930908203125,457.96856689453125,-1,-1,1,-1,-1,-1
142,1,1325.227783203125,465.21258544921875,-1,-1,1,-1,-1,-1
143,1,1346.3970947265625,465.0978088378906,-1,-1,1,-1,-1,-1
144,1,1367.87744140625,479.35577392578125,-1,-1,1,-1,-1,-1
145,1,1389.244140625,486.5041809082031,-1,-1,1,-1,-1,-1
146,1,1410.6854248046875,493.5787353515625,-1,-1,1,-1,-1,-1
241,3,493.864013671875,557.2338256835938,-1,-1,1,-1,-1,-1
244,3,522.4475708007812,550.2886962890625,-1,-1,1,-1,-1,-1
251,3,572.2652587890625,535.77783203125,-1,-1,1,-1,-1,-1
253,3,586.4068603515625,528.9356079101562,-1,-1,1,-1,-1,-1
254,3,593.5506591796875,528.7732543945312,-1,-1,1,-1,-1,-1
255,3,593.4053955078125,528.8258666992188,-1,-1,1,-1,-1,-1
258,3,607.6290283203125,535.8534545898438,-1,-1,1,-1,-1,-1
260,3,614.764892578125,550.0969848632812,-1,-1,1,-1,-1,-1
263,3,621.8909301757812,564.54931640625,-1,-1,1,-1,-1,-1
264,3,628.9337158203125,564.56494140625,-1,-1,1,-1,-1,-1
265,3,628.9274291992188,564.6218872070312,-1,-1,1,-1,-1,-1
266,3,636.109130859375,571.7715454101562,-1,-1,1,-1,-1,-1
267,3,635.9952392578125,571.6865234375,-1,-1,1,-1,-1,-1
268,3,643.0997314453125,578.8009643554688,-1,-1,1,-1,-1,-1
269,3,643.1961669921875,578.6278076171875,-1,-1,1,-1,-1,-1
270,3,650.368408203125,586.0308837890625,-1,-1,1,-1,-1,-1
271,3,650.2064208984375,593.0640869140625,-1,-1,1,-1,-1,-1
272,3,650.2799072265625,600.0860595703125,-1,-1,1,-1,-1,-1
273,3,650.2449951171875,600.3314208984375,-1,-1,1,-1,-1,-1
274,3,657.3943481445312,600.0043334960938,-1,-1,1,-1,-1,-1
275,3,657.44189453125,607.3974609375,-1,-1,1,-1,-1,-1
276,3,657.1728515625,607.2755126953125,-1,-1,1,-1,-1,-1
277,3,664.5194091796875,606.8786010742188,-1,-1,1,-1,-1,-1
278,3,664.4525756835938,614.2657470703125,-1,-1,1,-1,-1,-1
279,3,664.501708984375,614.3607177734375,-1,-1,1,-1,-1,-1
280,3,664.5361938476562,614.4207153320312,-1,-1,1,-1,-1,-1
281,3,664.472412109375,614.5078125,-1,-1,1,-1,-1,-1
282,3,671.5186767578125,614.3201904296875,-1,-1,1,-1,-1,-1
283,3,678.7186889648438,614.2160034179688,-1,-1,1,-1,-1,-1
284,3,678.6572265625,614.4608154296875,-1,-1,1,-1,-1,-1
285,3,685.7286376953125,614.3965454101562,-1,-1,1,-1,-1,-1
286,3,692.9010009765625,614.202392578125,-1,-1,1,-1,-1,-1
287,3,699.821044921875,621.32568359375,-1,-1,1,-1,-1,-1
288,3,707.1781616210938,621.333251953125,-1,-1,1,-1,-1,-1
289,3,714.0942993164062,621.4219970703125,-1,-1,1,-1,-1,-1
290,3,721.20654296875,621.3760986328125,-1,-1,1,-1,-1,-1
291,3,728.2562255859375,621.4615478515625,-1,-1,1,-1,-1,-1
292,3,735.315185546875,621.3419189453125,-1,-1,1,-1,-1,-1
293,3,742.4529418945312,621.1736450195312,-1,-1,1,-1,-1,-1
294,3,749.7225341796875,628.4712524414062,-1,-1,1,-1,-1,-1
295,3,763.8129272460938,628.35986328125,-1,-1,1,-1,-1,-1
296,3,770.9925537109375,628.3986206054688,-1,-1,1,-1,-1,-1
297,3,778.042724609375,628.3953857421875,-1,-1,1,-1,-1,-1
298,3,785.0599365234375,628.3270263671875,-1,-1,1,-1,-1,-1
299,3,792.1130981445312,628.3804321289062,-1,-1,1,-1,-1,-1
300,3,799.375732421875,628.444091796875,-1,-1,1,-1,-1,-1
301,3,806.386962890625,628.41650390625,-1,-1,1,-1,-1,-1
302,3,813.640625,628.3773193359375,-1,-1,1,-1,-1,-1
303,3,820.8441162109375,628.437744140625,-1,-1,1,-1,-1,-1
304,3,834.853515625,621.122802734375,-1,-1,1,-1,-1,-1
305,3,841.9827880859375,621.3732299804688,-1,-1,1,-1,-1,-1
306,3,849.093505859375,614.1716918945312,-1,-1,1,-1,-1,-1
307,3,856.03857421875,606.7817993164062,-1,-1,1,-1,-1,-1
308,3,863.4577026367188,607.1616821289062,-1,-1,1,-1,-1,-1
309,3,870.3465576171875,599.8657836914062,-1,-1,1,-1,-1,-1
310,3,877.4830322265625,600.08447265625,-1,-1,1,-1,-1,-1
311,3,891.6632080078125,592.68603515625,-1,-1,1,-1,-1,-1
312,3,898.8223876953125,592.8587646484375,-1,-1,1,-1,-1,-1
313,3,906.09765625,592.9990234375,-1,-1,1,-1,-1,-1
314,3,913.139892578125,593.09521484375,-1,-1,1,-1,-1,-1
315,3,927.3478393554688,593.0377807617188,-1,-1,1,-1,-1,-1
316,3,941.6448364257812,592.968994140625,-1,-1,1,-1,-1,-1
317,3,955.8685913085938,593.0777587890625,-1,-1,1,-1,-1,-1
318,3,969.94482421875,592.8455810546875,-1,-1,1,-1,-1,-1
319,3,983.9880981445312,592.75439453125,-1,-1,1,-1,-1,-1
320,3,998.1728515625,592.6198120117188,-1,-1,1,-1,-1,-1
321,3,1019.5498657226562,592.5565185546875,-1,-1,1,-1,-1,-1
322,3,1033.8929443359375,600.082763671875,-1,-1,1,-1,-1,-1
323,3,1055.114990234375,600.111328125,-1,-1,1,-1,-1,-1
324,3,1069.36865234375,600.1116943359375,-1,-1,1,-1,-1,-1
325,3,1090.748046875,600.05810546875,-1,-1,1,-1,-1,-1
326,3,1104.814453125,600.2389526367188,-1,-1,1,-1,-1,-1
327,3,1126.13623046875,600.101806640625,-1,-1,1,-1,-1,-1
328,3,1147.5379638671875,599.9690551757812,-1,-1,1,-1,-1,-1
329,3,1161.645751953125,599.7464599609375,-1,-1,1,-1,-1,-1
330,3,1183.09814453125,607.1698608398438,-1,-1,1,-1,-1,-1
331,3,1197.246826171875,607.1875,-1,-1,1,-1,-1,-1
332,3,1211.40380859375,607.2904052734375,-1,-1,1,-1,-1,-1
333,3,1232.733642578125,607.276611328125,-1,-1,1,-1,-1,-1
334,3,1247.056640625,607.1010131835938,-1,-1,1,-1,-1,-1
335,3,1268.3876953125,607.0096435546875,-1,-1,1,-1,-1,-1
336,3,1282.5009765625,606.7337646484375,-1,-1,1,-1,-1,-1
337,3,1303.9228515625,614.1083984375,-1,-1,1,-1,-1,-1
338,3,1318.0302734375,614.1795654296875,-1,-1,1,-1,-1,-1
339,3,1332.1708984375,614.022216796875,-1,-1,1,-1,-1,-1
340,3,1353.6029052734375,621.29736328125,-1,-1,1,-1,-1,-1
341,3,1367.7227783203125,621.25146484375,-1,-1,1,-1,-1,-1
342,3,1389.2080078125,621.0792236328125,-1,-1,1,-1,-1,-1
343,3,1403.3822021484375,621.1134643554688,-1,-1,1,-1,-1,-1
344,3,1417.484130859375,621.00927734375,-1,-1,1,-1,-1,-1
345,3,1431.773681640625,620.886474609375,-1,-1,1,-1,-1,-1
346,3,1453.055419921875,620.8626708984375,-1,-1,1,-1,-1,-1
347,3,1467.3690185546875,620.9196166992188,-1,-1,1,-1,-1,-1
348,3,1481.5086669921875,620.8878784179688,-1,-1,1,-1,-1,-1
349,3,1503.040771484375,628.2218017578125,-1,-1,1,-1,-1,-1
350,3,1517.1201171875,628.343505859375,-1,-1,1,-1,-1,-1
351,3,1531.3570556640625,628.257568359375,-1,-1,1,-1,-1,-1
352,3,1552.58544921875,628.243408203125,-1,-1,1,-1,-1,-1
353,3,1566.800537109375,628.3712158203125,-1,-1,1,-1,-1,-1
354,3,1588.23388671875,628.1622314453125,-1,-1,1,-1,-1,-1
355,3,1602.3123779296875,628.1327514648438,-1,-1,1,-1,-1,-1
356,3,1616.477783203125,628.06201171875,-1,-1,1,-1,-1,-1
357,3,1637.950927734375,627.9300537109375,-1,-1,1,-1,-1,-1
358,3,1651.96435546875,628.11474609375,-1,-1,1,-1,-1,-1
359,3,1673.4088134765625,635.5198974609375,-1,-1,1,-1,-1,-1
360,3,1694.740478515625,635.4688720703125,-1,-1,1,-1,-1,-1
361,3,1708.819091796875,635.2655029296875,-1,-1,1,-1,-1,-1
362,3,1730.21923828125,635.2212524414062,-1,-1,1,-1,-1,-1
363,3,1751.4954833984375,635.3502807617188,-1,-1,1,-1,-1,-1
364,3,1772.8455810546875,642.5575561523438,-1,-1,1,-1,-1,-1
365,3,1794.22607421875,642.4638671875,-1,-1,1,-1,-1,-1
366,3,1808.28466796875,649.7667846679688,-1,-1,1,-1,-1,-1
367,3,1829.764404296875,656.906494140625,-1,-1,1,-1,-1,-1
368,3,1851.05126953125,656.8971557617188,-1,-1,1,-1,-1,-1
369,3,1872.590576171875,656.6026611328125,-1,-1,1,-1,-1,-1
451,4,216.991943359375,607.36767578125,-1,-1,1,-1,-1,-1
463,4,394.5479431152344,592.8311157226562,-1,-1,1,-1,-1,-1
464,4,408.6819763183594,592.8599243164062,-1,-1,1,-1,-1,-1
465,4,423.0501403808594,592.9793701171875,-1,-1,1,-1,-1,-1
466,4,430.13128662109375,592.8099365234375,-1,-1,1,-1,-1,-1
467,4,444.3110656738281,592.8745727539062,-1,-1,1,-1,-1,-1
468,4,458.45947265625,592.90625,-1,-1,1,-1,-1,-1
469,4,465.420166015625,592.8585205078125,-1,-1,1,-1,-1,-1
470,4,479.79266357421875,585.8424682617188,-1,-1,1,-1,-1,-1
471,4,494.0826416015625,585.7993774414062,-1,-1,1,-1,-1,-1
472,4,508.5268249511719,585.833984375,-1,-1,1,-1,-1,-1
473,4,515.4046630859375,585.93798828125,-1,-1,1,-1,-1,-1
474,4,529.5769653320312,585.9769897460938,-1,-1,1,-1,-1,-1
475,4,543.6777954101562,585.9681396484375,-1,-1,1,-1,-1,-1
476,4,557.9647216796875,586.0062255859375,-1,-1,1,-1,-1,-1
477,4,579.337158203125,578.64501953125,-1,-1,1,-1,-1,-1
478,4,593.630615234375,578.8380737304688,-1,-1,1,-1,-1,-1
479,4,607.72412109375,578.8551025390625,-1,-1,1,-1,-1,-1
480,4,622.0397338867188,578.7457275390625,-1,-1,1,-1,-1,-1
481,4,636.1419677734375,578.6083984375,-1,-1,1,-1,-1,-1
482,4,657.4842529296875,578.836669921875,-1,-1,1,-1,-1,-1
483,4,671.7684326171875,578.9713134765625,-1,-1,1,-1,-1,-1
484,4,685.8661499023438,578.7955322265625,-1,-1,1,-1,-1,-1
485,4,707.2757568359375,571.5782470703125,-1,-1,1,-1,-1,-1
486,4,721.5009765625,571.5435791015625,-1,-1,1,-1,-1,-1
487,4,742.84814453125,571.6993408203125,-1,-1,1,-1,-1,-1
488,4,764.148681640625,571.6737670898438,-1,-1,1,-1,-1,-1
489,4,778.2146606445312,571.9041137695312,-1,-1,1,-1,-1,-1
490,4,799.6390380859375,564.4384765625,-1,-1,1,-1,-1,-1
491,4,820.89697265625,564.6039428710938,-1,-1,1,-1,-1,-1
492,4,842.2614135742188,564.6271362304688,-1,-1,1,-1,-1,-1
493,4,863.307861328125,564.5321044921875,-1,-1,1,-1,-1,-1
494,4,884.7979736328125,557.6774291992188,-1,-1,1,-1,-1,-1
495,4,906.024169921875,557.6463012695312,-1,-1,1,-1,-1,-1
496,4,927.584716796875,550.3466186523438,-1,-1,1,-1,-1,-1
497,4,948.7901611328125,550.4681396484375,-1,-1,1,-1,-1,-1
498,4,970.1278686523438,550.4921875,-1,-1,1,-1,-1,-1
499,4,991.4085693359375,550.4945068359375,-1,-1,1,-1,-1,-1
500,4,1019.9998779296875,543.37744140625,-1,-1,1,-1,-1,-1
501,4,1041.285400390625,543.5180053710938,-1,-1,1,-1,-1,-1
502,4,1062.573974609375,543.3176879882812,-1,-1,1,-1,-1,-1
503,4,1090.8017578125,543.43212890625,-1,-1,1,-1,-1,-1
504,4,1112.0709228515625,543.4381103515625,-1,-1,1,-1,-1,-1
505,4,1140.7286376953125,536.39697265625,-1,-1,1,-1,-1,-1
506,4,1169.0955810546875,536.2450561523438,-1,-1,1,-1,-1,-1
507,4,1197.454345703125,536.3462524414062,-1,-1,1,-1,-1,-1
508,4,1225.92041015625,536.418212890625,-1,-1,1,-1,-1,-1
509,4,1254.3056640625,536.443359375,-1,-1,1,-1,-1,-1
510,4,1282.7696533203125,536.5818481445312,-1,-1,1,-1,-1,-1
511,4,1311.258544921875,536.4811401367188,-1,-1,1,-1,-1,-1
512,4,1339.649169921875,529.201171875,-1,-1,1,-1,-1,-1
513,4,1375.32568359375,529.1239013671875,-1,-1,1,-1,-1,-1
514,4,1410.80322265625,529.2571411132812,-1,-1,1,-1,-1,-1
515,4,1446.1807861328125,529.314453125,-1,-1,1,-1,-1,-1
516,4,1481.88232421875,521.9434204101562,-1,-1,1,-1,-1,-1
517,4,1517.2432861328125,522.0999755859375,-1,-1,1,-1,-1,-1
518,4,1552.743896484375,522.17236328125,-1,-1,1,-1,-1,-1
519,4,1588.179443359375,522.2578735351562,-1,-1,1,-1,-1,-1
520,4,1630.91259765625,514.587646484375,-1,-1,1,-1,-1,-1
521,4,1666.48046875,514.9510498046875,-1,-1,1,-1,-1,-1
522,4,1709.0975341796875,515.14306640625,-1,-1,1,-1,-1,-1
523,4,1751.71533203125,514.9708251953125,-1,-1,1,-1,-1,-1
524,4,1801.4921875,507.2581787109375,-1,-1,1,-1,-1,-1
525,4,1844.0526123046875,507.56195068359375,-1,-1,1,-1,-1,-1
744,5,195.42759704589844,515.0545654296875,-1,-1,1,-1,-1,-1
745,5,209.62542724609375,515.2091064453125,-1,-1,1,-1,-1,-1
746,5,230.85720825195312,514.9287109375,-1,-1,1,-1,-1,-1
747,5,245.226318359375,514.8380126953125,-1,-1,1,-1,-1,-1
748,5,259.5306396484375,507.99365234375,-1,-1,1,-1,-1,-1
749,5,273.767333984375,508.0115661621094,-1,-1,1,-1,-1,-1
750,5,288.00244140625,507.9869384765625,-1,-1,1,-1,-1,-1
751,5,309.42681884765625,507.8542785644531,-1,-1,1,-1,-1,-1
752,5,323.5959167480469,515.0531616210938,-1,-1,1,-1,-1,-1
753,5,337.7989807128906,514.9808959960938,-1,-1,1,-1,-1,-1
754,5,352.1002197265625,522.1138305664062,-1,-1,1,-1,-1,-1
755,5,366.27935791015625,522.140869140625,-1,-1,1,-1,-1,-1
756,5,380.50885009765625,522.001708984375,-1,-1,1,-1,-1,-1
757,5,401.62945556640625,528.8961181640625,-1,-1,1,-1,-1,-1
758,5,416.04241943359375,529.1235961914062,-1,-1,1,-1,-1,-1
759,5,430.26226806640625,529.27490234375,-1,-1,1,-1,-1,-1
760,5,444.5054931640625,529.1956787109375,-1,-1,1,-1,-1,-1
760,6,181.60272216796875,677.7949829101562,-1,-1,1,-1,-1,-1
761,5,458.5985412597656,529.2218627929688,-1,-1,1,-1,-1,-1
761,6,188.75209045410156,685.0679931640625,-1,-1,1,-1,-1,-1
762,5,480.19891357421875,529.2225952148438,-1,-1,1,-1,-1,-1
762,6,202.81301879882812,684.93701171875,-1,-1,1,-1,-1,-1
763,5,494.1727294921875,536.239501953125,-1,-1,1,-1,-1,-1
764,5,508.43756103515625,536.3394775390625,-1,-1,1,-1,-1,-1
764,6,238.41973876953125,684.908203125,-1,-1,1,-1,-1,-1
764,7,230.8399658203125,798.965576171875,-1,-1,1,-1,-1,-1
765,5,529.7559204101562,536.2119750976562,-1,-1,1,-1,-1,-1
766,5,543.962158203125,536.3348999023438,-1,-1,1,-1,-1,-1
766,6,266.7530212402344,692.273193359375,-1,-1,1,-1,-1,-1
767,5,565.2173461914062,543.1305541992188,-1,-1,1,-1,-1,-1
767,6,280.9782409667969,692.0053100585938,-1,-1,1,-1,-1,-1
768,5,579.493408203125,543.142578125,-1,-1,1,-1,-1,-1
768,6,302.22210693359375,692.1201171875,-1,-1,1,-1,-1,-1
768,7,302.04833984375,805.9267578125,-1,-1,1,-1,-1,-1
769,5,601.0437622070312,543.2702026367188,-1,-1,1,-1,-1,-1
769,6,316.5846862792969,691.9808349609375,-1,-1,1,-1,-1,-1
769,7,316.29913330078125,806.2293701171875,-1,-1,1,-1,-1,-1
770,5,615.2213745117188,543.4775390625,-1,-1,1,-1,-1,-1
770,6,330.6877136230469,699.2893676757812,-1,-1,1,-1,-1,-1
770,7,330.64410400390625,806.2439575195312,-1,-1,1,-1,-1,-1
771,5,636.56396484375,543.3381958007812,-1,-1,1,-1,-1,-1
771,6,351.8323974609375,699.4644775390625,-1,-1,1,-1,-1,-1
771,7,352.055419921875,813.0289306640625,-1,-1,1,-1,-1,-1
772,5,650.7588500976562,543.3282470703125,-1,-1,1,-1,-1,-1
772,6,366.0950012207031,699.4656372070312,-1,-1,1,-1,-1,-1
772,7,373.4674377441406,813.0222778320312,-1,-1,1,-1,-1,-1
773,5,672.1209716796875,543.357421875,-1,-1,1,-1,-1,-1
773,6,387.35723876953125,699.56103515625,-1,-1,1,-1,-1,-1
773,7,394.8033447265625,812.78564453125,-1,-1,1,-1,-1,-1
774,5,686.2474365234375,543.2339477539062,-1,-1,1,-1,-1,-1
774,6,401.6551818847656,699.496337890625,-1,-1,1,-1,-1,-1
774,7,409.00885009765625,813.0712280273438,-1,-1,1,-1,-1,-1
775,5,700.4404296875,543.1915283203125,-1,-1,1,-1,-1,-1
775,6,415.96417236328125,699.4365844726562,-1,-1,1,-1,-1,-1
775,7,423.27410888671875,813.0262451171875,-1,-1,1,-1,-1,-1
776,5,721.6978759765625,543.336181640625,-1,-1,1,-1,-1,-1
776,6,430.11407470703125,699.5936279296875,-1,-1,1,-1,-1,-1
776,7,444.6195068359375,812.8887939453125,-1,-1,1,-1,-1,-1
777,5,735.83740234375,543.4324951171875,-1,-1,1,-1,-1,-1
777,6,444.3958435058594,699.4261474609375,-1,-1,1,-1,-1,-1
777,7,458.7964172363281,812.7791748046875,-1,-1,1,-1,-1,-1
778,5,750.0458374023438,543.1943359375,-1,-1,1,-1,-1,-1
778,6,458.4214782714844,699.6065673828125,-1,-1,1,-1,-1,-1
778,7,479.99114990234375,812.93310546875,-1,-1,1,-1,-1,-1
779,5,764.2939453125,536.178466796875,-1,-1,1,-1,-1,-1
779,6,472.66510009765625,699.568359375,-1,-1,1,-1,-1,-1
780,5,778.5338134765625,536.349365234375,-1,-1,1,-1,-1,-1
780,6,486.75677490234375,699.6691284179688,-1,-1,1,-1,-1,-1
780,7,501.3690185546875,805.693359375,-1,-1,1,-1,-1,-1
781,5,792.7223510742188,536.3480224609375,-1,-1,1,-1,-1,-1
781,6,501.2405090332031,692.2947998046875,-1,-1,1,-1,-1,-1
781,7,515.650634765625,805.796875,-1,-1,1,-1,-1,-1
782,5,806.9674072265625,529.0240478515625,-1,-1,1,-1,-1,-1
782,6,515.3182373046875,692.6373291015625,-1,-1,1,-1,-1,-1
782,7,536.933349609375,805.7891845703125,-1,-1,1,-1,-1,-1
783,5,828.232666015625,529.3589477539062,-1,-1,1,-1,-1,-1
783,6,529.3882446289062,692.412109375,-1,-1,1,-1,-1,-1
783,7,558.087890625,805.90185546875,-1,-1,1,-1,-1,-1
784,5,842.525146484375,529.16357421875,-1,-1,1,-1,-1,-1
784,6,543.8051147460938,685.083984375,-1,-1,1,-1,-1,-1
784,7,572.328125,798.7567138671875,-1,-1,1,-1,-1,-1
785,5,856.8040161132812,522.1669921875,-1,-1,1,-1,-1,-1
785,6,557.8956298828125,685.1641845703125,-1,-1,1,-1,-1,-1
785,7,586.581298828125,798.7169189453125,-1,-1,1,-1,-1,-1
786,5,878.0816650390625,514.9859619140625,-1,-1,1,-1,-1,-1
786,6,571.9462890625,685.1573486328125,-1,-1,1,-1,-1,-1
786,7,600.8659057617188,798.8341064453125,-1,-1,1,-1,-1,-1
787,5,892.2449951171875,515.1219482421875,-1,-1,1,-1,-1,-1
787,6,593.5135498046875,678.0633544921875,-1,-1,1,-1,-1,-1
787,7,614.9027709960938,791.6563110351562,-1,-1,1,-1,-1,-1
788,5,906.3856201171875,507.8096923828125,-1,-1,1,-1,-1,-1
788,6,607.7661743164062,670.8703002929688,-1,-1,1,-1,-1,-1
788,7,636.4196166992188,791.6529541015625,-1,-1,1,-1,-1,-1
789,5,920.6435546875,507.7376403808594,-1,-1,1,-1,-1,-1
789,6,621.804443359375,671.0967407226562,-1,-1,1,-1,-1,-1
789,7,650.6597900390625,784.44384765625,-1,-1,1,-1,-1,-1
790,5,949.0460205078125,500.71240234375,-1,-1,1,-1,-1,-1
790,6,643.022705078125,671.17333984375,-1,-1,1,-1,-1,-1
790,7,679.0912475585938,784.4544677734375,-1,-1,1,-1,-1,-1
791,5,963.119873046875,500.666015625,-1,-1,1,-1,-1,-1
791,6,657.19287109375,671.0504150390625,-1,-1,1,-1,-1,-1
791,7,693.2646484375,784.587646484375,-1,-1,1,-1,-1,-1
792,5,984.8071899414062,500.775146484375,-1,-1,1,-1,-1,-1
792,6,671.587646484375,663.8530883789062,-1,-1,1,-1,-1,-1
792,7,707.39111328125,777.4773559570312,-1,-1,1,-1,-1,-1
793,5,998.8253784179688,500.87750244140625,-1,-1,1,-1,-1,-1
793,6,692.7238159179688,664.0902099609375,-1,-1,1,-1,-1,-1
793,7,728.7515869140625,777.4003295898438,-1,-1,1,-1,-1,-1
794,5,1012.9848022460938,500.66021728515625,-1,-1,1,-1,-1,-1
794,6,707.1617431640625,663.9752197265625,-1,-1,1,-1,-1,-1
794,7,742.9112548828125,777.5271606445312,-1,-1,1,-1,-1,-1
795,5,1034.3428955078125,493.74298095703125,-1,-1,1,-1,-1,-1
795,6,721.1668090820312,663.9954833984375,-1,-1,1,-1,-1,-1
795,7,764.1790771484375,777.4508666992188,-1,-1,1,-1,-1,-1
796,5,1048.5341796875,493.53216552734375,-1,-1,1,-1,-1,-1
796,6,735.3408813476562,663.8685302734375,-1,-1,1,-1,-1,-1
796,7,778.482666015625,777.5426025390625,-1,-1,1,-1,-1,-1
797,5,1069.92529296875,493.6103515625,-1,-1,1,-1,-1,-1
797,6,756.7354736328125,656.8184814453125,-1,-1,1,-1,-1,-1
797,7,799.47998046875,770.33642578125,-1,-1,1,-1,-1,-1
798,5,1083.8936767578125,493.403564453125,-1,-1,1,-1,-1,-1
798,6,770.936767578125,656.861083984375,-1,-1,1,-1,-1,-1
798,7,813.6890869140625,770.4644165039062,-1,-1,1,-1,-1,-1
799,5,1105.48095703125,486.37872314453125,-1,-1,1,-1,-1,-1
799,6,792.3551025390625,656.7969970703125,-1,-1,1,-1,-1,-1
799,7,835.18408203125,770.5548095703125,-1,-1,1,-1,-1,-1
800,5,1126.5439453125,486.39910888671875,-1,-1,1,-1,-1,-1
800,6,806.655029296875,649.6488037109375,-1,-1,1,-1,-1,-1
800,7,856.3341064453125,763.22607421875,-1,-1,1,-1,-1,-1
801,5,1140.91455078125,479.25909423828125,-1,-1,1,-1,-1,-1
801,6,827.78125,649.8900756835938,-1,-1,1,-1,-1,-1
801,7,870.6083984375,763.179443359375,-1,-1,1,-1,-1,-1
802,5,1162.3411865234375,479.46771240234375,-1,-1,1,-1,-1,-1
802,6,842.275634765625,642.4759521484375,-1,-1,1,-1,-1,-1
802,7,884.8970947265625,763.40869140625,-1,-1,1,-1,-1,-1
803,5,1183.85595703125,472.2916259765625,-1,-1,1,-1,-1,-1
803,6,863.3709716796875,642.6888427734375,-1,-1,1,-1,-1,-1
803,7,913.3602294921875,756.1852416992188,-1,-1,1,-1,-1,-1
804,5,1204.767822265625,472.03790283203125,-1,-1,1,-1,-1,-1
804,6,877.6956787109375,642.6322021484375,-1,-1,1,-1,-1,-1
804,7,927.5325927734375,756.29931640625,-1,-1,1,-1,-1,-1
805,5,1219.1705322265625,464.96490478515625,-1,-1,1,-1,-1,-1
805,6,898.99169921875,635.5435180664062,-1,-1,1,-1,-1,-1
805,7,948.8875122070312,756.2178344726562,-1,-1,1,-1,-1,-1
806,5,1240.267333984375,465.0534362792969,-1,-1,1,-1,-1,-1
806,6,920.24951171875,635.5738525390625,-1,-1,1,-1,-1,-1
806,7,970.1865234375,749.138427734375,-1,-1,1,-1,-1,-1
807,5,1261.68603515625,458.06964111328125,-1,-1,1,-1,-1,-1
807,6,941.630615234375,635.61767578125,-1,-1,1,-1,-1,-1
807,7,991.4873657226562,749.1043701171875,-1,-1,1,-1,-1,-1
808,5,1282.86962890625,458.05364990234375,-1,-1,1,-1,-1,-1
808,6,955.905517578125,628.2340087890625,-1,-1,1,-1,-1,-1
808,7,1012.802978515625,749.14794921875,-1,-1,1,-1,-1,-1
809,5,1311.193359375,457.80914306640625,-1,-1,1,-1,-1,-1
809,6,984.072265625,628.5562133789062,-1,-1,1,-1,-1,-1
809,7,1041.0438232421875,741.9102783203125,-1,-1,1,-1,-1,-1
810,5,1332.8353271484375,450.94354248046875,-1,-1,1,-1,-1,-1
810,6,1005.7359619140625,621.2906494140625,-1,-1,1,-1,-1,-1
810,7,1062.6331787109375,742.0411376953125,-1,-1,1,-1,-1,-1
811,5,1354.2381591796875,450.81951904296875,-1,-1,1,-1,-1,-1
811,6,1027.070556640625,621.30322265625,-1,-1,1,-1,-1,-1
811,7,1083.954345703125,742.14111328125,-1,-1,1,-1,-1,-1
812,5,1382.799072265625,443.74981689453125,-1,-1,1,-1,-1,-1
812,6,1048.2479248046875,621.4820556640625,-1,-1,1,-1,-1,-1
812,7,1105.077392578125,735.1761474609375,-1,-1,1,-1,-1,-1
813,5,1403.81884765625,443.69244384765625,-1,-1,1,-1,-1,-1
813,6,1062.6580810546875,614.18896484375,-1,-1,1,-1,-1,-1
813,7,1133.6875,734.9776611328125,-1,-1,1,-1,-1,-1
814,6,1083.8143310546875,614.255126953125,-1,-1,1,-1,-1,-1
814,7,1155.1055908203125,734.8909912109375,-1,-1,1,-1,-1,-1
815,5,1453.7882080078125,436.7724304199219,-1,-1,1,-1,-1,-1
815,6,1112.205810546875,614.255859375,-1,-1,1,-1,-1,-1
815,7,1176.201171875,735.0162353515625,-1,-1,1,-1,-1,-1
816,6,1133.485107421875,614.2454833984375,-1,-1,1,-1,-1,-1
816,7,1197.7777099609375,734.7698974609375,-1,-1,1,-1,-1,-1
817,5,1503.367919921875,436.5830078125,-1,-1,1,-1,-1,-1
817,6,1154.886474609375,614.0484619140625,-1,-1,1,-1,-1,-1
817,7,1225.8818359375,734.8770751953125,-1,-1,1,-1,-1,-1
818,6,1183.4840087890625,613.8892211914062,-1,-1,1,-1,-1,-1
818,7,1247.416259765625,734.6998901367188,-1,-1,1,-1,-1,-1
819,5,1552.95751953125,436.33404541015625,-1,-1,1,-1,-1,-1
819,6,1204.7027587890625,614.1939086914062,-1,-1,1,-1,-1,-1
819,7,1275.5687255859375,728.080078125,-1,-1,1,-1,-1,-1
820,6,1225.981201171875,614.12109375,-1,-1,1,-1,-1,-1
820,7,1296.9669189453125,728.0079345703125,-1,-1,1,-1,-1,-1
821,6,1247.454833984375,613.970947265625,-1,-1,1,-1,-1,-1
821,7,1325.650390625,727.739501953125,-1,-1,1,-1,-1,-1
822,6,1275.573974609375,614.2755126953125,-1,-1,1,-1,-1,-1
822,7,1353.8623046875,727.89453125,-1,-1,1,-1,-1,-1
823,6,1296.9654541015625,614.0872802734375,-1,-1,1,-1,-1,-1
823,7,1375.153076171875,728.0916137695312,-1,-1,1,-1,-1,-1
824,6,1325.22021484375,614.2119750976562,-1,-1,1,-1,-1,-1
824,7,1410.78466796875,735.1784057617188,-1,-1,1,-1,-1,-1
825,6,1346.718994140625,614.0541381835938,-1,-1,1,-1,-1,-1
825,7,1432.160400390625,734.8912963867188,-1,-1,1,-1,-1,-1
826,6,1375.040283203125,621.3955078125,-1,-1,1,-1,-1,-1
826,7,1460.437255859375,735.0091552734375,-1,-1,1,-1,-1,-1
827,6,1403.5833740234375,621.29052734375,-1,-1,1,-1,-1,-1
827,7,1489.08642578125,741.9320068359375,-1,-1,1,-1,-1,-1
828,6,1424.87646484375,621.2034912109375,-1,-1,1,-1,-1,-1
828,7,1517.494384765625,742.053955078125,-1,-1,1,-1,-1,-1
829,6,1453.46728515625,621.0462036132812,-1,-1,1,-1,-1,-1
830,6,1481.84423828125,620.958740234375,-1,-1,1,-1,-1,-1
831,6,1503.2015380859375,628.15673828125,-1,-1,1,-1,-1,-1
832,6,1531.5859375,628.18798828125,-1,-1,1,-1,-1,-1
833,6,1559.998291015625,628.0607299804688,-1,-1,1,-1,-1,-1
834,6,1581.3468017578125,627.93310546875,-1,-1,1,-1,-1,-1
835,6,1609.6947021484375,627.9179077148438,-1,-1,1,-1,-1,-1
836,6,1638.0240478515625,627.9515380859375,-1,-1,1,-1,-1,-1
837,6,1666.465576171875,627.890625,-1,-1,1,-1,-1,-1
838,6,1694.854736328125,627.9053955078125,-1,-1,1,-1,-1,-1
839,6,1723.332275390625,627.971435546875,-1,-1,1,-1,-1,-1
914,8,828.276123046875,578.781005859375,-1,-1,1,-1,-1,-1
915,8,834.9818115234375,578.6310424804688,-1,-1,1,-1,-1,-1
916,8,849.329345703125,571.7194213867188,-1,-1,1,-1,-1,-1
917,8,863.4384765625,571.627685546875,-1,-1,1,-1,-1,-1
918,8,877.7947998046875,571.6521606445312,-1,-1,1,-1,-1,-1
919,8,892.1682739257812,564.627197265625,-1,-1,1,-1,-1,-1
920,8,906.3696899414062,564.5911254882812,-1,-1,1,-1,-1,-1
921,8,920.5108642578125,564.5172119140625,-1,-1,1,-1,-1,-1
922,8,934.8280029296875,564.6646118164062,-1,-1,1,-1,-1,-1
923,8,949.082763671875,557.6976318359375,-1,-1,1,-1,-1,-1
924,8,963.229248046875,557.6077270507812,-1,-1,1,-1,-1,-1
925,8,977.3638305664062,557.657958984375,-1,-1,1,-1,-1,-1
926,8,991.7779541015625,557.55224609375,-1,-1,1,-1,-1,-1
927,8,1006.010498046875,550.447509765625,-1,-1,1,-1,-1,-1
928,8,1020.3916015625,550.383056640625,-1,-1,1,-1,-1,-1
929,8,1027.37451171875,550.46240234375,-1,-1,1,-1,-1,-1
930,8,1041.7305908203125,550.41064453125,-1,-1,1,-1,-1,-1
931,8,1055.719482421875,557.7252197265625,-1,-1,1,-1,-1,-1
932,8,1077.1500244140625,557.7059326171875,-1,-1,1,-1,-1,-1
932,9,202.94357299804688,670.865234375,-1,-1,1,-1,-1,-1
933,8,1091.2802734375,557.7741088867188,-1,-1,1,-1,-1,-1
934,8,1098.5145263671875,557.7264404296875,-1,-1,1,-1,-1,-1
935,8,1119.5338134765625,564.86572265625,-1,-1,1,-1,-1,-1
936,8,1133.9024658203125,564.8935546875,-1,-1,1,-1,-1,-1
937,8,1148.042236328125,564.97509765625,-1,-1,1,-1,-1,-1
938,8,1162.2244873046875,564.9254760742188,-1,-1,1,-1,-1,-1
939,8,1176.591552734375,564.76708984375,-1,-1,1,-1,-1,-1
940,8,1190.7906494140625,564.909912109375,-1,-1,1,-1,-1,-1
941,8,1205.03955078125,572.1431884765625,-1,-1,1,-1,-1,-1
942,8,1226.17529296875,572.0586547851562,-1,-1,1,-1,-1,-1
942,9,288.29132080078125,685.272705078125,-1,-1,1,-1,-1,-1
943,8,1240.51318359375,571.6962890625,-1,-1,1,-1,-1,-1
943,9,295.2559814453125,685.431640625,-1,-1,1,-1,-1,-1
944,8,1254.6995849609375,571.8102416992188,-1,-1,1,-1,-1,-1
944,9,302.37677001953125,685.2767944335938,-1,-1,1,-1,-1,-1
945,8,1268.670166015625,579.1969604492188,-1,-1,1,-1,-1,-1
946,8,1282.9166259765625,579.0581665039062,-1,-1,1,-1,-1,-1
946,9,316.4090881347656,685.2039794921875,-1,-1,1,-1,-1,-1
947,8,1297.070068359375,579.097412109375,-1,-1,1,-1,-1,-1
947,9,330.80841064453125,685.098876953125,-1,-1,1,-1,-1,-1
948,8,1318.618896484375,571.8060913085938,-1,-1,1,-1,-1,-1
948,9,337.828125,685.2137451171875,-1,-1,1,-1,-1,-1
949,8,1332.47509765625,571.67529296875,-1,-1,1,-1,-1,-1
949,9,344.9795837402344,685.117919921875,-1,-1,1,-1,-1,-1
950,8,1354.04931640625,571.5521240234375,-1,-1,1,-1,-1,-1
950,9,358.9848327636719,685.2685546875,-1,-1,1,-1,-1,-1
951,8,1368.220458984375,571.6024780273438,-1,-1,1,-1,-1,-1
951,9,366.08074951171875,685.2236328125,-1,-1,1,-1,-1,-1
952,8,1389.3134765625,578.9105224609375,-1,-1,1,-1,-1,-1
952,9,373.0418701171875,685.1187744140625,-1,-1,1,-1,-1,-1
953,8,1403.51953125,586.2410888671875,-1,-1,1,-1,-1,-1
953,9,387.3480529785156,692.5911865234375,-1,-1,1,-1,-1,-1
954,8,1418.00244140625,585.94482421875,-1,-1,1,-1,-1,-1
954,9,394.3565673828125,692.365966796875,-1,-1,1,-1,-1,-1
955,8,1438.96484375,593.1395263671875,-1,-1,1,-1,-1,-1
955,9,401.35931396484375,692.362548828125,-1,-1,1,-1,-1,-1
956,8,1453.131103515625,600.44580078125,-1,-1,1,-1,-1,-1
956,9,408.65203857421875,699.7666015625,-1,-1,1,-1,-1,-1
957,8,1460.3748779296875,600.16943359375,-1,-1,1,-1,-1,-1
957,9,408.5947265625,699.4241943359375,-1,-1,1,-1,-1,-1
958,8,1474.483642578125,607.3034057617188,-1,-1,1,-1,-1,-1
958,9,408.62811279296875,699.4615478515625,-1,-1,1,-1,-1,-1
959,8,1481.617919921875,614.406005859375,-1,-1,1,-1,-1,-1
959,9,408.63275146484375,706.7174682617188,-1,-1,1,-1,-1,-1
960,8,1495.98486328125,614.2659301757812,-1,-1,1,-1,-1,-1
960,9,408.61163330078125,706.669189453125,-1,-1,1,-1,-1,-1
961,8,1502.983642578125,621.7373046875,-1,-1,1,-1,-1,-1
961,9,408.696533203125,713.9375,-1,-1,1,-1,-1,-1
962,8,1517.20068359375,621.55029296875,-1,-1,1,-1,-1,-1
962,9,408.7028503417969,713.6717529296875,-1,-1,1,-1,-1,-1
963,8,1524.35546875,628.8685302734375,-1,-1,1,-1,-1,-1
963,9,401.485595703125,713.8699951171875,-1,-1,1,-1,-1,-1
964,8,1531.38916015625,628.7841796875,-1,-1,1,-1,-1,-1
964,9,401.54449462890625,720.9200439453125,-1,-1,1,-1,-1,-1
965,8,1538.400146484375,628.7567749023438,-1,-1,1,-1,-1,-1
965,9,401.419921875,720.8622436523438,-1,-1,1,-1,-1,-1
966,8,1552.6416015625,628.5414428710938,-1,-1,1,-1,-1,-1
966,9,394.39739990234375,720.8828125,-1,-1,1,-1,-1,-1
967,8,1559.8115234375,628.5263671875,-1,-1,1,-1,-1,-1
967,9,394.5230712890625,728.03173828125,-1,-1,1,-1,-1,-1
968,8,1574.125,628.5194091796875,-1,-1,1,-1,-1,-1
968,9,394.4196472167969,728.0753784179688,-1,-1,1,-1,-1,-1
969,8,1580.99951171875,628.652587890625,-1,-1,1,-1,-1,-1
969,9,394.2922058105469,728.0738525390625,-1,-1,1,-1,-1,-1
970,8,1595.3875732421875,628.5479125976562,-1,-1,1,-1,-1,-1
970,9,401.3999938964844,727.7696533203125,-1,-1,1,-1,-1,-1
971,8,1602.4625244140625,628.6326904296875,-1,-1,1,-1,-1,-1
971,9,401.498779296875,735.260986328125,-1,-1,1,-1,-1,-1
972,8,1616.701416015625,628.5023803710938,-1,-1,1,-1,-1,-1
972,9,401.5760192871094,735.0489501953125,-1,-1,1,-1,-1,-1
973,8,1630.9371337890625,628.5773315429688,-1,-1,1,-1,-1,-1
973,9,401.3982238769531,735.25439453125,-1,-1,1,-1,-1,-1
974,8,1637.837646484375,628.708984375,-1,-1,1,-1,-1,-1
974,9,408.7115783691406,735.1593017578125,-1,-1,1,-1,-1,-1
975,8,1652.016357421875,628.8270263671875,-1,-1,1,-1,-1,-1
975,9,408.69500732421875,735.1854248046875,-1,-1,1,-1,-1,-1
976,8,1666.2490234375,628.9093017578125,-1,-1,1,-1,-1,-1
976,9,415.77001953125,735.2046508789062,-1,-1,1,-1,-1,-1
977,8,1673.390869140625,628.900634765625,-1,-1,1,-1,-1,-1
977,9,415.69061279296875,735.1595458984375,-1,-1,1,-1,-1,-1
978,8,1687.619140625,628.8610229492188,-1,-1,1,-1,-1,-1
978,9,422.78887939453125,735.1292724609375,-1,-1,1,-1,-1,-1
979,8,1694.767333984375,621.3938598632812,-1,-1,1,-1,-1,-1
979,9,422.7014465332031,735.0849609375,-1,-1,1,-1,-1,-1
980,8,1716.2109375,621.6737060546875,-1,-1,1,-1,-1,-1
980,9,429.8672180175781,735.20263671875,-1,-1,1,-1,-1,-1
981,8,1730.34765625,621.7562255859375,-1,-1,1,-1,-1,-1
981,9,444.0998840332031,734.9793701171875,-1,-1,1,-1,-1,-1
982,8,1744.63916015625,614.3411865234375,-1,-1,1,-1,-1,-1
982,9,451.1966247558594,735.072998046875,-1,-1,1,-1,-1,-1
983,8,1765.928955078125,614.5596923828125,-1,-1,1,-1,-1,-1
983,9,458.328857421875,735.169677734375,-1,-1,1,-1,-1,-1
984,8,1779.931396484375,614.4320068359375,-1,-1,1,-1,-1,-1
984,9,472.54400634765625,735.0250244140625,-1,-1,1,-1,-1,-1
985,8,1794.1484375,607.2723999023438,-1,-1,1,-1,-1,-1
985,9,487.0021057128906,735.00634765625,-1,-1,1,-1,-1,-1
986,8,1815.2939453125,607.1242065429688,-1,-1,1,-1,-1,-1
986,9,501.27197265625,742.16845703125,-1,-1,1,-1,-1,-1
987,8,1836.71044921875,607.1441650390625,-1,-1,1,-1,-1,-1
987,9,515.4063720703125,734.903076171875,-1,-1,1,-1,-1,-1
988,8,1850.921142578125,606.9735717773438,-1,-1,1,-1,-1,-1
988,9,529.5313720703125,734.9659423828125,-1,-1,1,-1,-1,-1
989,8,1872.578125,607.0868530273438,-1,-1,1,-1,-1,-1
989,9,543.8175048828125,734.9664306640625,-1,-1,1,-1,-1,-1
990,9,557.9495849609375,734.9877319335938,-1,-1,1,-1,-1,-1
991,9,572.2626953125,735.0834350585938,-1,-1,1,-1,-1,-1
992,9,593.730224609375,734.9244384765625,-1,-1,1,-1,-1,-1
993,9,607.8966064453125,734.9089965820312,-1,-1,1,-1,-1,-1
994,9,629.2991943359375,734.887451171875,-1,-1,1,-1,-1,-1
995,9,643.4335327148438,734.9541015625,-1,-1,1,-1,-1,-1
996,9,657.664794921875,735.0364379882812,-1,-1,1,-1,-1,-1
997,9,679.06201171875,742.2313232421875,-1,-1,1,-1,-1,-1
998,9,700.5050048828125,742.0711669921875,-1,-1,1,-1,-1,-1
999,9,714.5401611328125,742.0078125,-1,-1,1,-1,-1,-1
1000,9,735.878662109375,742.175048828125,-1,-1,1,-1,-1,-1
1001,9,757.20703125,742.1500244140625,-1,-1,1,-1,-1,-1
1002,9,778.506591796875,742.1004638671875,-1,-1,1,-1,-1,-1
1003,9,792.7222900390625,742.2003173828125,-1,-1,1,-1,-1,-1
1004,9,813.9666137695312,742.0974731445312,-1,-1,1,-1,-1,-1
1004,10,174.52931213378906,607.091796875,-1,-1,1,-1,-1,-1
1005,9,835.4749755859375,749.22216796875,-1,-1,1,-1,-1,-1
1005,10,188.7359161376953,614.2479248046875,-1,-1,1,-1,-1,-1
1006,9,849.677001953125,749.1471557617188,-1,-1,1,-1,-1,-1
1006,10,202.93658447265625,614.3492431640625,-1,-1,1,-1,-1,-1
1007,9,871.0860595703125,749.1432495117188,-1,-1,1,-1,-1,-1
1007,10,217.26119995117188,614.390869140625,-1,-1,1,-1,-1,-1
1008,9,892.2081298828125,749.2283935546875,-1,-1,1,-1,-1,-1
1008,10,224.4161834716797,614.3062744140625,-1,-1,1,-1,-1,-1
1009,9,913.6605224609375,756.1090087890625,-1,-1,1,-1,-1,-1
1009,10,238.79052734375,614.4856567382812,-1,-1,1,-1,-1,-1
1010,9,934.8154907226562,756.15087890625,-1,-1,1,-1,-1,-1
1010,10,252.85723876953125,621.5062255859375,-1,-1,1,-1,-1,-1
1011,9,949.0313720703125,756.4120483398438,-1,-1,1,-1,-1,-1
1011,10,266.92218017578125,621.5101318359375,-1,-1,1,-1,-1,-1
1012,9,970.3372192382812,756.2648315429688,-1,-1,1,-1,-1,-1
1012,10,274.1741027832031,621.5947265625,-1,-1,1,-1,-1,-1
1013,9,984.455078125,756.416259765625,-1,-1,1,-1,-1,-1
1013,10,288.27557373046875,621.572021484375,-1,-1,1,-1,-1,-1
1014,9,1005.94921875,756.385009765625,-1,-1,1,-1,-1,-1
1014,10,295.41326904296875,621.493408203125,-1,-1,1,-1,-1,-1
1015,9,1019.9705810546875,756.3547973632812,-1,-1,1,-1,-1,-1
1015,10,309.59576416015625,621.4492797851562,-1,-1,1,-1,-1,-1
1016,9,1041.3746337890625,756.3526611328125,-1,-1,1,-1,-1,-1
1016,10,316.72125244140625,621.5340576171875,-1,-1,1,-1,-1,-1
1017,9,1055.412841796875,756.4495849609375,-1,-1,1,-1,-1,-1
1017,10,323.81927490234375,621.5440673828125,-1,-1,1,-1,-1,-1
1018,9,1069.6920166015625,756.2567749023438,-1,-1,1,-1,-1,-1
1018,10,330.984130859375,621.5250244140625,-1,-1,1,-1,-1,-1
1019,9,1091.03515625,749.0935668945312,-1,-1,1,-1,-1,-1
1019,10,338.0439453125,621.529541015625,-1,-1,1,-1,-1,-1
1020,9,1105.2249755859375,749.22265625,-1,-1,1,-1,-1,-1
1020,10,345.142333984375,614.478759765625,-1,-1,1,-1,-1,-1
1021,9,1119.546875,749.24365234375,-1,-1,1,-1,-1,-1
1021,10,352.22906494140625,614.4498291015625,-1,-1,1,-1,-1,-1
1022,9,1133.66552734375,749.3574829101562,-1,-1,1,-1,-1,-1
1022,10,359.3355712890625,614.425048828125,-1,-1,1,-1,-1,-1
1023,9,1155.0537109375,749.3675537109375,-1,-1,1,-1,-1,-1
1023,10,366.4620361328125,614.518798828125,-1,-1,1,-1,-1,-1
1024,9,1169.29931640625,749.4168701171875,-1,-1,1,-1,-1,-1
1024,10,380.836181640625,614.5877685546875,-1,-1,1,-1,-1,-1
1025,9,1190.555908203125,749.345458984375,-1,-1,1,-1,-1,-1
1025,10,387.7327880859375,614.4664306640625,-1,-1,1,-1,-1,-1
1026,9,1204.6572265625,749.3001708984375,-1,-1,1,-1,-1,-1
1026,10,394.63385009765625,621.419189453125,-1,-1,1,-1,-1,-1
1027,9,1218.9404296875,749.3604736328125,-1,-1,1,-1,-1,-1
1027,10,409.0501708984375,621.44580078125,-1,-1,1,-1,-1,-1
1028,9,1233.15625,749.3529052734375,-1,-1,1,-1,-1,-1
1028,10,416.21368408203125,614.4273681640625,-1,-1,1,-1,-1,-1
1029,9,1254.33740234375,749.3509521484375,-1,-1,1,-1,-1,-1
1029,10,423.2155456542969,614.4432373046875,-1,-1,1,-1,-1,-1
1030,9,1275.6826171875,749.40283203125,-1,-1,1,-1,-1,-1
1030,10,437.61688232421875,614.600341796875,-1,-1,1,-1,-1,-1
1031,9,1290.0037841796875,749.4443359375,-1,-1,1,-1,-1,-1
1031,10,444.6146240234375,614.4609375,-1,-1,1,-1,-1,-1
1032,9,1311.1611328125,749.512451171875,-1,-1,1,-1,-1,-1
1032,10,458.9127197265625,614.5363159179688,-1,-1,1,-1,-1,-1
1033,9,1325.177490234375,749.391845703125,-1,-1,1,-1,-1,-1
1033,10,466.0456848144531,614.5126953125,-1,-1,1,-1,-1,-1
1034,9,1339.3616943359375,749.1796875,-1,-1,1,-1,-1,-1
1034,10,480.4117431640625,614.7778930664062,-1,-1,1,-1,-1,-1
1035,9,1360.7783203125,749.2347412109375,-1,-1,1,-1,-1,-1
1035,10,487.17413330078125,614.476806640625,-1,-1,1,-1,-1,-1
1036,9,1374.92578125,749.2230224609375,-1,-1,1,-1,-1,-1
1036,10,501.5634765625,614.5184326171875,-1,-1,1,-1,-1,-1
1037,9,1396.08984375,749.16357421875,-1,-1,1,-1,-1,-1
1037,10,515.75537109375,614.5285034179688,-1,-1,1,-1,-1,-1
1038,9,1410.3662109375,749.21826171875,-1,-1,1,-1,-1,-1
1038,10,522.7783813476562,621.44873046875,-1,-1,1,-1,-1,-1
1039,9,1431.6190185546875,749.0655517578125,-1,-1,1,-1,-1,-1
1039,10,536.8866577148438,621.5829467773438,-1,-1,1,-1,-1,-1
1040,9,1453.205078125,756.2714233398438,-1,-1,1,-1,-1,-1
1040,10,551.0675048828125,621.58837890625,-1,-1,1,-1,-1,-1
1041,9,1467.333984375,756.09130859375,-1,-1,1,-1,-1,-1
1041,10,565.355712890625,621.65673828125,-1,-1,1,-1,-1,-1
1042,9,1488.656982421875,756.146728515625,-1,-1,1,-1,-1,-1
1042,10,579.5662841796875,621.644287109375,-1,-1,1,-1,-1,-1
1043,9,1502.687255859375,756.0654296875,-1,-1,1,-1,-1,-1
1043,10,586.481689453125,628.52001953125,-1,-1,1,-1,-1,-1
1044,9,1524.4527587890625,763.0903930664062,-1,-1,1,-1,-1,-1
1044,10,600.6026611328125,628.590576171875,-1,-1,1,-1,-1,-1
1045,9,1538.4178466796875,763.2745971679688,-1,-1,1,-1,-1,-1
1045,10,614.9541015625,628.462890625,-1,-1,1,-1,-1,-1
1046,9,1559.76416015625,763.2388916015625,-1,-1,1,-1,-1,-1
1046,10,629.17724609375,628.6665649414062,-1,-1,1,-1,-1,-1
1047,9,1574.0673828125,763.0892333984375,-1,-1,1,-1,-1,-1
1047,10,643.5423583984375,628.6507568359375,-1,-1,1,-1,-1,-1
1048,10,657.7489013671875,628.637451171875,-1,-1,1,-1,-1,-1
1049,9,1616.6942138671875,763.0316162109375,-1,-1,1,-1,-1,-1
1049,10,671.9154663085938,628.443603515625,-1,-1,1,-1,-1,-1
1050,9,1630.82666015625,763.0689697265625,-1,-1,1,-1,-1,-1
1050,10,686.035888671875,628.5322875976562,-1,-1,1,-1,-1,-1
1051,9,1652.1251220703125,763.0836181640625,-1,-1,1,-1,-1,-1
1051,10,700.2982177734375,628.4050903320312,-1,-1,1,-1,-1,-1
1052,9,1666.36181640625,763.2084350585938,-1,-1,1,-1,-1,-1
1052,10,714.457275390625,621.335205078125,-1,-1,1,-1,-1,-1
1053,9,1687.7802734375,763.2021484375,-1,-1,1,-1,-1,-1
1053,10,735.8280029296875,621.4815673828125,-1,-1,1,-1,-1,-1
1054,9,1709.04150390625,763.4110107421875,-1,-1,1,-1,-1,-1
1054,10,749.93603515625,621.403564453125,-1,-1,1,-1,-1,-1
1055,9,1723.263671875,756.0487060546875,-1,-1,1,-1,-1,-1
1055,10,764.209228515625,614.256103515625,-1,-1,1,-1,-1,-1
1056,9,1744.6644287109375,755.9701538085938,-1,-1,1,-1,-1,-1
1056,10,785.4768676757812,614.2506103515625,-1,-1,1,-1,-1,-1
1057,9,1765.8114013671875,756.1236572265625,-1,-1,1,-1,-1,-1
1057,10,799.7127685546875,614.2085571289062,-1,-1,1,-1,-1,-1
1058,9,1787.34619140625,763.4195556640625,-1,-1,1,-1,-1,-1
1058,10,814.034912109375,614.1870727539062,-1,-1,1,-1,-1,-1
1059,9,1808.7816162109375,763.4080810546875,-1,-1,1,-1,-1,-1
1059,10,835.1365356445312,614.373779296875,-1,-1,1,-1,-1,-1
1060,9,1830.014404296875,763.2177124023438,-1,-1,1,-1,-1,-1
1060,10,856.3204345703125,614.18359375,-1,-1,1,-1,-1,-1
1061,9,1844.2523193359375,763.0916748046875,-1,-1,1,-1,-1,-1
1061,10,870.59765625,614.0814208984375,-1,-1,1,-1,-1,-1
1062,9,1865.7940673828125,763.159912109375,-1,-1,1,-1,-1,-1
1062,10,884.9163818359375,614.2955932617188,-1,-1,1,-1,-1,-1
1063,10,906.0579833984375,614.2154541015625,-1,-1,1,-1,-1,-1
1067,10,970.1777954101562,607.2109985351562,-1,-1,1,-1,-1,-1
1068,10,991.5137939453125,607.2000122070312,-1,-1,1,-1,-1,-1
1069,10,1005.7379150390625,607.1558837890625,-1,-1,1,-1,-1,-1
1070,10,1027.0712890625,607.266357421875,-1,-1,1,-1,-1,-1
1071,10,1041.3343505859375,607.1278076171875,-1,-1,1,-1,-1,-1
1072,10,1062.6497802734375,607.14404296875,-1,-1,1,-1,-1,-1
1073,10,1083.939208984375,607.2758178710938,-1,-1,1,-1,-1,-1
1074,10,1105.2340087890625,607.25048828125,-1,-1,1,-1,-1,-1
1075,10,1126.636962890625,607.2687377929688,-1,-1,1,-1,-1,-1
1076,10,1148.075927734375,607.4078369140625,-1,-1,1,-1,-1,-1
1077,10,1169.45068359375,607.4334716796875,-1,-1,1,-1,-1,-1
1078,10,1190.57177734375,614.4293212890625,-1,-1,1,-1,-1,-1
1079,10,1212.08642578125,614.4859619140625,-1,-1,1,-1,-1,-1
1080,10,1226.201171875,614.5972900390625,-1,-1,1,-1,-1,-1
1081,10,1247.4459228515625,614.6278076171875,-1,-1,1,-1,-1,-1
1082,10,1261.751708984375,614.6529541015625,-1,-1,1,-1,-1,-1
1083,10,1283.091796875,614.740966796875,-1,-1,1,-1,-1,-1
1084,10,1297.2996826171875,614.5635986328125,-1,-1,1,-1,-1,-1
1085,10,1318.539306640625,614.58056640625,-1,-1,1,-1,-1,-1
1086,10,1332.888916015625,621.5350341796875,-1,-1,1,-1,-1,-1
1087,10,1354.1328125,614.615478515625,-1,-1,1,-1,-1,-1
1088,10,1368.271240234375,614.6763916015625,-1,-1,1,-1,-1,-1
1089,10,1382.35302734375,614.60693359375,-1,-1,1,-1,-1,-1
1090,10,1404.1483154296875,614.8228149414062,-1,-1,1,-1,-1,-1
1091,10,1418.33740234375,607.687255859375,-1,-1,1,-1,-1,-1
1092,10,1432.392822265625,607.5321655273438,-1,-1,1,-1,-1,-1
1093,10,1446.5693359375,607.5616455078125,-1,-1,1,-1,-1,-1
1094,10,1468.0189208984375,607.6470947265625,-1,-1,1,-1,-1,-1
1095,10,1482.149169921875,607.6301879882812,-1,-1,1,-1,-1,-1
1096,10,1496.282958984375,607.4305419921875,-1,-1,1,-1,-1,-1
1097,10,1517.66064453125,607.5067138671875,-1,-1,1,-1,-1,-1
1098,10,1538.9820556640625,607.398681640625,-1,-1,1,-1,-1,-1
1099,10,1552.965087890625,600.272705078125,-1,-1,1,-1,-1,-1
1100,10,1574.455078125,600.4365844726562,-1,-1,1,-1,-1,-1
1101,10,1595.733154296875,600.4462890625,-1,-1,1,-1,-1,-1
1102,10,1616.9620361328125,600.3446044921875,-1,-1,1,-1,-1,-1
1103,10,1638.225341796875,600.1329345703125,-1,-1,1,-1,-1,-1
1104,10,1659.609375,600.2193603515625,-1,-1,1,-1,-1,-1
1105,10,1681.1295166015625,607.4285888671875,-1,-1,1,-1,-1,-1
1106,10,1702.3992919921875,607.5062255859375,-1,-1,1,-1,-1,-1
1107,10,1723.7457275390625,607.3511352539062,-1,-1,1,-1,-1,-1
1108,10,1745.1826171875,614.6209716796875,-1,-1,1,-1,-1,-1
1109,10,1766.529052734375,614.5595092773438,-1,-1,1,-1,-1,-1
1110,10,1787.79296875,621.4832153320312,-1,-1,1,-1,-1,-1
1111,10,1809.0023193359375,621.3833618164062,-1,-1,1,-1,-1,-1
1112,10,1837.521484375,621.495849609375,-1,-1,1,-1,-1,-1
1113,10,1858.83544921875,628.69140625,-1,-1,1,-1,-1,-1
1114,10,1880.1068115234375,621.4817504882812,-1,-1,1,-1,-1,-1
1242,11,820.852294921875,642.622802734375,-1,-1,1,-1,-1,-1
1243,11,849.2935791015625,642.6875,-1,-1,1,-1,-1,-1
1244,11,884.792724609375,642.7500610351562,-1,-1,1,-1,-1,-1
1245,11,920.2249755859375,642.81884765625,-1,-1,1,-1,-1,-1
1246,11,948.6627807617188,642.7440185546875,-1,-1,1,-1,-1,-1
1247,11,984.2657470703125,642.6368408203125,-1,-1,1,-1,-1,-1
1248,11,1012.6375732421875,642.6292724609375,-1,-1,1,-1,-1,-1
1249,11,1048.234619140625,642.5528564453125,-1,-1,1,-1,-1,-1
1250,11,1076.744873046875,642.5723876953125,-1,-1,1,-1,-1,-1
1251,11,1112.18994140625,642.6096801757812,-1,-1,1,-1,-1,-1
1252,11,1147.65673828125,642.6630859375,-1,-1,1,-1,-1,-1
1253,11,1175.940673828125,649.572998046875,-1,-1,1,-1,-1,-1
1254,11,1204.254150390625,649.62939453125,-1,-1,1,-1,-1,-1
1255,11,1239.99658203125,649.6353149414062,-1,-1,1,-1,-1,-1
1256,11,1275.480712890625,649.666259765625,-1,-1,1,-1,-1,-1
1257,11,1303.905029296875,649.7513427734375,-1,-1,1,-1,-1,-1
1258,11,1339.618896484375,649.700927734375,-1,-1,1,-1,-1,-1
1259,11,1375.15576171875,649.7088623046875,-1,-1,1,-1,-1,-1
1260,11,1410.77734375,649.6767578125,-1,-1,1,-1,-1,-1
1261,11,1439.1837158203125,649.7496337890625,-1,-1,1,-1,-1,-1
1262,11,1474.8056640625,649.7428588867188,-1,-1,1,-1,-1,-1
1263,11,1510.1416015625,649.8135375976562,-1,-1,1,-1,-1,-1
1264,11,1552.96044921875,649.7581787109375,-1,-1,1,-1,-1,-1
1265,11,1588.386474609375,649.6729736328125,-1,-1,1,-1,-1,-1
1266,11,1631.0633544921875,649.67578125,-1,-1,1,-1,-1,-1
1267,11,1673.64404296875,649.6638793945312,-1,-1,1,-1,-1,-1
1268,11,1716.466552734375,649.5587158203125,-1,-1,1,-1,-1,-1
1269,11,1758.8865966796875,649.5584106445312,-1,-1,1,-1,-1,-1
1271,11,1850.96533203125,649.377197265625,-1,-1,1,-1,-1,-1
1490,12,643.115234375,664.2581787109375,-1,-1,1,-1,-1,-1
1491,12,671.5216064453125,663.9412841796875,-1,-1,1,-1,-1,-1
1492,12,685.9022827148438,670.9907836914062,-1,-1,1,-1,-1,-1
1493,12,671.8173217773438,678.2513427734375,-1,-1,1,-1,-1,-1
1494,12,686.03271484375,678.3287353515625,-1,-1,1,-1,-1,-1
1495,12,700.3161010742188,678.29736328125,-1,-1,1,-1,-1,-1
1496,12,714.3045654296875,671.2177734375,-1,-1,1,-1,-1,-1
1497,12,728.5375366210938,671.1739501953125,-1,-1,1,-1,-1,-1
1498,12,742.8797607421875,671.14453125,-1,-1,1,-1,-1,-1
1499,12,756.972412109375,671.1575927734375,-1,-1,1,-1,-1,-1
1500,12,764.1494140625,671.025146484375,-1,-1,1,-1,-1,-1
1501,12,778.39404296875,671.1334228515625,-1,-1,1,-1,-1,-1
1502,12,792.6690063476562,671.1402587890625,-1,-1,1,-1,-1,-1
1503,12,806.7234497070312,671.307373046875,-1,-1,1,-1,-1,-1
1504,12,820.8283081054688,671.257080078125,-1,-1,1,-1,-1,-1
1505,12,835.1317749023438,664.2122192382812,-1,-1,1,-1,-1,-1
1506,12,849.34521484375,664.0838623046875,-1,-1,1,-1,-1,-1
1507,12,863.57666015625,664.1751098632812,-1,-1,1,-1,-1,-1
1508,12,877.7677001953125,664.13427734375,-1,-1,1,-1,-1,-1
1509,12,892.0093994140625,664.2528686523438,-1,-1,1,-1,-1,-1
1510,12,899.092529296875,664.179931640625,-1,-1,1,-1,-1,-1
1511,12,920.331298828125,664.286376953125,-1,-1,1,-1,-1,-1
1512,12,934.5882568359375,664.1910400390625,-1,-1,1,-1,-1,-1
1513,12,948.9261474609375,656.936279296875,-1,-1,1,-1,-1,-1
1514,12,963.0467529296875,656.889404296875,-1,-1,1,-1,-1,-1
1515,12,970.0780029296875,657.029052734375,-1,-1,1,-1,-1,-1
1516,12,984.272216796875,657.0825805664062,-1,-1,1,-1,-1,-1
1517,12,998.4929809570312,649.8932495117188,-1,-1,1,-1,-1,-1
1518,12,1012.8680419921875,649.8641357421875,-1,-1,1,-1,-1,-1
1519,12,1019.8184204101562,649.977783203125,-1,-1,1,-1,-1,-1
1520,12,1034.078857421875,650.1072998046875,-1,-1,1,-1,-1,-1
1521,12,1041.07421875,650.1619873046875,-1,-1,1,-1,-1,-1
1522,12,1055.325439453125,642.999267578125,-1,-1,1,-1,-1,-1
1523,12,1069.603515625,642.91748046875,-1,-1,1,-1,-1,-1
1524,12,1076.57080078125,642.92431640625,-1,-1,1,-1,-1,-1
1525,12,1090.869873046875,635.4755859375,-1,-1,1,-1,-1,-1
1526,12,1097.90576171875,635.644287109375,-1,-1,1,-1,-1,-1
1527,12,1112.14990234375,635.707275390625,-1,-1,1,-1,-1,-1
1528,12,1119.04931640625,635.6959228515625,-1,-1,1,-1,-1,-1
1529,12,1133.2705078125,635.6726684570312,-1,-1,1,-1,-1,-1
1530,12,1147.5513916015625,635.7364501953125,-1,-1,1,-1,-1,-1
1531,12,1154.6492919921875,635.5696411132812,-1,-1,1,-1,-1,-1
1532,12,1168.76611328125,635.50830078125,-1,-1,1,-1,-1,-1
1533,12,1183.09375,635.634765625,-1,-1,1,-1,-1,-1
1534,12,1197.2860107421875,635.588623046875,-1,-1,1,-1,-1,-1
1535,12,1204.4136962890625,635.5165405273438,-1,-1,1,-1,-1,-1
1536,12,1218.761474609375,635.4678344726562,-1,-1,1,-1,-1,-1
1537,12,1225.5849609375,642.8779907226562,-1,-1,1,-1,-1,-1
1538,12,1239.883544921875,642.907470703125,-1,-1,1,-1,-1,-1
1539,12,1254.06494140625,642.9974365234375,-1,-1,1,-1,-1,-1
1540,12,1268.183837890625,642.9764404296875,-1,-1,1,-1,-1,-1
1541,12,1282.5894775390625,642.9707641601562,-1,-1,1,-1,-1,-1
1542,12,1289.767578125,642.7806396484375,-1,-1,1,-1,-1,-1
1543,12,1303.9111328125,642.6820068359375,-1,-1,1,-1,-1,-1
1544,12,1318.1302490234375,642.6732177734375,-1,-1,1,-1,-1,-1
1545,12,1332.501708984375,642.8292236328125,-1,-1,1,-1,-1,-1
1546,12,1346.7740478515625,642.802490234375,-1,-1,1,-1,-1,-1
1547,12,1360.88818359375,642.9251708984375,-1,-1,1,-1,-1,-1
1548,12,1374.92529296875,642.9833374023438,-1,-1,1,-1,-1,-1
1549,12,1381.96630859375,642.9246826171875,-1,-1,1,-1,-1,-1
1550,12,1396.2198486328125,643.0042724609375,-1,-1,1,-1,-1,-1
1551,12,1410.5712890625,635.6574096679688,-1,-1,1,-1,-1,-1
1552,12,1424.911376953125,635.6047973632812,-1,-1,1,-1,-1,-1
1553,12,1439.039794921875,635.6371459960938,-1,-1,1,-1,-1,-1
1554,12,1453.32177734375,635.6887817382812,-1,-1,1,-1,-1,-1
1555,12,1467.552001953125,635.6437377929688,-1,-1,1,-1,-1,-1
1556,12,1481.921630859375,635.6620483398438,-1,-1,1,-1,-1,-1
1557,12,1488.7060546875,635.587646484375,-1,-1,1,-1,-1,-1
1558,12,1503.1142578125,635.5853271484375,-1,-1,1,-1,-1,-1
1559,12,1517.2078857421875,635.5400390625,-1,-1,1,-1,-1,-1
1560,12,1531.305908203125,642.7945556640625,-1,-1,1,-1,-1,-1
1561,12,1545.526611328125,642.9319458007812,-1,-1,1,-1,-1,-1
1562,12,1559.8388671875,642.8299560546875,-1,-1,1,-1,-1,-1
1563,12,1574.0206298828125,642.808837890625,-1,-1,1,-1,-1,-1
1564,12,1595.474609375,642.5775756835938,-1,-1,1,-1,-1,-1
1567,12,1645.19384765625,642.5234985351562,-1,-1,1,-1,-1,-1
1568,12,1659.2734375,642.6502075195312,-1,-1,1,-1,-1,-1
1650,13,74.64984893798828,571.7536010742188,-1,-1,1,-1,-1,-1
1652,13,110.09516906738281,571.5989990234375,-1,-1,1,-1,-1,-1
1653,13,124.39214324951172,564.3707275390625,-1,-1,1,-1,-1,-1
1654,13,138.58258056640625,564.507080078125,-1,-1,1,-1,-1,-1
1655,13,159.84158325195312,564.5726318359375,-1,-1,1,-1,-1,-1
1656,13,174.13027954101562,564.7361450195312,-1,-1,1,-1,-1,-1
1657,13,188.17822265625,564.7167358398438,-1,-1,1,-1,-1,-1
1658,13,209.55636596679688,557.333984375,-1,-1,1,-1,-1,-1
1659,13,223.80133056640625,557.4393920898438,-1,-1,1,-1,-1,-1
1660,13,238.041259765625,557.4051513671875,-1,-1,1,-1,-1,-1
1661,13,252.27273559570312,557.46826171875,-1,-1,1,-1,-1,-1
1662,13,266.5262451171875,557.5700073242188,-1,-1,1,-1,-1,-1
1663,13,280.6927795410156,557.2230224609375,-1,-1,1,-1,-1,-1
1664,13,295.0020751953125,557.376708984375,-1,-1,1,-1,-1,-1
1665,13,309.1314697265625,557.2174072265625,-1,-1,1,-1,-1,-1
1666,13,323.424560546875,557.3707885742188,-1,-1,1,-1,-1,-1
1667,13,344.62042236328125,557.210693359375,-1,-1,1,-1,-1,-1
1668,13,359.01519775390625,557.3878173828125,-1,-1,1,-1,-1,-1
1669,13,387.2840270996094,557.3392944335938,-1,-1,1,-1,-1,-1
1670,13,401.5370788574219,557.53271484375,-1,-1,1,-1,-1,-1
1671,13,422.9324035644531,557.41748046875,-1,-1,1,-1,-1,-1
1672,13,444.1824645996094,557.489013671875,-1,-1,1,-1,-1,-1
1673,13,458.435791015625,557.3048095703125,-1,-1,1,-1,-1,-1
1674,13,479.7300720214844,557.4171142578125,-1,-1,1,-1,-1,-1
1675,13,501.10125732421875,550.251708984375,-1,-1,1,-1,-1,-1
1676,13,522.398681640625,550.2843017578125,-1,-1,1,-1,-1,-1
1677,13,543.7847900390625,550.2826538085938,-1,-1,1,-1,-1,-1
1678,13,565.0203857421875,550.318115234375,-1,-1,1,-1,-1,-1
1679,13,586.328125,550.2191162109375,-1,-1,1,-1,-1,-1
1680,13,600.64697265625,550.1129760742188,-1,-1,1,-1,-1,-1
1681,13,621.7955932617188,557.3143310546875,-1,-1,1,-1,-1,-1
1682,13,643.0777587890625,557.4163818359375,-1,-1,1,-1,-1,-1
1683,13,664.37744140625,564.4710693359375,-1,-1,1,-1,-1,-1
1684,13,685.7977294921875,564.5118408203125,-1,-1,1,-1,-1,-1
1685,13,700.1939697265625,564.44384765625,-1,-1,1,-1,-1,-1
1686,13,721.484130859375,571.649658203125,-1,-1,1,-1,-1,-1
1687,13,735.7181396484375,578.6596069335938,-1,-1,1,-1,-1,-1
1688,13,757.0390625,578.771728515625,-1,-1,1,-1,-1,-1
1689,13,778.4644775390625,578.7147216796875,-1,-1,1,-1,-1,-1
1690,13,792.4327392578125,585.9373779296875,-1,-1,1,-1,-1,-1
1691,13,806.6148681640625,592.84912109375,-1,-1,1,-1,-1,-1
1692,13,827.9796142578125,592.9340209960938,-1,-1,1,-1,-1,-1
1693,13,842.1531372070312,592.9014892578125,-1,-1,1,-1,-1,-1
1694,13,856.4267578125,592.889404296875,-1,-1,1,-1,-1,-1
1695,13,877.79345703125,592.9878540039062,-1,-1,1,-1,-1,-1
1696,13,892.1077880859375,592.9111938476562,-1,-1,1,-1,-1,-1
1697,13,906.019775390625,600.04541015625,-1,-1,1,-1,-1,-1
1698,13,920.2750244140625,600.000244140625,-1,-1,1,-1,-1,-1
1699,13,941.6856689453125,599.9691162109375,-1,-1,1,-1,-1,-1
1700,13,955.8045654296875,600.041259765625,-1,-1,1,-1,-1,-1
1701,13,970.072998046875,599.8992309570312,-1,-1,1,-1,-1,-1
1702,13,991.4833984375,599.8740234375,-1,-1,1,-1,-1,-1
1703,13,1005.5904541015625,599.8624877929688,-1,-1,1,-1,-1,-1
1704,13,1027.11181640625,592.8773193359375,-1,-1,1,-1,-1,-1
1705,13,1041.3409423828125,592.779052734375,-1,-1,1,-1,-1,-1
1781,14,216.98681640625,791.5263061523438,-1,-1,1,-1,-1,-1
1783,14,287.98150634765625,791.554443359375,-1,-1,1,-1,-1,-1
1784,14,323.4898986816406,791.547607421875,-1,-1,1,-1,-1,-1
1785,14,352.05694580078125,791.7418823242188,-1,-1,1,-1,-1,-1
1786,14,387.534912109375,791.7446899414062,-1,-1,1,-1,-1,-1
1787,14,423.0011901855469,791.8023681640625,-1,-1,1,-1,-1,-1
1788,14,458.621337890625,791.76025390625,-1,-1,1,-1,-1,-1
1789,14,494.1003723144531,791.54931640625,-1,-1,1,-1,-1,-1
1790,14,522.354736328125,799.1791381835938,-1,-1,1,-1,-1,-1
1791,14,550.6879272460938,799.1533813476562,-1,-1,1,-1,-1,-1
1792,14,600.6717529296875,799.1593017578125,-1,-1,1,-1,-1,-1
1793,14,629.0115356445312,799.3129272460938,-1,-1,1,-1,-1,-1
1794,14,657.3807373046875,799.2476806640625,-1,-1,1,-1,-1,-1
1795,14,692.973388671875,798.9663696289062,-1,-1,1,-1,-1,-1
1796,14,721.3995361328125,798.927490234375,-1,-1,1,-1,-1,-1
1797,14,749.8125,798.980712890625,-1,-1,1,-1,-1,-1
1798,14,778.2911376953125,799.0400390625,-1,-1,1,-1,-1,-1
1799,14,806.6942138671875,799.2208251953125,-1,-1,1,-1,-1,-1
1800,14,835.1259765625,799.133056640625,-1,-1,1,-1,-1,-1
1801,14,863.5030517578125,799.3629760742188,-1,-1,1,-1,-1,-1
1802,14,891.9702758789062,799.39013671875,-1,-1,1,-1,-1,-1
1803,14,920.3466796875,799.318115234375,-1,-1,1,-1,-1,-1
1804,14,948.8002319335938,799.1983642578125,-1,-1,1,-1,-1,-1
1869,15,209.94236755371094,777.921142578125,-1,-1,1,-1,-1,-1
1870,15,245.39276123046875,777.718994140625,-1,-1,1,-1,-1,-1
1871,15,280.908447265625,777.7174072265625,-1,-1,1,-1,-1,-1
1872,15,316.3299560546875,777.869140625,-1,-1,1,-1,-1,-1
1873,15,351.945068359375,777.6563720703125,-1,-1,1,-1,-1,-1
1874,15,380.43646240234375,777.6898193359375,-1,-1,1,-1,-1,-1
1875,15,416.03118896484375,785.181396484375,-1,-1,1,-1,-1,-1
1876,15,444.4971923828125,784.9138793945312,-1,-1,1,-1,-1,-1
1877,15,479.999755859375,785.023681640625,-1,-1,1,-1,-1,-1
1878,15,515.4891357421875,784.9969482421875,-1,-1,1,-1,-1,-1
1879,15,551.062255859375,785.1017456054688,-1,-1,1,-1,-1,-1
1880,15,579.439453125,785.0180053710938,-1,-1,1,-1,-1,-1
1881,15,614.93994140625,784.9039306640625,-1,-1,1,-1,-1,-1
1882,15,643.4356689453125,784.8427734375,-1,-1,1,-1,-1,-1
1883,15,678.9384765625,784.7552490234375,-1,-1,1,-1,-1,-1
1884,15,707.4669799804688,784.6810302734375,-1,-1,1,-1,-1,-1
1885,15,742.928955078125,791.9970703125,-1,-1,1,-1,-1,-1
1886,15,778.4527587890625,791.97998046875,-1,-1,1,-1,-1,-1
1887,15,806.8872680664062,792.0107421875,-1,-1,1,-1,-1,-1
1888,15,842.5328369140625,791.95849609375,-1,-1,1,-1,-1,-1
1889,15,870.85009765625,791.8289794921875,-1,-1,1,-1,-1,-1
1890,15,906.4052734375,791.80810546875,-1,-1,1,-1,-1,-1
1891,15,941.88671875,791.8775634765625,-1,-1,1,-1,-1,-1
1892,15,977.45361328125,791.6820068359375,-1,-1,1,-1,-1,-1
1893,15,1012.8824462890625,791.6957397460938,-1,-1,1,-1,-1,-1
1894,15,1041.27685546875,791.7197265625,-1,-1,1,-1,-1,-1
1895,15,1076.7301025390625,791.6724853515625,-1,-1,1,-1,-1,-1
1898,15,1154.940673828125,798.8690185546875,-1,-1,1,-1,-1,-1
1903,15,1311.1641845703125,784.9666137695312,-1,-1,1,-1,-1,-1
1904,15,1346.605224609375,784.9178466796875,-1,-1,1,-1,-1,-1
1905,15,1381.9000244140625,785.1265869140625,-1,-1,1,-1,-1,-1
1906,15,1417.630615234375,785.1227416992188,-1,-1,1,-1,-1,-1
1907,15,1445.987060546875,785.0897216796875,-1,-1,1,-1,-1,-1
1915,15,1709.11962890625,777.8953857421875,-1,-1,1,-1,-1,-1
1916,15,1744.568115234375,777.8018188476562,-1,-1,1,-1,-1,-1
1917,15,1780.014404296875,770.9476318359375,-1,-1,1,-1,-1,-1
1918,15,1815.5924072265625,770.7669677734375,-1,-1,1,-1,-1,-1
1919,15,1865.447021484375,770.6749267578125,-1,-1,1,-1,-1,-1
2019,16,202.754150390625,486.02276611328125,-1,-1,1,-1,-1,-1
2020,16,231.18682861328125,486.0562744140625,-1,-1,1,-1,-1,-1
2021,16,259.5610656738281,486.14996337890625,-1,-1,1,-1,-1,-1
2022,16,295.1111145019531,486.192138671875,-1,-1,1,-1,-1,-1
2023,16,323.53094482421875,493.314208984375,-1,-1,1,-1,-1,-1
2024,16,351.9996337890625,493.29327392578125,-1,-1,1,-1,-1,-1
2025,16,387.48101806640625,493.3174133300781,-1,-1,1,-1,-1,-1
2026,16,415.9444580078125,493.2648620605469,-1,-1,1,-1,-1,-1
2027,16,451.3690490722656,493.3406982421875,-1,-1,1,-1,-1,-1
2028,16,472.72369384765625,500.4350280761719,-1,-1,1,-1,-1,-1
2029,16,501.11907958984375,500.4378662109375,-1,-1,1,-1,-1,-1
2030,16,529.4974365234375,507.57244873046875,-1,-1,1,-1,-1,-1
2031,16,550.8569946289062,514.6082763671875,-1,-1,1,-1,-1,-1
2032,16,572.215576171875,521.6574096679688,-1,-1,1,-1,-1,-1
2033,16,586.3345336914062,528.7536010742188,-1,-1,1,-1,-1,-1
2034,16,607.6636962890625,535.8670043945312,-1,-1,1,-1,-1,-1
2035,16,629.044677734375,535.8598022460938,-1,-1,1,-1,-1,-1
2036,16,643.3306884765625,542.9850463867188,-1,-1,1,-1,-1,-1
2037,16,657.3782348632812,543.0889282226562,-1,-1,1,-1,-1,-1
2038,16,671.6571044921875,550.114501953125,-1,-1,1,-1,-1,-1
2039,16,685.9288330078125,557.1886596679688,-1,-1,1,-1,-1,-1
2040,16,700.0645751953125,564.353515625,-1,-1,1,-1,-1,-1
2041,16,714.3480834960938,571.4659423828125,-1,-1,1,-1,-1,-1
2042,16,728.5416259765625,571.4852905273438,-1,-1,1,-1,-1,-1
2043,16,742.5958251953125,571.5052490234375,-1,-1,1,-1,-1,-1
2044,16,764.0220947265625,578.6356201171875,-1,-1,1,-1,-1,-1
2045,16,778.1917114257812,578.64111328125,-1,-1,1,-1,-1,-1
2046,16,792.36767578125,578.5325927734375,-1,-1,1,-1,-1,-1
2047,16,813.479736328125,578.6727294921875,-1,-1,1,-1,-1,-1
2048,16,827.803466796875,578.52734375,-1,-1,1,-1,-1,-1
2049,16,849.193359375,585.62255859375,-1,-1,1,-1,-1,-1
2050,16,870.4964599609375,585.6561279296875,-1,-1,1,-1,-1,-1
2051,16,891.7618408203125,592.8846435546875,-1,-1,1,-1,-1,-1
2052,16,913.1519775390625,592.862060546875,-1,-1,1,-1,-1,-1
2053,16,927.3883056640625,592.7105712890625,-1,-1,1,-1,-1,-1
2055,16,984.296142578125,600.0283203125,-1,-1,1,-1,-1,-1
2056,16,1005.5180053710938,592.674560546875,-1,-1,1,-1,-1,-1
2057,16,1033.9219970703125,592.7171020507812,-1,-1,1,-1,-1,-1
2058,16,1062.435791015625,592.6461791992188,-1,-1,1,-1,-1,-1
2159,17,96.31046295166016,556.98779296875,-1,-1,1,-1,-1,-1
2160,17,124.7716064453125,557.0603637695312,-1,-1,1,-1,-1,-1
2161,17,160.13381958007812,557.0861206054688,-1,-1,1,-1,-1,-1
2162,17,188.58778381347656,556.9615478515625,-1,-1,1,-1,-1,-1
2163,17,209.93203735351562,557.0093383789062,-1,-1,1,-1,-1,-1
2164,17,238.24237060546875,557.0518798828125,-1,-1,1,-1,-1,-1
2165,17,266.505126953125,557.1702880859375,-1,-1,1,-1,-1,-1
2166,17,288.087646484375,557.12646484375,-1,-1,1,-1,-1,-1
2167,17,316.2608337402344,557.0728149414062,-1,-1,1,-1,-1,-1
2168,17,337.80908203125,556.9644775390625,-1,-1,1,-1,-1,-1
2169,17,358.97216796875,564.1175537109375,-1,-1,1,-1,-1,-1
2170,17,380.40191650390625,557.021484375,-1,-1,1,-1,-1,-1
2171,17,401.88189697265625,556.9509887695312,-1,-1,1,-1,-1,-1
2172,17,423.03411865234375,557.1016235351562,-1,-1,1,-1,-1,-1
2173,17,444.3570556640625,549.9572143554688,-1,-1,1,-1,-1,-1
2174,17,465.68145751953125,550.1264038085938,-1,-1,1,-1,-1,-1
2175,17,479.97467041015625,550.216064453125,-1,-1,1,-1,-1,-1
2176,17,508.40203857421875,542.8294677734375,-1,-1,1,-1,-1,-1
2177,17,522.5440063476562,543.0003662109375,-1,-1,1,-1,-1,-1
2178,17,543.81396484375,535.8072509765625,-1,-1,1,-1,-1,-1
2179,17,558.052490234375,536.012451171875,-1,-1,1,-1,-1,-1
2180,17,579.234619140625,528.6611328125,-1,-1,1,-1,-1,-1
2181,17,600.5311279296875,528.6262817382812,-1,-1,1,-1,-1,-1
2182,17,614.6796875,521.4661254882812,-1,-1,1,-1,-1,-1
2183,17,622.044189453125,521.8018798828125,-1,-1,1,-1,-1,-1
2184,17,636.2515869140625,521.76708984375,-1,-1,1,-1,-1,-1
2185,17,650.385986328125,521.6680908203125,-1,-1,1,-1,-1,-1
2186,17,664.4202270507812,514.33544921875,-1,-1,1,-1,-1,-1
2187,17,664.45751953125,521.582275390625,-1,-1,1,-1,-1,-1
2188,17,671.6857299804688,521.6614990234375,-1,-1,1,-1,-1,-1
2189,17,678.888671875,521.6375732421875,-1,-1,1,-1,-1,-1
2190,17,685.8477783203125,521.46875,-1,-1,1,-1,-1,-1
2191,17,700.209716796875,514.2918090820312,-1,-1,1,-1,-1,-1
2192,17,700.0841064453125,521.5416870117188,-1,-1,1,-1,-1,-1
2193,17,714.3944091796875,514.3500366210938,-1,-1,1,-1,-1,-1
2194,17,714.1632080078125,521.5537109375,-1,-1,1,-1,-1,-1
2195,17,721.36279296875,521.4383544921875,-1,-1,1,-1,-1,-1
2196,17,728.3370971679688,521.5105590820312,-1,-1,1,-1,-1,-1
2197,17,735.522705078125,521.468017578125,-1,-1,1,-1,-1,-1
2198,17,735.6434326171875,521.474853515625,-1,-1,1,-1,-1,-1
2199,17,742.66064453125,521.4658813476562,-1,-1,1,-1,-1,-1
2200,17,756.97216796875,514.2452392578125,-1,-1,1,-1,-1,-1
2201,17,756.8908081054688,514.3438110351562,-1,-1,1,-1,-1,-1
2202,17,763.9974365234375,514.2479858398438,-1,-1,1,-1,-1,-1
2203,17,778.1224365234375,514.3888549804688,-1,-1,1,-1,-1,-1
2204,17,785.4036865234375,514.2838745117188,-1,-1,1,-1,-1,-1
2205,17,792.4072875976562,514.33740234375,-1,-1,1,-1,-1,-1
2206,17,799.5015869140625,521.5892333984375,-1,-1,1,-1,-1,-1
2207,17,813.6524047851562,521.6430053710938,-1,-1,1,-1,-1,-1
2208,17,820.812255859375,521.4968872070312,-1,-1,1,-1,-1,-1
2209,17,834.9832153320312,521.360107421875,-1,-1,1,-1,-1,-1
2210,17,842.14306640625,528.5160522460938,-1,-1,1,-1,-1,-1
2211,17,856.3680419921875,528.6129150390625,-1,-1,1,-1,-1,-1
2212,17,870.5032958984375,528.4619750976562,-1,-1,1,-1,-1,-1
2213,17,884.7835693359375,535.7561645507812,-1,-1,1,-1,-1,-1
2214,17,899.0235595703125,535.6432495117188,-1,-1,1,-1,-1,-1
2215,17,913.22265625,542.7637939453125,-1,-1,1,-1,-1,-1
2216,17,927.5556640625,542.8138427734375,-1,-1,1,-1,-1,-1
2217,17,941.752197265625,542.6771240234375,-1,-1,1,-1,-1,-1
2218,17,955.9330444335938,542.8294677734375,-1,-1,1,-1,-1,-1
2219,17,963.11279296875,542.8128662109375,-1,-1,1,-1,-1,-1
2220,17,977.263427734375,542.7723999023438,-1,-1,1,-1,-1,-1
2221,17,991.5384521484375,542.8562622070312,-1,-1,1,-1,-1,-1
2222,17,991.614501953125,549.7615356445312,-1,-1,1,-1,-1,-1
2223,17,998.6365356445312,549.762451171875,-1,-1,1,-1,-1,-1
2224,17,1012.865478515625,556.8206787109375,-1,-1,1,-1,-1,-1
2225,17,1019.7935791015625,556.9600830078125,-1,-1,1,-1,-1,-1
2226,17,1034.0291748046875,564.0206909179688,-1,-1,1,-1,-1,-1
2227,17,1041.2506103515625,563.9208374023438,-1,-1,1,-1,-1,-1
2228,17,1062.539306640625,556.8916625976562,-1,-1,1,-1,-1,-1
2229,17,1076.739501953125,557.0100708007812,-1,-1,1,-1,-1,-1
2230,17,1091.019287109375,549.8731689453125,-1,-1,1,-1,-1,-1
2231,17,1105.197021484375,549.853759765625,-1,-1,1,-1,-1,-1
2232,17,1119.4217529296875,549.9517211914062,-1,-1,1,-1,-1,-1
2233,17,1133.641845703125,542.73388671875,-1,-1,1,-1,-1,-1
2234,17,1140.6884765625,535.5432739257812,-1,-1,1,-1,-1,-1
2235,17,1154.9210205078125,528.5093994140625,-1,-1,1,-1,-1,-1
2236,17,1161.953125,528.4757690429688,-1,-1,1,-1,-1,-1
2237,17,1161.9622802734375,528.5869750976562,-1,-1,1,-1,-1,-1
2238,17,1169.178466796875,528.6429443359375,-1,-1,1,-1,-1,-1
2239,17,1176.281005859375,528.6456909179688,-1,-1,1,-1,-1,-1
2240,17,1176.03466796875,528.6351318359375,-1,-1,1,-1,-1,-1
2241,17,1183.2327880859375,528.4691162109375,-1,-1,1,-1,-1,-1
2242,17,1190.432861328125,528.5234985351562,-1,-1,1,-1,-1,-1
2243,17,1190.58203125,535.712646484375,-1,-1,1,-1,-1,-1
2244,17,1197.661376953125,528.4119262695312,-1,-1,1,-1,-1,-1
2245,17,1204.8050537109375,528.5875244140625,-1,-1,1,-1,-1,-1
2246,17,1212.0377197265625,528.5582885742188,-1,-1,1,-1,-1,-1
2247,17,1211.81494140625,528.5157470703125,-1,-1,1,-1,-1,-1
2248,17,1211.7900390625,528.47998046875,-1,-1,1,-1,-1,-1
2249,17,1226.1051025390625,528.66015625,-1,-1,1,-1,-1,-1
2250,17,1233.080078125,528.8447875976562,-1,-1,1,-1,-1,-1
2251,17,1233.1007080078125,528.801513671875,-1,-1,1,-1,-1,-1
2252,17,1240.213134765625,528.7318115234375,-1,-1,1,-1,-1,-1
2253,17,1247.26708984375,528.7160034179688,-1,-1,1,-1,-1,-1
2254,17,1261.489501953125,528.8146362304688,-1,-1,1,-1,-1,-1
2255,17,1268.61083984375,528.855712890625,-1,-1,1,-1,-1,-1
2256,17,1282.936279296875,521.457275390625,-1,-1,1,-1,-1,-1
2257,17,1304.1771240234375,521.619873046875,-1,-1,1,-1,-1,-1
2258,17,1318.3663330078125,514.397705078125,-1,-1,1,-1,-1,-1
2259,17,1339.711181640625,507.1572265625,-1,-1,1,-1,-1,-1
2259,18,266.812255859375,1040.599853515625,-1,-1,1,-1,-1,-1
2260,17,1361.0211181640625,500.2781982421875,-1,-1,1,-1,-1,-1
2260,18,309.50848388671875,1026.087890625,-1,-1,1,-1,-1,-1
2261,17,1382.379638671875,493.1001892089844,-1,-1,1,-1,-1,-1
2261,18,359.024169921875,1019.2337646484375,-1,-1,1,-1,-1,-1
2262,17,1410.83935546875,486.13372802734375,-1,-1,1,-1,-1,-1
2262,18,409.0079650878906,1005.0033569335938,-1,-1,1,-1,-1,-1
2263,17,1432.079345703125,478.88372802734375,-1,-1,1,-1,-1,-1
2263,18,465.47784423828125,998.0020751953125,-1,-1,1,-1,-1,-1
2264,17,1460.551025390625,471.7055969238281,-1,-1,1,-1,-1,-1
2264,18,508.0859375,983.7626953125,-1,-1,1,-1,-1,-1
2265,17,1488.7586669921875,471.89886474609375,-1,-1,1,-1,-1,-1
2265,18,550.867919921875,969.387451171875,-1,-1,1,-1,-1,-1
2266,17,1517.1092529296875,464.74493408203125,-1,-1,1,-1,-1,-1
2266,18,600.7096557617188,962.330810546875,-1,-1,1,-1,-1,-1
2267,17,1552.707763671875,457.5829162597656,-1,-1,1,-1,-1,-1
2267,18,650.5147705078125,955.267333984375,-1,-1,1,-1,-1,-1
2268,17,1588.419189453125,450.4214172363281,-1,-1,1,-1,-1,-1
2268,18,700.0528564453125,948.2022705078125,-1,-1,1,-1,-1,-1
2269,17,1616.752197265625,443.4420166015625,-1,-1,1,-1,-1,-1
2269,18,742.85546875,941.068115234375,-1,-1,1,-1,-1,-1
2269,19,650.5087890625,813.0906982421875,-1,-1,1,-1,-1,-1
2270,17,1652.267578125,436.3779602050781,-1,-1,1,-1,-1,-1
2270,18,799.565185546875,934.04638671875,-1,-1,1,-1,-1,-1
2270,19,686.130126953125,805.7811889648438,-1,-1,1,-1,-1,-1
2271,17,1687.998291015625,429.1300048828125,-1,-1,1,-1,-1,-1
2271,18,849.3824462890625,926.809814453125,-1,-1,1,-1,-1,-1
2271,19,721.4940185546875,798.6965942382812,-1,-1,1,-1,-1,-1
2272,17,1723.09228515625,429.3384704589844,-1,-1,1,-1,-1,-1
2272,18,892.0015869140625,919.5260009765625,-1,-1,1,-1,-1,-1
2272,19,750.0499267578125,798.9705810546875,-1,-1,1,-1,-1,-1
2273,17,1758.7607421875,421.98187255859375,-1,-1,1,-1,-1,-1
2273,18,934.4720458984375,912.451904296875,-1,-1,1,-1,-1,-1
2273,19,785.4032592773438,791.7803344726562,-1,-1,1,-1,-1,-1
2273,20,46.364715576171875,777.5274047851562,-1,-1,1,-1,-1,-1
2274,17,1801.446533203125,414.95123291015625,-1,-1,1,-1,-1,-1
2274,18,991.4699096679688,905.2932739257812,-1,-1,1,-1,-1,-1
2274,19,820.8358154296875,784.6918334960938,-1,-1,1,-1,-1,-1
2274,20,96.25125122070312,763.2591552734375,-1,-1,1,-1,-1,-1
2275,17,1843.7261962890625,407.99566650390625,-1,-1,1,-1,-1,-1
2275,18,1041.2257080078125,905.6151733398438,-1,-1,1,-1,-1,-1
2275,19,856.3583984375,784.6936645507812,-1,-1,1,-1,-1,-1
2275,20,145.80882263183594,763.1617431640625,-1,-1,1,-1,-1,-1
2276,17,1865.60693359375,408.31951904296875,-1,-1,1,-1,-1,-1
2276,18,1090.973876953125,898.3914794921875,-1,-1,1,-1,-1,-1
2276,19,891.671875,777.7266845703125,-1,-1,1,-1,-1,-1
2276,20,195.48776245117188,756.0112915039062,-1,-1,1,-1,-1,-1
2277,18,1147.6982421875,898.537841796875,-1,-1,1,-1,-1,-1
2277,19,920.5306396484375,770.50732421875,-1,-1,1,-1,-1,-1
2277,20,238.10183715820312,748.8359375,-1,-1,1,-1,-1,-1
2278,18,1197.46240234375,891.2501220703125,-1,-1,1,-1,-1,-1
2278,19,963.1262817382812,770.55517578125,-1,-1,1,-1,-1,-1
2278,20,280.5011901855469,741.7594604492188,-1,-1,1,-1,-1,-1
2278,21,338.0980224609375,876.8648681640625,-1,-1,1,-1,-1,-1
2279,18,1254.420654296875,883.9674072265625,-1,-1,1,-1,-1,-1
2279,19,998.354248046875,763.4649047851562,-1,-1,1,-1,-1,-1
2279,20,323.5450439453125,741.7601928710938,-1,-1,1,-1,-1,-1
2279,21,387.47442626953125,877.3243408203125,-1,-1,1,-1,-1,-1
2280,18,1311.01171875,884.0680541992188,-1,-1,1,-1,-1,-1
2280,19,1033.9852294921875,756.3391723632812,-1,-1,1,-1,-1,-1
2280,20,366.1336669921875,734.7000732421875,-1,-1,1,-1,-1,-1
2280,21,430.4871826171875,869.918212890625,-1,-1,1,-1,-1,-1
2281,18,1360.8203125,876.9296875,-1,-1,1,-1,-1,-1
2281,19,1069.62060546875,756.5474243164062,-1,-1,1,-1,-1,-1
2281,20,408.74365234375,727.5392456054688,-1,-1,1,-1,-1,-1
2281,21,480.2456359863281,862.6458740234375,-1,-1,1,-1,-1,-1
2282,18,1417.79296875,877.1217651367188,-1,-1,1,-1,-1,-1
2282,19,1097.7955322265625,749.479736328125,-1,-1,1,-1,-1,-1
2282,20,451.2349853515625,727.5535888671875,-1,-1,1,-1,-1,-1
2282,21,522.4688110351562,862.835693359375,-1,-1,1,-1,-1,-1
2283,18,1467.361328125,870.3106689453125,-1,-1,1,-1,-1,-1
2283,19,1133.3653564453125,742.211669921875,-1,-1,1,-1,-1,-1
2283,20,486.700439453125,720.4864501953125,-1,-1,1,-1,-1,-1
2283,21,565.215087890625,855.6002807617188,-1,-1,1,-1,-1,-1
2284,18,1517.216796875,862.672607421875,-1,-1,1,-1,-1,-1
2284,19,1168.852783203125,742.2979125976562,-1,-1,1,-1,-1,-1
2284,20,522.30615234375,713.4283447265625,-1,-1,1,-1,-1,-1
2284,21,607.710205078125,855.80224609375,-1,-1,1,-1,-1,-1
2285,18,1574.1641845703125,862.4871826171875,-1,-1,1,-1,-1,-1
2285,19,1204.408447265625,742.37255859375,-1,-1,1,-1,-1,-1
2285,20,557.8221435546875,713.385986328125,-1,-1,1,-1,-1,-1
2285,21,650.6168212890625,848.37548828125,-1,-1,1,-1,-1,-1
2286,18,1623.834228515625,862.9425048828125,-1,-1,1,-1,-1,-1
2286,19,1225.58642578125,735.2958984375,-1,-1,1,-1,-1,-1
2286,20,586.24560546875,706.4181518554688,-1,-1,1,-1,-1,-1
2286,21,685.9737548828125,848.40625,-1,-1,1,-1,-1,-1
2287,18,1680.7542724609375,855.7947998046875,-1,-1,1,-1,-1,-1
2287,19,1261.1572265625,735.40869140625,-1,-1,1,-1,-1,-1
2287,20,614.8375244140625,706.3494873046875,-1,-1,1,-1,-1,-1
2287,21,728.4491577148438,848.515869140625,-1,-1,1,-1,-1,-1
2288,19,1282.609130859375,728.065673828125,-1,-1,1,-1,-1,-1
2288,20,643.1759033203125,699.2783203125,-1,-1,1,-1,-1,-1
2288,21,764.0404052734375,841.3994140625,-1,-1,1,-1,-1,-1
2289,19,1303.7734375,720.9364013671875,-1,-1,1,-1,-1,-1
2289,21,792.695556640625,834.223388671875,-1,-1,1,-1,-1,-1
2290,19,1318.22265625,721.1105346679688,-1,-1,1,-1,-1,-1
2290,20,699.9026489257812,692.066650390625,-1,-1,1,-1,-1,-1
2290,21,820.6454467773438,834.3934326171875,-1,-1,1,-1,-1,-1
2291,19,1339.587890625,713.906005859375,-1,-1,1,-1,-1,-1
2291,20,707.0482177734375,685.0320434570312,-1,-1,1,-1,-1,-1
2291,21,849.4149169921875,827.1214599609375,-1,-1,1,-1,-1,-1
2292,19,1353.66552734375,706.819091796875,-1,-1,1,-1,-1,-1
2292,20,735.3707275390625,677.954833984375,-1,-1,1,-1,-1,-1
2292,21,877.8978881835938,819.9819946289062,-1,-1,1,-1,-1,-1
2293,19,1368.0704345703125,699.661865234375,-1,-1,1,-1,-1,-1
2293,20,756.8212890625,670.734375,-1,-1,1,-1,-1,-1
2293,21,906.155517578125,819.8123168945312,-1,-1,1,-1,-1,-1
2294,19,1389.54345703125,699.5714111328125,-1,-1,1,-1,-1,-1
2294,20,799.5752563476562,670.866943359375,-1,-1,1,-1,-1,-1
2294,21,948.3909912109375,820.0760498046875,-1,-1,1,-1,-1,-1
2295,19,1403.790283203125,699.587158203125,-1,-1,1,-1,-1,-1
2295,20,820.9183349609375,670.7857055664062,-1,-1,1,-1,-1,-1
2295,21,984.2955322265625,812.67626953125,-1,-1,1,-1,-1,-1
2296,19,1410.6488037109375,692.3009033203125,-1,-1,1,-1,-1,-1
2296,20,842.2060546875,663.80126953125,-1,-1,1,-1,-1,-1
2296,21,1012.3240966796875,812.9864501953125,-1,-1,1,-1,-1,-1
2297,19,1424.791748046875,692.418212890625,-1,-1,1,-1,-1,-1
2297,20,863.3702392578125,656.4649047851562,-1,-1,1,-1,-1,-1
2297,21,1041.17626953125,805.6549072265625,-1,-1,1,-1,-1,-1
2298,19,1424.905029296875,685.2132568359375,-1,-1,1,-1,-1,-1
2298,20,884.6607666015625,656.490966796875,-1,-1,1,-1,-1,-1
2298,21,1069.767578125,798.507080078125,-1,-1,1,-1,-1,-1
2299,19,1424.91650390625,678.3519287109375,-1,-1,1,-1,-1,-1
2299,20,899.0162353515625,649.3951416015625,-1,-1,1,-1,-1,-1
2299,21,1090.697021484375,798.952392578125,-1,-1,1,-1,-1,-1
2300,19,1431.962890625,671.385009765625,-1,-1,1,-1,-1,-1
2300,20,913.01953125,649.42333984375,-1,-1,1,-1,-1,-1
2300,21,1119.293701171875,791.8314819335938,-1,-1,1,-1,-1,-1
2301,19,1438.9862060546875,664.1689453125,-1,-1,1,-1,-1,-1
2301,21,1140.712158203125,784.5086669921875,-1,-1,1,-1,-1,-1
2302,19,1438.9832763671875,656.9949340820312,-1,-1,1,-1,-1,-1
2302,21,1169.12548828125,777.2760620117188,-1,-1,1,-1,-1,-1
2303,19,1439.17431640625,649.76416015625,-1,-1,1,-1,-1,-1
2303,21,1190.200439453125,770.400634765625,-1,-1,1,-1,-1,-1
2304,19,1446.1778564453125,642.9259033203125,-1,-1,1,-1,-1,-1
2304,21,1204.6981201171875,755.9781494140625,-1,-1,1,-1,-1,-1
2305,20,998.5877075195312,613.8338623046875,-1,-1,1,-1,-1,-1
2305,21,1225.802734375,749.1287841796875,-1,-1,1,-1,-1,-1
2306,20,1019.9431762695312,606.74658203125,-1,-1,1,-1,-1,-1
2306,21,1240.294921875,734.7006225585938,-1,-1,1,-1,-1,-1
2307,20,1034.256103515625,599.565185546875,-1,-1,1,-1,-1,-1
2307,21,1261.4176025390625,727.8345336914062,-1,-1,1,-1,-1,-1
2308,20,1048.3167724609375,585.4335327148438,-1,-1,1,-1,-1,-1
2308,21,1275.80419921875,713.4172973632812,-1,-1,1,-1,-1,-1
2309,20,1069.701904296875,585.22607421875,-1,-1,1,-1,-1,-1
2309,21,1297.204833984375,706.22705078125,-1,-1,1,-1,-1,-1
2310,20,1083.9417724609375,578.2175903320312,-1,-1,1,-1,-1,-1
2310,21,1311.311767578125,706.4169921875,-1,-1,1,-1,-1,-1
2311,20,1112.44873046875,578.3298950195312,-1,-1,1,-1,-1,-1
2311,21,1332.41015625,706.494384765625,-1,-1,1,-1,-1,-1
2312,20,1140.9541015625,585.328857421875,-1,-1,1,-1,-1,-1
2312,21,1360.7403564453125,706.6408081054688,-1,-1,1,-1,-1,-1
2313,20,1169.05517578125,585.3687744140625,-1,-1,1,-1,-1,-1
2313,21,1389.2774658203125,706.5879516601562,-1,-1,1,-1,-1,-1
2314,20,1197.602294921875,585.23193359375,-1,-1,1,-1,-1,-1
2314,21,1417.802734375,706.5047607421875,-1,-1,1,-1,-1,-1
2315,20,1233.043212890625,585.392333984375,-1,-1,1,-1,-1,-1
2315,21,1453.369140625,706.5111694335938,-1,-1,1,-1,-1,-1
2316,20,1268.49658203125,585.3775024414062,-1,-1,1,-1,-1,-1
2317,20,1296.83837890625,592.4219970703125,-1,-1,1,-1,-1,-1
2318,20,1332.243896484375,599.5921020507812,-1,-1,1,-1,-1,-1
2319,20,1367.9151611328125,606.632080078125,-1,-1,1,-1,-1,-1
2320,20,1410.3291015625,606.6912841796875,-1,-1,1,-1,-1,-1
2320,21,1638.2796630859375,720.4656982421875,-1,-1,1,-1,-1,-1
2321,20,1467.5408935546875,642.425048828125,-1,-1,1,-1,-1,-1
2321,21,1687.892578125,727.682861328125,-1,-1,1,-1,-1,-1
2322,20,1510.0074462890625,621.0308227539062,-1,-1,1,-1,-1,-1
2323,20,1559.6441650390625,628.178955078125,-1,-1,1,-1,-1,-1
2324,20,1616.4927978515625,628.1190795898438,-1,-1,1,-1,-1,-1
2325,20,1673.33349609375,635.2973022460938,-1,-1,1,-1,-1,-1
2326,20,1730.34619140625,635.39990234375,-1,-1,1,-1,-1,-1
2327,20,1787.1756591796875,642.6077270507812,-1,-1,1,-1,-1,-1
2328,20,1844.01416015625,649.7119750976562,-1,-1,1,-1,-1,-1
2329,20,1879.80322265625,642.3729248046875,-1,-1,1,-1,-1,-1
2923,22,181.22738647460938,586.1982421875,-1,-1,1,-1,-1,-1
2927,22,174.13539123535156,600.2470703125,-1,-1,1,-1,-1,-1
2928,22,181.21432495117188,600.2686767578125,-1,-1,1,-1,-1,-1
2929,22,181.13900756835938,600.3904418945312,-1,-1,1,-1,-1,-1
2930,22,188.3023681640625,607.384765625,-1,-1,1,-1,-1,-1
2931,22,188.38369750976562,614.5925903320312,-1,-1,1,-1,-1,-1
2932,22,195.41729736328125,614.56689453125,-1,-1,1,-1,-1,-1
2933,22,202.5535888671875,621.7648315429688,-1,-1,1,-1,-1,-1
2934,22,216.8074951171875,628.8511962890625,-1,-1,1,-1,-1,-1
2935,22,230.89089965820312,628.7627563476562,-1,-1,1,-1,-1,-1
2936,22,252.36215209960938,635.7581787109375,-1,-1,1,-1,-1,-1
2937,22,266.7055358886719,643.0750122070312,-1,-1,1,-1,-1,-1
2938,22,287.85528564453125,642.8399047851562,-1,-1,1,-1,-1,-1
2939,22,309.329833984375,650.1143798828125,-1,-1,1,-1,-1,-1
2940,22,330.5594177246094,649.987060546875,-1,-1,1,-1,-1,-1
2941,22,351.8711242675781,657.216796875,-1,-1,1,-1,-1,-1
2942,22,373.1986999511719,664.165283203125,-1,-1,1,-1,-1,-1
2943,22,394.37982177734375,671.366455078125,-1,-1,1,-1,-1,-1
2944,22,422.8514404296875,671.091796875,-1,-1,1,-1,-1,-1
2945,22,437.0035400390625,678.2069091796875,-1,-1,1,-1,-1,-1
2946,22,458.4404296875,678.3834228515625,-1,-1,1,-1,-1,-1
2947,22,479.7605895996094,685.3949584960938,-1,-1,1,-1,-1,-1
2948,22,501.18267822265625,685.41455078125,-1,-1,1,-1,-1,-1
2949,22,515.3690185546875,685.4068603515625,-1,-1,1,-1,-1,-1
2950,22,536.6693115234375,685.3763427734375,-1,-1,1,-1,-1,-1
2951,22,550.6419067382812,692.4351806640625,-1,-1,1,-1,-1,-1
2952,22,572.1217041015625,692.4757080078125,-1,-1,1,-1,-1,-1
2953,22,593.5528564453125,685.2581787109375,-1,-1,1,-1,-1,-1
2954,22,607.8762817382812,685.7984619140625,-1,-1,1,-1,-1,-1
2955,22,629.0794677734375,685.5401611328125,-1,-1,1,-1,-1,-1
2956,22,643.2957763671875,685.6898193359375,-1,-1,1,-1,-1,-1
2957,22,657.4954223632812,685.50439453125,-1,-1,1,-1,-1,-1
2958,22,678.8497924804688,678.5474853515625,-1,-1,1,-1,-1,-1
2959,22,693.1019287109375,678.4501342773438,-1,-1,1,-1,-1,-1
2960,22,714.5550537109375,671.249755859375,-1,-1,1,-1,-1,-1
2961,22,728.608642578125,671.2835693359375,-1,-1,1,-1,-1,-1
2962,22,742.7232055664062,671.309814453125,-1,-1,1,-1,-1,-1
2963,22,764.0706787109375,664.501220703125,-1,-1,1,-1,-1,-1
2964,22,778.2772827148438,664.2259521484375,-1,-1,1,-1,-1,-1
2965,22,799.815185546875,657.3323974609375,-1,-1,1,-1,-1,-1
2966,22,820.9828491210938,657.14794921875,-1,-1,1,-1,-1,-1
2967,22,842.2891845703125,650.0144653320312,-1,-1,1,-1,-1,-1
2968,22,863.72705078125,642.900634765625,-1,-1,1,-1,-1,-1
2969,22,884.8538208007812,642.939453125,-1,-1,1,-1,-1,-1
2969,23,46.4527587890625,699.4563598632812,-1,-1,1,-1,-1,-1
2970,22,898.9564208984375,642.8466796875,-1,-1,1,-1,-1,-1
2970,23,60.448944091796875,699.5982666015625,-1,-1,1,-1,-1,-1
2971,22,920.47021484375,635.9308471679688,-1,-1,1,-1,-1,-1
2971,23,74.773193359375,699.5572509765625,-1,-1,1,-1,-1,-1
2972,22,941.6343383789062,635.6531982421875,-1,-1,1,-1,-1,-1
2972,23,88.9088134765625,692.469970703125,-1,-1,1,-1,-1,-1
2973,22,955.841552734375,635.6188354492188,-1,-1,1,-1,-1,-1
2973,23,103.19366455078125,692.387451171875,-1,-1,1,-1,-1,-1
2974,22,977.3596801757812,628.7222900390625,-1,-1,1,-1,-1,-1
2974,23,117.39720916748047,685.4083251953125,-1,-1,1,-1,-1,-1
2975,22,998.6099853515625,628.7073364257812,-1,-1,1,-1,-1,-1
2975,23,124.38157653808594,685.4315185546875,-1,-1,1,-1,-1,-1
2976,22,1012.7100830078125,628.8570556640625,-1,-1,1,-1,-1,-1
2976,23,138.71746826171875,685.6590576171875,-1,-1,1,-1,-1,-1
2977,22,1034.0081787109375,628.6107788085938,-1,-1,1,-1,-1,-1
2977,23,145.783447265625,685.7221069335938,-1,-1,1,-1,-1,-1
2978,22,1048.254150390625,628.5948486328125,-1,-1,1,-1,-1,-1
2978,23,159.96942138671875,685.5806274414062,-1,-1,1,-1,-1,-1
2979,22,1069.5650634765625,628.5535888671875,-1,-1,1,-1,-1,-1
2979,23,174.23184204101562,685.438720703125,-1,-1,1,-1,-1,-1
2980,22,1090.876708984375,628.6847534179688,-1,-1,1,-1,-1,-1
2980,23,181.40228271484375,678.372802734375,-1,-1,1,-1,-1,-1
2981,22,1112.284423828125,621.58642578125,-1,-1,1,-1,-1,-1
2981,23,202.82485961914062,678.294677734375,-1,-1,1,-1,-1,-1
2982,22,1126.427734375,621.72802734375,-1,-1,1,-1,-1,-1
2982,23,216.97459411621094,678.4756469726562,-1,-1,1,-1,-1,-1
2983,22,1154.906005859375,621.6435546875,-1,-1,1,-1,-1,-1
2983,23,238.25,678.340087890625,-1,-1,1,-1,-1,-1
2983,24,39.20362854003906,628.4413452148438,-1,-1,1,-1,-1,-1
2984,22,1176.1832275390625,621.7268676757812,-1,-1,1,-1,-1,-1
2984,23,252.49794006347656,678.0477294921875,-1,-1,1,-1,-1,-1
2984,24,60.439483642578125,628.3873291015625,-1,-1,1,-1,-1,-1
2985,22,1204.643798828125,621.6408081054688,-1,-1,1,-1,-1,-1
2985,23,273.828125,671.2803955078125,-1,-1,1,-1,-1,-1
2985,24,81.8565673828125,621.19580078125,-1,-1,1,-1,-1,-1
2986,22,1225.955322265625,621.6751708984375,-1,-1,1,-1,-1,-1
2986,23,295.04949951171875,671.5126342773438,-1,-1,1,-1,-1,-1
2986,24,96.05745697021484,621.1756591796875,-1,-1,1,-1,-1,-1
2987,22,1247.15625,621.385009765625,-1,-1,1,-1,-1,-1
2987,23,316.40582275390625,671.1097412109375,-1,-1,1,-1,-1,-1
2987,24,117.39137268066406,614.1905517578125,-1,-1,1,-1,-1,-1
2988,22,1275.514892578125,621.249755859375,-1,-1,1,-1,-1,-1
2988,23,337.6937255859375,664.2169189453125,-1,-1,1,-1,-1,-1
2988,24,138.55377197265625,614.3931884765625,-1,-1,1,-1,-1,-1
2989,22,1304.267822265625,614.229736328125,-1,-1,1,-1,-1,-1
2989,23,358.9629211425781,664.3018798828125,-1,-1,1,-1,-1,-1
2989,24,159.92208862304688,614.4351806640625,-1,-1,1,-1,-1,-1
2990,22,1325.3621826171875,621.3321533203125,-1,-1,1,-1,-1,-1
2990,23,380.33062744140625,657.06103515625,-1,-1,1,-1,-1,-1
2990,24,181.3433074951172,614.4190673828125,-1,-1,1,-1,-1,-1
2991,22,1353.840576171875,621.4706420898438,-1,-1,1,-1,-1,-1
2991,23,401.692138671875,657.119873046875,-1,-1,1,-1,-1,-1
2991,24,202.63958740234375,607.2157592773438,-1,-1,1,-1,-1,-1
2992,22,1375.203857421875,621.5013427734375,-1,-1,1,-1,-1,-1
2992,23,422.9569396972656,657.1214599609375,-1,-1,1,-1,-1,-1
2992,24,223.91912841796875,607.263427734375,-1,-1,1,-1,-1,-1
2993,22,1403.52978515625,628.4495849609375,-1,-1,1,-1,-1,-1
2993,23,444.35748291015625,664.0728759765625,-1,-1,1,-1,-1,-1
2993,24,245.28643798828125,607.2561645507812,-1,-1,1,-1,-1,-1
2994,22,1432.10791015625,628.4799194335938,-1,-1,1,-1,-1,-1
2994,23,465.6607360839844,664.0787353515625,-1,-1,1,-1,-1,-1
2994,24,266.57171630859375,614.3905029296875,-1,-1,1,-1,-1,-1
2995,22,1453.2490234375,635.4095458984375,-1,-1,1,-1,-1,-1
2995,23,486.9127197265625,664.174560546875,-1,-1,1,-1,-1,-1
2995,24,287.9559326171875,607.2569580078125,-1,-1,1,-1,-1,-1
2996,22,1481.820068359375,635.6651000976562,-1,-1,1,-1,-1,-1
2996,23,508.2524108886719,664.1668701171875,-1,-1,1,-1,-1,-1
2996,24,302.1422424316406,614.26220703125,-1,-1,1,-1,-1,-1
2997,22,1503.065185546875,642.519287109375,-1,-1,1,-1,-1,-1
2997,23,529.6591796875,664.291015625,-1,-1,1,-1,-1,-1
2997,24,323.401123046875,614.4390258789062,-1,-1,1,-1,-1,-1
2998,22,1531.62841796875,642.6759033203125,-1,-1,1,-1,-1,-1
2998,23,543.8836059570312,671.2884521484375,-1,-1,1,-1,-1,-1
2998,24,344.72479248046875,614.3853149414062,-1,-1,1,-1,-1,-1
2999,22,1552.85595703125,649.6069946289062,-1,-1,1,-1,-1,-1
2999,23,565.20703125,671.4052734375,-1,-1,1,-1,-1,-1
2999,24,359.15032958984375,621.392333984375,-1,-1,1,-1,-1,-1
3000,22,1581.2119140625,656.860595703125,-1,-1,1,-1,-1,-1
3000,23,586.705810546875,671.3070068359375,-1,-1,1,-1,-1,-1
3000,24,380.2440490722656,621.3507080078125,-1,-1,1,-1,-1,-1
3001,22,1602.63525390625,656.9451293945312,-1,-1,1,-1,-1,-1
3001,23,600.63623046875,678.2349853515625,-1,-1,1,-1,-1,-1
3001,24,394.4141845703125,621.419189453125,-1,-1,1,-1,-1,-1
3002,22,1631.0103759765625,664.2357177734375,-1,-1,1,-1,-1,-1
3002,23,622.0828857421875,678.6166381835938,-1,-1,1,-1,-1,-1
3002,24,415.8536376953125,628.48291015625,-1,-1,1,-1,-1,-1
3003,22,1659.4053955078125,664.0696411132812,-1,-1,1,-1,-1,-1
3003,23,643.539306640625,678.55615234375,-1,-1,1,-1,-1,-1
3003,24,437.1913146972656,628.4029541015625,-1,-1,1,-1,-1,-1
3004,22,1687.705810546875,671.2349853515625,-1,-1,1,-1,-1,-1
3004,23,664.819580078125,678.4776611328125,-1,-1,1,-1,-1,-1
3004,24,451.35382080078125,628.502197265625,-1,-1,1,-1,-1,-1
3005,22,1716.2213134765625,671.365234375,-1,-1,1,-1,-1,-1
3005,23,685.9534301757812,678.4833984375,-1,-1,1,-1,-1,-1
3005,24,472.69598388671875,628.535888671875,-1,-1,1,-1,-1,-1
3006,22,1744.591064453125,671.2706298828125,-1,-1,1,-1,-1,-1
3006,23,707.2617797851562,685.43017578125,-1,-1,1,-1,-1,-1
3006,24,494.12786865234375,628.5086669921875,-1,-1,1,-1,-1,-1
3007,22,1765.8487548828125,671.1917114257812,-1,-1,1,-1,-1,-1
3007,23,721.5694580078125,685.5850830078125,-1,-1,1,-1,-1,-1
3007,24,508.23828125,628.491943359375,-1,-1,1,-1,-1,-1
3008,22,1794.343994140625,671.1759643554688,-1,-1,1,-1,-1,-1
3008,23,742.8248291015625,685.57177734375,-1,-1,1,-1,-1,-1
3008,24,522.442626953125,628.4937744140625,-1,-1,1,-1,-1,-1
3009,22,1822.808349609375,671.2825927734375,-1,-1,1,-1,-1,-1
3009,23,764.1320190429688,685.373291015625,-1,-1,1,-1,-1,-1
3009,24,543.7863159179688,635.6669921875,-1,-1,1,-1,-1,-1
3010,22,1843.9969482421875,678.1925048828125,-1,-1,1,-1,-1,-1
3010,23,778.2850952148438,692.6278686523438,-1,-1,1,-1,-1,-1
3010,24,557.9652099609375,635.6309814453125,-1,-1,1,-1,-1,-1
3011,22,1879.387451171875,678.1170043945312,-1,-1,1,-1,-1,-1
3011,23,799.6375732421875,692.776123046875,-1,-1,1,-1,-1,-1
3011,24,572.314453125,642.7725830078125,-1,-1,1,-1,-1,-1
3012,23,820.98193359375,699.6983032226562,-1,-1,1,-1,-1,-1
3012,24,593.4824829101562,642.787109375,-1,-1,1,-1,-1,-1
3013,23,842.3133544921875,699.5360107421875,-1,-1,1,-1,-1,-1
3013,24,614.8265380859375,642.80615234375,-1,-1,1,-1,-1,-1
3014,23,870.7152709960938,692.63623046875,-1,-1,1,-1,-1,-1
3014,24,636.24755859375,642.8795166015625,-1,-1,1,-1,-1,-1
3015,23,891.982421875,692.6576538085938,-1,-1,1,-1,-1,-1
3015,24,650.427490234375,635.541259765625,-1,-1,1,-1,-1,-1
3016,23,906.142333984375,692.6077880859375,-1,-1,1,-1,-1,-1
3016,24,671.6941528320312,635.548583984375,-1,-1,1,-1,-1,-1
3017,23,927.4200439453125,692.3638916015625,-1,-1,1,-1,-1,-1
3017,24,685.932373046875,635.6124267578125,-1,-1,1,-1,-1,-1
3018,23,948.9306640625,685.5052490234375,-1,-1,1,-1,-1,-1
3018,24,707.2067260742188,635.6590576171875,-1,-1,1,-1,-1,-1
3019,23,963.0262451171875,685.3184814453125,-1,-1,1,-1,-1,-1
3019,24,721.5289306640625,635.5975341796875,-1,-1,1,-1,-1,-1
3020,23,977.3111572265625,678.4002685546875,-1,-1,1,-1,-1,-1
3020,24,728.5892333984375,628.4969482421875,-1,-1,1,-1,-1,-1
3021,23,991.5003051757812,678.489990234375,-1,-1,1,-1,-1,-1
3021,24,742.8101806640625,628.497314453125,-1,-1,1,-1,-1,-1
3022,23,998.625,678.3873291015625,-1,-1,1,-1,-1,-1
3022,24,750.03466796875,628.4954833984375,-1,-1,1,-1,-1,-1
3023,23,1012.855224609375,671.2330932617188,-1,-1,1,-1,-1,-1
3023,24,757.067626953125,621.3504638671875,-1,-1,1,-1,-1,-1
3024,23,1027.124755859375,671.3248291015625,-1,-1,1,-1,-1,-1
3024,24,771.2597045898438,621.3753662109375,-1,-1,1,-1,-1,-1
3025,23,1041.193603515625,678.3870849609375,-1,-1,1,-1,-1,-1
3025,24,778.4520263671875,628.4071044921875,-1,-1,1,-1,-1,-1
3026,23,1048.346923828125,678.538818359375,-1,-1,1,-1,-1,-1
3026,24,792.5916748046875,628.608642578125,-1,-1,1,-1,-1,-1
3027,23,1055.4539794921875,685.459228515625,-1,-1,1,-1,-1,-1
3027,24,799.7218017578125,635.5441284179688,-1,-1,1,-1,-1,-1
3028,23,1069.5382080078125,685.4932861328125,-1,-1,1,-1,-1,-1
3028,24,799.6805419921875,635.588134765625,-1,-1,1,-1,-1,-1
3029,23,1069.639892578125,685.4915771484375,-1,-1,1,-1,-1,-1
3029,24,806.7527465820312,635.681884765625,-1,-1,1,-1,-1,-1
3030,23,1076.6502685546875,685.4920043945312,-1,-1,1,-1,-1,-1
3030,24,806.8134765625,635.60302734375,-1,-1,1,-1,-1,-1
3031,23,1083.84716796875,692.615966796875,-1,-1,1,-1,-1,-1
3031,24,813.9530029296875,635.5950317382812,-1,-1,1,-1,-1,-1
3032,23,1090.95166015625,692.609130859375,-1,-1,1,-1,-1,-1
3032,24,821.0078125,642.6543579101562,-1,-1,1,-1,-1,-1
3033,23,1090.92041015625,699.8140258789062,-1,-1,1,-1,-1,-1
3033,24,828.1287841796875,642.7189331054688,-1,-1,1,-1,-1,-1
3034,23,1098.074951171875,699.6991577148438,-1,-1,1,-1,-1,-1
3034,24,828.118408203125,642.6976318359375,-1,-1,1,-1,-1,-1
3035,23,1105.12548828125,699.7216796875,-1,-1,1,-1,-1,-1
3035,24,835.1585693359375,642.7406005859375,-1,-1,1,-1,-1,-1
3036,23,1112.1776123046875,699.7545166015625,-1,-1,1,-1,-1,-1
3036,24,842.3956298828125,642.8085327148438,-1,-1,1,-1,-1,-1
3037,23,1126.3212890625,699.7230224609375,-1,-1,1,-1,-1,-1
3037,24,849.47119140625,642.633056640625,-1,-1,1,-1,-1,-1
3038,23,1133.5517578125,699.717529296875,-1,-1,1,-1,-1,-1
3038,24,863.6893310546875,642.7115478515625,-1,-1,1,-1,-1,-1
3039,23,1147.77587890625,699.626708984375,-1,-1,1,-1,-1,-1
3039,24,877.91748046875,642.7115478515625,-1,-1,1,-1,-1,-1
3040,23,1154.868408203125,699.387451171875,-1,-1,1,-1,-1,-1
3040,24,885.0626220703125,642.6746215820312,-1,-1,1,-1,-1,-1
3041,23,1169.121826171875,699.6572875976562,-1,-1,1,-1,-1,-1
3041,24,899.23046875,642.7913208007812,-1,-1,1,-1,-1,-1
3042,23,1183.316650390625,699.6962280273438,-1,-1,1,-1,-1,-1
3042,24,913.4315185546875,642.81787109375,-1,-1,1,-1,-1,-1
3043,23,1204.62255859375,699.753662109375,-1,-1,1,-1,-1,-1
3043,24,934.659912109375,642.8318481445312,-1,-1,1,-1,-1,-1
3044,23,1225.86865234375,699.7515258789062,-1,-1,1,-1,-1,-1
3044,24,956.0899047851562,642.809326171875,-1,-1,1,-1,-1,-1
3045,23,1247.2657470703125,699.7438354492188,-1,-1,1,-1,-1,-1
3045,24,977.294189453125,642.834716796875,-1,-1,1,-1,-1,-1
3046,23,1268.6474609375,699.785888671875,-1,-1,1,-1,-1,-1
3046,24,998.6522827148438,642.863525390625,-1,-1,1,-1,-1,-1
3047,23,1297.0218505859375,699.576904296875,-1,-1,1,-1,-1,-1
3047,24,1019.9480590820312,642.8367919921875,-1,-1,1,-1,-1,-1
3048,23,1318.330810546875,692.7088623046875,-1,-1,1,-1,-1,-1
3048,24,1048.3837890625,642.9150390625,-1,-1,1,-1,-1,-1
3049,23,1346.755126953125,692.6544189453125,-1,-1,1,-1,-1,-1
3049,24,1076.88623046875,642.868896484375,-1,-1,1,-1,-1,-1
3050,23,1375.072998046875,685.4937744140625,-1,-1,1,-1,-1,-1
3050,24,1098.081787109375,635.714599609375,-1,-1,1,-1,-1,-1
3051,23,1403.6395263671875,685.59716796875,-1,-1,1,-1,-1,-1
3051,24,1126.51318359375,635.6478271484375,-1,-1,1,-1,-1,-1
3052,23,1432.0218505859375,678.4351806640625,-1,-1,1,-1,-1,-1
3052,24,1154.91162109375,628.6234130859375,-1,-1,1,-1,-1,-1
3053,23,1460.42333984375,678.4417724609375,-1,-1,1,-1,-1,-1
3053,24,1183.3369140625,621.492431640625,-1,-1,1,-1,-1,-1
3054,23,1488.77734375,671.244384765625,-1,-1,1,-1,-1,-1
3054,24,1211.8577880859375,621.6278686523438,-1,-1,1,-1,-1,-1
3055,23,1517.0810546875,671.2818603515625,-1,-1,1,-1,-1,-1
3055,24,1240.326171875,621.6241455078125,-1,-1,1,-1,-1,-1
3056,23,1552.63330078125,664.1746215820312,-1,-1,1,-1,-1,-1
3056,24,1268.508544921875,614.4190673828125,-1,-1,1,-1,-1,-1
3057,23,1581.12646484375,664.1549072265625,-1,-1,1,-1,-1,-1
3057,24,1297.0218505859375,614.4785766601562,-1,-1,1,-1,-1,-1
3058,23,1609.5150146484375,671.2752685546875,-1,-1,1,-1,-1,-1
3058,24,1318.331298828125,614.4781494140625,-1,-1,1,-1,-1,-1
3059,23,1637.982421875,671.3108520507812,-1,-1,1,-1,-1,-1
3059,24,1346.852294921875,621.6397705078125,-1,-1,1,-1,-1,-1
3060,23,1666.2841796875,671.1636962890625,-1,-1,1,-1,-1,-1
3060,24,1375.231201171875,621.68408203125,-1,-1,1,-1,-1,-1
3061,24,1403.597412109375,621.633056640625,-1,-1,1,-1,-1,-1
3062,23,1723.142578125,678.4439086914062,-1,-1,1,-1,-1,-1
3062,24,1424.947998046875,621.6224365234375,-1,-1,1,-1,-1,-1
3063,24,1453.3330078125,621.5181884765625,-1,-1,1,-1,-1,-1
3064,23,1787.1083984375,678.4216918945312,-1,-1,1,-1,-1,-1
3064,24,1481.7794189453125,628.857666015625,-1,-1,1,-1,-1,-1
3065,23,1822.494140625,685.3318481445312,-1,-1,1,-1,-1,-1
3065,24,1510.139892578125,628.8023681640625,-1,-1,1,-1,-1,-1
3066,23,1850.722412109375,685.4806518554688,-1,-1,1,-1,-1,-1
3066,24,1538.5537109375,628.654541015625,-1,-1,1,-1,-1,-1
3067,24,1566.979248046875,628.4820556640625,-1,-1,1,-1,-1,-1
3068,24,1595.4945068359375,635.8655395507812,-1,-1,1,-1,-1,-1
3069,24,1623.913330078125,635.7979125976562,-1,-1,1,-1,-1,-1
3070,24,1652.24169921875,635.6318359375,-1,-1,1,-1,-1,-1
3071,24,1680.689208984375,642.833251953125,-1,-1,1,-1,-1,-1
3072,24,1709.0322265625,642.8831787109375,-1,-1,1,-1,-1,-1
3073,24,1730.41259765625,642.6265869140625,-1,-1,1,-1,-1,-1
3074,24,1758.78515625,642.525146484375,-1,-1,1,-1,-1,-1
3075,24,1780.0997314453125,649.9337158203125,-1,-1,1,-1,-1,-1
3076,24,1801.390869140625,649.8633422851562,-1,-1,1,-1,-1,-1
3077,24,1829.87744140625,649.7515869140625,-1,-1,1,-1,-1,-1
3078,24,1851.1334228515625,657.166259765625,-1,-1,1,-1,-1,-1
3079,24,1872.4013671875,656.9227294921875,-1,-1,1,-1,-1,-1
3121,25,125.20089721679688,549.5994262695312,-1,-1,1,-1,-1,-1
3127,25,224.63235473632812,542.4976806640625,-1,-1,1,-1,-1,-1
3129,25,267.24755859375,542.3756713867188,-1,-1,1,-1,-1,-1
3145,25,551.0187377929688,620.7091064453125,-1,-1,1,-1,-1,-1
3146,25,572.2293701171875,627.844970703125,-1,-1,1,-1,-1,-1
3147,25,593.5546875,634.911376953125,-1,-1,1,-1,-1,-1
3148,25,614.7230834960938,607.0029296875,-1,-1,1,-1,-1,-1
3149,25,629.103271484375,606.7957763671875,-1,-1,1,-1,-1,-1
3150,25,650.3890380859375,614.0299072265625,-1,-1,1,-1,-1,-1
3151,25,664.4163818359375,606.7272338867188,-1,-1,1,-1,-1,-1
3153,25,679.0806884765625,614.3699951171875,-1,-1,1,-1,-1,-1
3154,25,714.2227783203125,635.201171875,-1,-1,1,-1,-1,-1
3155,25,742.677001953125,635.1912841796875,-1,-1,1,-1,-1,-1
3156,25,749.823974609375,607.5293579101562,-1,-1,1,-1,-1,-1
3157,25,771.3916015625,600.2303466796875,-1,-1,1,-1,-1,-1
3158,25,813.541259765625,600.125244140625,-1,-1,1,-1,-1,-1
3159,25,827.914306640625,600.2533569335938,-1,-1,1,-1,-1,-1
3160,25,856.406494140625,593.1444702148438,-1,-1,1,-1,-1,-1
3161,25,884.7935180664062,593.1363525390625,-1,-1,1,-1,-1,-1
3162,25,906.3244018554688,593.257080078125,-1,-1,1,-1,-1,-1
3163,25,927.487548828125,593.1717529296875,-1,-1,1,-1,-1,-1
3164,25,948.9436645507812,586.085693359375,-1,-1,1,-1,-1,-1
3167,25,1005.7564697265625,579.0714111328125,-1,-1,1,-1,-1,-1
3168,25,1019.7532348632812,572.0755615234375,-1,-1,1,-1,-1,-1
3169,25,1041.072021484375,571.918212890625,-1,-1,1,-1,-1,-1
3170,25,1055.409912109375,564.896484375,-1,-1,1,-1,-1,-1
3171,25,1076.6605224609375,557.7086181640625,-1,-1,1,-1,-1,-1
3172,25,1090.4322509765625,529.2618408203125,-1,-1,1,-1,-1,-1
3173,25,1112.12646484375,557.763916015625,-1,-1,1,-1,-1,-1
3174,25,1126.46435546875,557.7984619140625,-1,-1,1,-1,-1,-1
3175,25,1140.6285400390625,557.6386108398438,-1,-1,1,-1,-1,-1
3176,25,1161.842041015625,557.6019287109375,-1,-1,1,-1,-1,-1
3177,25,1197.504638671875,557.7132568359375,-1,-1,1,-1,-1,-1
3178,25,1226.09423828125,550.7855834960938,-1,-1,1,-1,-1,-1
3179,25,1261.591064453125,550.6561889648438,-1,-1,1,-1,-1,-1
3180,25,1303.99462890625,514.8565673828125,-1,-1,1,-1,-1,-1
3181,25,1346.417724609375,508.02978515625,-1,-1,1,-1,-1,-1
3182,25,1389.5048828125,536.4942016601562,-1,-1,1,-1,-1,-1
3183,25,1439.056884765625,493.51751708984375,-1,-1,1,-1,-1,-1
3184,25,1495.98828125,486.44805908203125,-1,-1,1,-1,-1,-1
3185,25,1546.04833984375,515.131591796875,-1,-1,1,-1,-1,-1
3186,25,1602.5765380859375,514.9544067382812,-1,-1,1,-1,-1,-1
3187,25,1666.9022216796875,507.8865966796875,-1,-1,1,-1,-1,-1
3188,25,1730.65478515625,507.7841796875,-1,-1,1,-1,-1,-1
3189,25,1794.4461669921875,500.76165771484375,-1,-1,1,-1,-1,-1
3190,25,1858.1884765625,500.72784423828125,-1,-1,1,-1,-1,-1
