114,1,209.87445068359375,734.765869140625,-1,-1,1,-1,-1,-1
123,1,423.1119689941406,706.444091796875,-1,-1,1,-1,-1,-1
125,1,465.78955078125,699.2525634765625,-1,-1,1,-1,-1,-1
126,1,487.0638427734375,699.3008422851562,-1,-1,1,-1,-1,-1
127,1,508.4400634765625,699.2413330078125,-1,-1,1,-1,-1,-1
128,1,529.6148681640625,699.40478515625,-1,-1,1,-1,-1,-1
129,1,550.8079833984375,706.2147216796875,-1,-1,1,-1,-1,-1
130,1,565.0706787109375,706.3739013671875,-1,-1,1,-1,-1,-1
131,1,586.4472045898438,706.3941650390625,-1,-1,1,-1,-1,-1
132,1,600.67431640625,706.4268798828125,-1,-1,1,-1,-1,-1
133,1,614.8035278320312,699.4518432617188,-1,-1,1,-1,-1,-1
134,1,621.762451171875,692.05810546875,-1,-1,1,-1,-1,-1
135,1,636.006591796875,691.783447265625,-1,-1,1,-1,-1,-1
136,1,657.3345947265625,684.7581787109375,-1,-1,1,-1,-1,-1
137,1,671.4622802734375,684.774169921875,-1,-1,1,-1,-1,-1
138,1,678.5478515625,684.809326171875,-1,-1,1,-1,-1,-1
139,1,692.8154296875,684.8511962890625,-1,-1,1,-1,-1,-1
140,1,699.768798828125,677.7733154296875,-1,-1,1,-1,-1,-1
141,1,706.8883666992188,677.7509155273438,-1,-1,1,-1,-1,-1
142,1,706.99951171875,677.65234375,-1,-1,1,-1,-1,-1
143,1,714.15087890625,684.7994384765625,-1,-1,1,-1,-1,-1
144,1,713.9000244140625,684.704345703125,-1,-1,1,-1,-1,-1
145,1,713.7774047851562,692.153564453125,-1,-1,1,-1,-1,-1
146,1,713.9262084960938,699.1864013671875,-1,-1,1,-1,-1,-1
147,1,713.8016967773438,706.4490966796875,-1,-1,1,-1,-1,-1
148,1,713.7857055664062,713.5498046875,-1,-1,1,-1,-1,-1
149,1,713.8575439453125,713.518310546875,-1,-1,1,-1,-1,-1
150,1,713.8993530273438,720.6414794921875,-1,-1,1,-1,-1,-1
151,1,714.090576171875,720.626953125,-1,-1,1,-1,-1,-1
152,1,714.1422119140625,720.694091796875,-1,-1,1,-1,-1,-1
153,1,714.1424560546875,727.6337890625,-1,-1,1,-1,-1,-1
154,1,714.3228759765625,727.71533203125,-1,-1,1,-1,-1,-1
155,1,707.2711181640625,734.5821533203125,-1,-1,1,-1,-1,-1
156,1,707.176513671875,734.8037109375,-1,-1,1,-1,-1,-1
157,1,707.2374267578125,741.9146728515625,-1,-1,1,-1,-1,-1
158,1,707.1072998046875,742.0677490234375,-1,-1,1,-1,-1,-1
159,1,714.2305297851562,749.135498046875,-1,-1,1,-1,-1,-1
160,1,714.349609375,749.1112060546875,-1,-1,1,-1,-1,-1
161,1,721.496826171875,749.17138671875,-1,-1,1,-1,-1,-1
162,1,728.669677734375,756.2255859375,-1,-1,1,-1,-1,-1
163,1,742.7877197265625,763.3519287109375,-1,-1,1,-1,-1,-1
164,1,749.7570190429688,763.491455078125,-1,-1,1,-1,-1,-1
165,1,764.0216674804688,770.7357177734375,-1,-1,1,-1,-1,-1
166,1,771.1409912109375,770.65771484375,-1,-1,1,-1,-1,-1
167,1,785.318359375,770.7891845703125,-1,-1,1,-1,-1,-1
168,1,785.3790893554688,770.6396484375,-1,-1,1,-1,-1,-1
169,1,800.0076904296875,770.668701171875,-1,-1,1,-1,-1,-1
170,1,807.0574340820312,770.7503662109375,-1,-1,1,-1,-1,-1
171,1,821.28955078125,770.7745361328125,-1,-1,1,-1,-1,-1
172,1,835.1415405273438,763.5885009765625,-1,-1,1,-1,-1,-1
173,1,856.5791015625,763.7001953125,-1,-1,1,-1,-1,-1
174,1,870.7783203125,763.5726928710938,-1,-1,1,-1,-1,-1
175,1,892.275634765625,763.6571655273438,-1,-1,1,-1,-1,-1
176,1,899.2734375,756.6478271484375,-1,-1,1,-1,-1,-1
177,1,920.4158325195312,749.314697265625,-1,-1,1,-1,-1,-1
178,1,934.6743774414062,749.528076171875,-1,-1,1,-1,-1,-1
179,1,956.0949096679688,742.1283569335938,-1,-1,1,-1,-1,-1
180,1,984.4014892578125,742.2928466796875,-1,-1,1,-1,-1,-1
181,1,1005.7684936523438,742.3392333984375,-1,-1,1,-1,-1,-1
182,1,1026.9295654296875,735.46923828125,-1,-1,1,-1,-1,-1
183,1,1062.5750732421875,727.9202880859375,-1,-1,1,-1,-1,-1
184,1,1083.69384765625,728.072265625,-1,-1,1,-1,-1,-1
185,1,1112.25341796875,728.3004150390625,-1,-1,1,-1,-1,-1
186,1,1140.542724609375,721.1035766601562,-1,-1,1,-1,-1,-1
187,1,1161.9482421875,713.6375732421875,-1,-1,1,-1,-1,-1
188,1,1183.318115234375,706.5914306640625,-1,-1,1,-1,-1,-1
189,1,1211.642333984375,706.53759765625,-1,-1,1,-1,-1,-1
190,1,1240.158447265625,706.5831298828125,-1,-1,1,-1,-1,-1
191,1,1268.6038818359375,706.6022338867188,-1,-1,1,-1,-1,-1
192,1,1289.74755859375,706.47607421875,-1,-1,1,-1,-1,-1
193,1,1303.8828125,706.50927734375,-1,-1,1,-1,-1,-1
194,1,1332.14794921875,706.8614501953125,-1,-1,1,-1,-1,-1
195,1,1353.673583984375,706.6405029296875,-1,-1,1,-1,-1,-1
196,1,1374.9990234375,706.8530883789062,-1,-1,1,-1,-1,-1
197,1,1396.148193359375,699.3233642578125,-1,-1,1,-1,-1,-1
198,1,1431.289794921875,699.477294921875,-1,-1,1,-1,-1,-1
199,1,1459.998291015625,692.5145263671875,-1,-1,1,-1,-1,-1
200,1,1481.45263671875,685.1416015625,-1,-1,1,-1,-1,-1
201,1,1495.924072265625,685.1727294921875,-1,-1,1,-1,-1,-1
204,1,1566.782958984375,677.9881591796875,-1,-1,1,-1,-1,-1
205,1,1587.9332275390625,678.1339111328125,-1,-1,1,-1,-1,-1
206,1,1609.404052734375,678.0103759765625,-1,-1,1,-1,-1,-1
207,1,1637.7470703125,678.1200561523438,-1,-1,1,-1,-1,-1
643,2,231.4088897705078,514.93505859375,-1,-1,1,-1,-1,-1
647,2,316.485107421875,507.82196044921875,-1,-1,1,-1,-1,-1
649,2,359.3688049316406,507.915771484375,-1,-1,1,-1,-1,-1
652,2,416.2739562988281,515.0242919921875,-1,-1,1,-1,-1,-1
653,2,437.40606689453125,514.9388427734375,-1,-1,1,-1,-1,-1
654,2,458.832763671875,514.9813842773438,-1,-1,1,-1,-1,-1
655,2,480.0799560546875,514.9583740234375,-1,-1,1,-1,-1,-1
656,2,501.5102844238281,507.7967224121094,-1,-1,1,-1,-1,-1
657,2,522.8441162109375,507.83209228515625,-1,-1,1,-1,-1,-1
658,2,536.9417724609375,507.77569580078125,-1,-1,1,-1,-1,-1
659,2,558.2952880859375,507.9569396972656,-1,-1,1,-1,-1,-1
660,2,572.5068359375,508.00677490234375,-1,-1,1,-1,-1,-1
661,2,586.8525390625,500.7386474609375,-1,-1,1,-1,-1,-1
662,2,600.9738159179688,500.90740966796875,-1,-1,1,-1,-1,-1
663,2,622.2551879882812,493.79852294921875,-1,-1,1,-1,-1,-1
664,2,643.695556640625,486.61065673828125,-1,-1,1,-1,-1,-1
665,2,664.841552734375,486.698486328125,-1,-1,1,-1,-1,-1
666,2,679.0862426757812,479.667236328125,-1,-1,1,-1,-1,-1
667,2,700.5357666015625,472.64013671875,-1,-1,1,-1,-1,-1
668,2,721.6785888671875,465.34771728515625,-1,-1,1,-1,-1,-1
669,2,743.08984375,458.1829833984375,-1,-1,1,-1,-1,-1
670,2,757.351806640625,458.2681579589844,-1,-1,1,-1,-1,-1
671,2,778.4879150390625,451.20904541015625,-1,-1,1,-1,-1,-1
672,2,792.785888671875,444.17877197265625,-1,-1,1,-1,-1,-1
673,2,814.05859375,437.0030212402344,-1,-1,1,-1,-1,-1
674,2,828.2976684570312,429.87677001953125,-1,-1,1,-1,-1,-1
675,2,842.584716796875,429.99127197265625,-1,-1,1,-1,-1,-1
676,2,856.90771484375,422.8466796875,-1,-1,1,-1,-1,-1
677,2,877.8482666015625,422.8092956542969,-1,-1,1,-1,-1,-1
678,2,892.263671875,422.92303466796875,-1,-1,1,-1,-1,-1
679,2,913.564697265625,415.61431884765625,-1,-1,1,-1,-1,-1
680,2,927.9410400390625,415.6947326660156,-1,-1,1,-1,-1,-1
681,2,942.1520385742188,415.6881103515625,-1,-1,1,-1,-1,-1
682,2,956.1475219726562,422.9150695800781,-1,-1,1,-1,-1,-1
683,2,970.384521484375,422.917724609375,-1,-1,1,-1,-1,-1
684,2,984.6573486328125,422.8997497558594,-1,-1,1,-1,-1,-1
685,2,998.9136962890625,422.7059326171875,-1,-1,1,-1,-1,-1
686,2,1005.8139038085938,429.8851013183594,-1,-1,1,-1,-1,-1
687,2,1013.0499267578125,429.875244140625,-1,-1,1,-1,-1,-1
688,2,1027.2998046875,429.8941650390625,-1,-1,1,-1,-1,-1
689,2,1041.5413818359375,429.8311767578125,-1,-1,1,-1,-1,-1
690,2,1048.317626953125,436.97747802734375,-1,-1,1,-1,-1,-1
691,2,1062.7242431640625,437.01361083984375,-1,-1,1,-1,-1,-1
692,2,1077.143310546875,436.92669677734375,-1,-1,1,-1,-1,-1
693,2,1091.247802734375,444.17071533203125,-1,-1,1,-1,-1,-1
694,2,1098.2647705078125,443.963134765625,-1,-1,1,-1,-1,-1
695,2,1112.69384765625,443.9886779785156,-1,-1,1,-1,-1,-1
696,2,1126.935791015625,443.97247314453125,-1,-1,1,-1,-1,-1
697,2,1148.10791015625,443.9630432128906,-1,-1,1,-1,-1,-1
698,2,1162.237548828125,443.9117431640625,-1,-1,1,-1,-1,-1
699,2,1176.5853271484375,451.26763916015625,-1,-1,1,-1,-1,-1
700,2,1197.90576171875,451.1864929199219,-1,-1,1,-1,-1,-1
701,2,1219.19677734375,451.0691223144531,-1,-1,1,-1,-1,-1
702,2,1240.644287109375,451.1344909667969,-1,-1,1,-1,-1,-1
703,2,1261.86279296875,451.0599060058594,-1,-1,1,-1,-1,-1
704,2,1283.4476318359375,451.17425537109375,-1,-1,1,-1,-1,-1
705,2,1304.40625,458.2811279296875,-1,-1,1,-1,-1,-1
706,2,1325.8992919921875,458.379638671875,-1,-1,1,-1,-1,-1
707,2,1347.348388671875,458.3424072265625,-1,-1,1,-1,-1,-1
708,2,1368.5819091796875,458.3135986328125,-1,-1,1,-1,-1,-1
709,2,1389.577392578125,465.47235107421875,-1,-1,1,-1,-1,-1
710,2,1411.08203125,465.3739318847656,-1,-1,1,-1,-1,-1
711,2,1432.3602294921875,465.1521301269531,-1,-1,1,-1,-1,-1
712,2,1453.586669921875,465.06805419921875,-1,-1,1,-1,-1,-1
713,2,1482.1787109375,465.1226806640625,-1,-1,1,-1,-1,-1
714,2,1503.3140869140625,472.3284912109375,-1,-1,1,-1,-1,-1
715,2,1524.655517578125,472.267822265625,-1,-1,1,-1,-1,-1
896,3,643.2122802734375,408.1387634277344,-1,-1,1,-1,-1,-1
897,3,657.30908203125,415.3349914550781,-1,-1,1,-1,-1,-1
899,3,678.78564453125,436.55926513671875,-1,-1,1,-1,-1,-1
900,3,693.009521484375,436.9661865234375,-1,-1,1,-1,-1,-1
901,3,707.140380859375,443.9420166015625,-1,-1,1,-1,-1,-1
902,3,714.28759765625,443.95941162109375,-1,-1,1,-1,-1,-1
903,3,728.4774169921875,444.03564453125,-1,-1,1,-1,-1,-1
905,3,749.80517578125,450.79644775390625,-1,-1,1,-1,-1,-1
906,3,756.9537353515625,450.8377685546875,-1,-1,1,-1,-1,-1
907,3,771.1590576171875,450.93914794921875,-1,-1,1,-1,-1,-1
908,3,778.3609619140625,451.02398681640625,-1,-1,1,-1,-1,-1
909,3,785.436767578125,451.128173828125,-1,-1,1,-1,-1,-1
910,3,792.4090576171875,451.197265625,-1,-1,1,-1,-1,-1
911,3,799.58447265625,451.01812744140625,-1,-1,1,-1,-1,-1
912,3,806.7490234375,451.16375732421875,-1,-1,1,-1,-1,-1
913,3,813.8067016601562,458.2066650390625,-1,-1,1,-1,-1,-1
914,3,821.0670166015625,464.988037109375,-1,-1,1,-1,-1,-1
915,3,828.0817260742188,465.3941955566406,-1,-1,1,-1,-1,-1
916,3,835.121337890625,472.4677734375,-1,-1,1,-1,-1,-1
917,3,842.223388671875,479.26629638671875,-1,-1,1,-1,-1,-1
918,3,842.2279052734375,486.382080078125,-1,-1,1,-1,-1,-1
919,3,849.3773193359375,486.5548095703125,-1,-1,1,-1,-1,-1
920,3,856.475830078125,493.8064270019531,-1,-1,1,-1,-1,-1
921,3,863.44482421875,500.7950439453125,-1,-1,1,-1,-1,-1
922,3,870.6130981445312,507.8120422363281,-1,-1,1,-1,-1,-1
923,3,884.8194580078125,514.923583984375,-1,-1,1,-1,-1,-1
924,3,892.0224609375,522.0828857421875,-1,-1,1,-1,-1,-1
926,3,913.3289794921875,536.2703247070312,-1,-1,1,-1,-1,-1
927,3,920.5447387695312,543.393310546875,-1,-1,1,-1,-1,-1
928,3,934.7384033203125,550.1227416992188,-1,-1,1,-1,-1,-1
929,3,941.697998046875,557.3016357421875,-1,-1,1,-1,-1,-1
930,3,948.99365234375,557.58056640625,-1,-1,1,-1,-1,-1
931,3,955.8729248046875,564.137939453125,-1,-1,1,-1,-1,-1
932,3,963.2857666015625,564.574462890625,-1,-1,1,-1,-1,-1
933,3,970.1317138671875,571.4083251953125,-1,-1,1,-1,-1,-1
934,3,977.4693603515625,571.7403564453125,-1,-1,1,-1,-1,-1
935,3,984.5450439453125,571.7498168945312,-1,-1,1,-1,-1,-1
936,3,991.604736328125,571.6552124023438,-1,-1,1,-1,-1,-1
937,3,1005.8568725585938,578.650634765625,-1,-1,1,-1,-1,-1
938,3,1012.939453125,578.7393188476562,-1,-1,1,-1,-1,-1
939,3,1020.12744140625,578.85986328125,-1,-1,1,-1,-1,-1
940,3,1034.3482666015625,578.7190551757812,-1,-1,1,-1,-1,-1
941,3,1041.39794921875,578.6995849609375,-1,-1,1,-1,-1,-1
942,3,1055.60888671875,578.7296142578125,-1,-1,1,-1,-1,-1
943,3,1062.7484130859375,578.7105712890625,-1,-1,1,-1,-1,-1
944,3,1076.9869384765625,578.760009765625,-1,-1,1,-1,-1,-1
945,3,1091.133544921875,578.5501098632812,-1,-1,1,-1,-1,-1
946,3,1098.2728271484375,578.76806640625,-1,-1,1,-1,-1,-1
947,3,1112.49755859375,579.064208984375,-1,-1,1,-1,-1,-1
948,3,1119.638916015625,579.1661376953125,-1,-1,1,-1,-1,-1
949,3,1126.7490234375,586.0372924804688,-1,-1,1,-1,-1,-1
950,3,1133.8726806640625,586.1229248046875,-1,-1,1,-1,-1,-1
951,3,1140.951171875,586.125,-1,-1,1,-1,-1,-1
952,3,1148.107666015625,586.069580078125,-1,-1,1,-1,-1,-1
953,3,1155.2572021484375,586.013916015625,-1,-1,1,-1,-1,-1
954,3,1162.304443359375,578.9307861328125,-1,-1,1,-1,-1,-1
955,3,1169.2734375,579.1141357421875,-1,-1,1,-1,-1,-1
956,3,1176.3797607421875,579.1233520507812,-1,-1,1,-1,-1,-1
957,3,1183.5289306640625,579.1150512695312,-1,-1,1,-1,-1,-1
958,3,1190.6773681640625,578.875244140625,-1,-1,1,-1,-1,-1
959,3,1197.68701171875,571.8223876953125,-1,-1,1,-1,-1,-1
960,3,1204.841064453125,572.0684814453125,-1,-1,1,-1,-1,-1
961,3,1219.064697265625,572.048583984375,-1,-1,1,-1,-1,-1
962,3,1226.144287109375,571.94189453125,-1,-1,1,-1,-1,-1
963,3,1240.35107421875,564.9407958984375,-1,-1,1,-1,-1,-1
964,3,1247.383056640625,564.8888549804688,-1,-1,1,-1,-1,-1
965,3,1261.698974609375,564.8642578125,-1,-1,1,-1,-1,-1
966,3,1275.88525390625,557.56689453125,-1,-1,1,-1,-1,-1
967,3,1290.12353515625,557.9600830078125,-1,-1,1,-1,-1,-1
968,3,1304.377197265625,557.7628173828125,-1,-1,1,-1,-1,-1
969,3,1325.5828857421875,550.7142333984375,-1,-1,1,-1,-1,-1
970,3,1339.932373046875,550.7659912109375,-1,-1,1,-1,-1,-1
971,3,1361.29248046875,543.3157348632812,-1,-1,1,-1,-1,-1
972,3,1375.30224609375,543.2471313476562,-1,-1,1,-1,-1,-1
973,3,1389.4853515625,543.5067138671875,-1,-1,1,-1,-1,-1
974,3,1403.906494140625,543.6424560546875,-1,-1,1,-1,-1,-1
975,3,1418.0313720703125,543.6942749023438,-1,-1,1,-1,-1,-1
976,3,1432.279052734375,543.6585083007812,-1,-1,1,-1,-1,-1
977,3,1453.44970703125,543.6144409179688,-1,-1,1,-1,-1,-1
978,3,1467.6705322265625,543.4556274414062,-1,-1,1,-1,-1,-1
979,3,1481.9869384765625,543.5289306640625,-1,-1,1,-1,-1,-1
980,3,1496.2548828125,543.537841796875,-1,-1,1,-1,-1,-1
981,3,1510.355224609375,543.531982421875,-1,-1,1,-1,-1,-1
982,3,1524.649169921875,536.2215576171875,-1,-1,1,-1,-1,-1
983,3,1531.80615234375,543.608154296875,-1,-1,1,-1,-1,-1
984,3,1545.932373046875,543.3697509765625,-1,-1,1,-1,-1,-1
985,3,1553.06494140625,543.4541625976562,-1,-1,1,-1,-1,-1
986,3,1560.0736083984375,543.352294921875,-1,-1,1,-1,-1,-1
987,3,1567.099365234375,543.315185546875,-1,-1,1,-1,-1,-1
988,3,1567.3011474609375,550.5809326171875,-1,-1,1,-1,-1,-1
989,3,1574.2666015625,550.5556640625,-1,-1,1,-1,-1,-1
990,3,1574.29248046875,550.5253295898438,-1,-1,1,-1,-1,-1
991,3,1574.28955078125,550.5528564453125,-1,-1,1,-1,-1,-1
992,3,1574.3330078125,550.56591796875,-1,-1,1,-1,-1,-1
993,3,1574.327880859375,550.3546752929688,-1,-1,1,-1,-1,-1
994,3,1574.279541015625,557.6646118164062,-1,-1,1,-1,-1,-1
995,3,1574.4302978515625,557.693359375,-1,-1,1,-1,-1,-1
996,3,1574.338623046875,557.6458740234375,-1,-1,1,-1,-1,-1
997,3,1581.2958984375,557.6484375,-1,-1,1,-1,-1,-1
998,3,1595.51513671875,557.872802734375,-1,-1,1,-1,-1,-1
999,3,1609.694580078125,550.512451171875,-1,-1,1,-1,-1,-1
1000,3,1631.165283203125,550.5599365234375,-1,-1,1,-1,-1,-1
1001,3,1645.296142578125,543.5068359375,-1,-1,1,-1,-1,-1
1002,3,1666.55859375,543.40966796875,-1,-1,1,-1,-1,-1
1003,3,1687.826416015625,536.3818969726562,-1,-1,1,-1,-1,-1
1004,3,1716.3651123046875,536.361328125,-1,-1,1,-1,-1,-1
1005,3,1744.749267578125,529.2628173828125,-1,-1,1,-1,-1,-1
1006,3,1766.0196533203125,529.1968383789062,-1,-1,1,-1,-1,-1
1007,3,1794.36962890625,529.2040405273438,-1,-1,1,-1,-1,-1
1008,3,1822.7088623046875,529.1574096679688,-1,-1,1,-1,-1,-1
1009,3,1851.1693115234375,529.0670776367188,-1,-1,1,-1,-1,-1
1010,3,1879.609130859375,528.9072265625,-1,-1,1,-1,-1,-1
1713,4,167.42904663085938,557.66552734375,-1,-1,1,-1,-1,-1
1714,4,202.69943237304688,557.717041015625,-1,-1,1,-1,-1,-1
1715,4,238.33645629882812,557.660400390625,-1,-1,1,-1,-1,-1
1716,4,273.9205017089844,557.56494140625,-1,-1,1,-1,-1,-1
1717,4,302.35400390625,557.759521484375,-1,-1,1,-1,-1,-1
1718,4,338.0084228515625,564.831298828125,-1,-1,1,-1,-1,-1
1719,4,366.1407165527344,564.8034057617188,-1,-1,1,-1,-1,-1
1720,4,401.89263916015625,571.9339599609375,-1,-1,1,-1,-1,-1
1721,4,430.1243591308594,571.67529296875,-1,-1,1,-1,-1,-1
1722,4,458.4918212890625,578.8868408203125,-1,-1,1,-1,-1,-1
1723,4,479.91058349609375,578.9322509765625,-1,-1,1,-1,-1,-1
1724,4,508.4910888671875,586.1072998046875,-1,-1,1,-1,-1,-1
1725,4,536.63916015625,585.9212646484375,-1,-1,1,-1,-1,-1
1726,4,558.244873046875,586.1536254882812,-1,-1,1,-1,-1,-1
1727,4,586.5948486328125,593.1943359375,-1,-1,1,-1,-1,-1
1728,4,614.9818725585938,593.119384765625,-1,-1,1,-1,-1,-1
1729,4,643.481201171875,593.132080078125,-1,-1,1,-1,-1,-1
1730,4,665.054443359375,600.2457275390625,-1,-1,1,-1,-1,-1
1731,4,686.1571044921875,600.201904296875,-1,-1,1,-1,-1,-1
1732,4,714.33154296875,593.0151977539062,-1,-1,1,-1,-1,-1
1733,4,735.849853515625,593.172607421875,-1,-1,1,-1,-1,-1
1734,4,757.208740234375,593.3408813476562,-1,-1,1,-1,-1,-1
1735,4,785.7039794921875,593.1549072265625,-1,-1,1,-1,-1,-1
1736,4,806.58056640625,585.8489379882812,-1,-1,1,-1,-1,-1
1737,4,828.23828125,586.0189208984375,-1,-1,1,-1,-1,-1
1738,4,849.5550537109375,585.9047241210938,-1,-1,1,-1,-1,-1
1739,4,870.7005615234375,578.774169921875,-1,-1,1,-1,-1,-1
1740,4,892.1144409179688,578.8978271484375,-1,-1,1,-1,-1,-1
1741,4,906.44677734375,578.9619750976562,-1,-1,1,-1,-1,-1
1742,4,927.667724609375,578.9708862304688,-1,-1,1,-1,-1,-1
1743,4,956.0849609375,578.771240234375,-1,-1,1,-1,-1,-1
1744,4,977.398193359375,578.8599853515625,-1,-1,1,-1,-1,-1
1745,4,998.66796875,578.8575439453125,-1,-1,1,-1,-1,-1
1746,4,1027.0673828125,571.783203125,-1,-1,1,-1,-1,-1
1747,4,1055.406982421875,571.650390625,-1,-1,1,-1,-1,-1
1748,4,1083.74853515625,564.4337158203125,-1,-1,1,-1,-1,-1
1749,4,1112.283203125,564.576416015625,-1,-1,1,-1,-1,-1
1750,4,1147.706787109375,564.4996337890625,-1,-1,1,-1,-1,-1
1751,4,1176.345703125,564.574462890625,-1,-1,1,-1,-1,-1
1752,4,1204.75732421875,564.595458984375,-1,-1,1,-1,-1,-1
1753,4,1240.238037109375,564.5523681640625,-1,-1,1,-1,-1,-1
1754,4,1275.7587890625,564.5238037109375,-1,-1,1,-1,-1,-1
1755,4,1304.13916015625,564.5745849609375,-1,-1,1,-1,-1,-1
1756,4,1339.64892578125,564.5074462890625,-1,-1,1,-1,-1,-1
1760,5,274.0674743652344,677.419677734375,-1,-1,1,-1,-1,-1
1761,5,309.4698486328125,677.556884765625,-1,-1,1,-1,-1,-1
1762,5,337.9384765625,677.471435546875,-1,-1,1,-1,-1,-1
1763,5,373.439453125,677.470947265625,-1,-1,1,-1,-1,-1
1764,4,1616.8154296875,571.8582763671875,-1,-1,1,-1,-1,-1
1764,5,408.95855712890625,685.1990966796875,-1,-1,1,-1,-1,-1
1765,5,430.13116455078125,677.4354248046875,-1,-1,1,-1,-1,-1
1766,4,1695.020263671875,571.7657470703125,-1,-1,1,-1,-1,-1
1766,5,458.7127990722656,677.3841552734375,-1,-1,1,-1,-1,-1
1767,5,486.94781494140625,684.8384399414062,-1,-1,1,-1,-1,-1
1768,4,1766.3017578125,578.7696533203125,-1,-1,1,-1,-1,-1
1768,5,515.3375854492188,684.8101806640625,-1,-1,1,-1,-1,-1
1769,4,1801.58935546875,585.943115234375,-1,-1,1,-1,-1,-1
1769,5,543.8193359375,684.6796264648438,-1,-1,1,-1,-1,-1
1770,5,572.3256225585938,684.5863037109375,-1,-1,1,-1,-1,-1
1771,4,1879.8214111328125,585.69677734375,-1,-1,1,-1,-1,-1
1771,5,600.69482421875,684.7293701171875,-1,-1,1,-1,-1,-1
1772,5,629.0970458984375,684.809814453125,-1,-1,1,-1,-1,-1
1773,5,657.6199951171875,692.2842407226562,-1,-1,1,-1,-1,-1
1774,5,685.94189453125,692.0887451171875,-1,-1,1,-1,-1,-1
1775,5,707.3154907226562,691.9013671875,-1,-1,1,-1,-1,-1
1776,5,742.759033203125,699.4436645507812,-1,-1,1,-1,-1,-1
1777,5,771.085693359375,699.2535400390625,-1,-1,1,-1,-1,-1
1778,5,799.7083740234375,699.1434326171875,-1,-1,1,-1,-1,-1
1779,5,828.1357421875,699.0182495117188,-1,-1,1,-1,-1,-1
1780,5,863.5401611328125,706.2894287109375,-1,-1,1,-1,-1,-1
1781,5,892.0440673828125,706.0545043945312,-1,-1,1,-1,-1,-1
1782,5,927.69482421875,713.5724487304688,-1,-1,1,-1,-1,-1
1783,5,956.006591796875,713.3604736328125,-1,-1,1,-1,-1,-1
1785,5,1020.2213134765625,720.6378173828125,-1,-1,1,-1,-1,-1
1786,5,1055.5850830078125,720.552490234375,-1,-1,1,-1,-1,-1
1787,5,1084.0472412109375,727.7425537109375,-1,-1,1,-1,-1,-1
1788,5,1119.4222412109375,727.5674438476562,-1,-1,1,-1,-1,-1
1789,5,1140.82861328125,727.9661865234375,-1,-1,1,-1,-1,-1
1790,5,1183.624267578125,727.8572998046875,-1,-1,1,-1,-1,-1
1791,5,1219.2030029296875,734.910400390625,-1,-1,1,-1,-1,-1
1792,5,1254.8212890625,734.88720703125,-1,-1,1,-1,-1,-1
1793,5,1290.0751953125,734.751708984375,-1,-1,1,-1,-1,-1
1794,5,1318.462646484375,734.6566772460938,-1,-1,1,-1,-1,-1
1802,5,1610.00634765625,735.0372314453125,-1,-1,1,-1,-1,-1
1803,5,1645.6636962890625,735.0538330078125,-1,-1,1,-1,-1,-1
1895,6,437.2512512207031,642.4637451171875,-1,-1,1,-1,-1,-1
1897,6,437.0953369140625,656.86572265625,-1,-1,1,-1,-1,-1
1898,6,429.80877685546875,663.868408203125,-1,-1,1,-1,-1,-1
1899,6,422.8374938964844,664.0010986328125,-1,-1,1,-1,-1,-1
1901,6,415.7715148925781,671.061279296875,-1,-1,1,-1,-1,-1
1902,6,415.7984619140625,670.8734130859375,-1,-1,1,-1,-1,-1
1906,6,408.697265625,671.00048828125,-1,-1,1,-1,-1,-1
1908,6,408.70489501953125,671.087890625,-1,-1,1,-1,-1,-1
1909,6,408.6019287109375,671.0350952148438,-1,-1,1,-1,-1,-1
1910,6,408.5531005859375,670.9560546875,-1,-1,1,-1,-1,-1
1911,6,415.7184143066406,670.8118286132812,-1,-1,1,-1,-1,-1
1912,6,415.83197021484375,670.8694458007812,-1,-1,1,-1,-1,-1
1913,6,415.64642333984375,671.0857543945312,-1,-1,1,-1,-1,-1
1914,6,422.74578857421875,671.01708984375,-1,-1,1,-1,-1,-1
1915,6,429.9930114746094,671.0804443359375,-1,-1,1,-1,-1,-1
1916,6,437.16680908203125,670.91064453125,-1,-1,1,-1,-1,-1
1917,6,444.08258056640625,678.1924438476562,-1,-1,1,-1,-1,-1
1918,6,451.1943359375,685.551025390625,-1,-1,1,-1,-1,-1
1919,6,458.4000244140625,685.1863403320312,-1,-1,1,-1,-1,-1
1920,6,472.69073486328125,692.2215576171875,-1,-1,1,-1,-1,-1
1921,6,486.7818908691406,699.8792724609375,-1,-1,1,-1,-1,-1
1922,6,501.2078857421875,699.46826171875,-1,-1,1,-1,-1,-1
1923,6,522.2653198242188,706.7738037109375,-1,-1,1,-1,-1,-1
1924,6,536.5611572265625,706.7320556640625,-1,-1,1,-1,-1,-1
1925,6,550.7730102539062,706.8102416992188,-1,-1,1,-1,-1,-1
1926,6,565.023193359375,699.5411376953125,-1,-1,1,-1,-1,-1
1927,6,579.1231689453125,706.7713623046875,-1,-1,1,-1,-1,-1
1928,6,600.4273681640625,706.6195678710938,-1,-1,1,-1,-1,-1
1929,6,614.6469116210938,713.9239501953125,-1,-1,1,-1,-1,-1
1930,6,636.0968017578125,713.88037109375,-1,-1,1,-1,-1,-1
1931,6,650.2356567382812,706.781982421875,-1,-1,1,-1,-1,-1
1932,6,671.5006713867188,699.7747802734375,-1,-1,1,-1,-1,-1
1933,6,678.671630859375,685.2811279296875,-1,-1,1,-1,-1,-1
1934,6,692.7154541015625,678.349365234375,-1,-1,1,-1,-1,-1
1935,6,706.9854736328125,671.2750244140625,-1,-1,1,-1,-1,-1
1936,6,728.421630859375,664.0691528320312,-1,-1,1,-1,-1,-1
1937,6,742.6123046875,657.0338745117188,-1,-1,1,-1,-1,-1
1938,6,749.7559204101562,649.9727783203125,-1,-1,1,-1,-1,-1
1939,6,756.9194946289062,642.919189453125,-1,-1,1,-1,-1,-1
1940,6,763.9412841796875,635.8250732421875,-1,-1,1,-1,-1,-1
1941,6,771.1455078125,621.585205078125,-1,-1,1,-1,-1,-1
1942,6,771.009033203125,614.551025390625,-1,-1,1,-1,-1,-1
1943,6,785.290283203125,614.5396728515625,-1,-1,1,-1,-1,-1
1944,6,792.2957763671875,614.650390625,-1,-1,1,-1,-1,-1
1945,6,799.359130859375,614.6720581054688,-1,-1,1,-1,-1,-1
1946,6,813.54931640625,614.6417236328125,-1,-1,1,-1,-1,-1
1947,6,820.6589965820312,614.6685791015625,-1,-1,1,-1,-1,-1
1948,6,827.812744140625,614.6747436523438,-1,-1,1,-1,-1,-1
1949,6,842.2474365234375,614.6597900390625,-1,-1,1,-1,-1,-1
1950,6,849.245849609375,621.7552490234375,-1,-1,1,-1,-1,-1
1951,6,849.2991943359375,621.5482177734375,-1,-1,1,-1,-1,-1
1952,6,849.3524169921875,621.5925903320312,-1,-1,1,-1,-1,-1
1953,6,856.35888671875,628.9515380859375,-1,-1,1,-1,-1,-1
1954,6,856.3656005859375,628.8885498046875,-1,-1,1,-1,-1,-1
1955,6,856.3305053710938,621.607666015625,-1,-1,1,-1,-1,-1
1956,6,863.365234375,621.6964111328125,-1,-1,1,-1,-1,-1
1957,6,863.676025390625,621.88037109375,-1,-1,1,-1,-1,-1
1958,6,863.5823974609375,614.6982421875,-1,-1,1,-1,-1,-1
1959,6,870.7726440429688,614.7635498046875,-1,-1,1,-1,-1,-1
1960,6,877.68408203125,607.5582275390625,-1,-1,1,-1,-1,-1
1961,6,884.8016357421875,607.468994140625,-1,-1,1,-1,-1,-1
1962,6,891.9629516601562,607.5855102539062,-1,-1,1,-1,-1,-1
1963,6,899.24462890625,607.42578125,-1,-1,1,-1,-1,-1
1964,6,906.259033203125,600.393798828125,-1,-1,1,-1,-1,-1
1965,6,920.5164794921875,600.4141845703125,-1,-1,1,-1,-1,-1
1966,6,941.5772705078125,607.480712890625,-1,-1,1,-1,-1,-1
1967,6,956.1322021484375,607.6400146484375,-1,-1,1,-1,-1,-1
1968,6,970.199951171875,607.47509765625,-1,-1,1,-1,-1,-1
1969,6,991.58935546875,614.6439208984375,-1,-1,1,-1,-1,-1
1970,6,1012.9198608398438,614.6644287109375,-1,-1,1,-1,-1,-1
1971,6,1034.291015625,614.792236328125,-1,-1,1,-1,-1,-1
1972,6,1055.639892578125,614.6942138671875,-1,-1,1,-1,-1,-1
1973,6,1076.850830078125,621.8133544921875,-1,-1,1,-1,-1,-1
1974,6,1098.0958251953125,628.8238525390625,-1,-1,1,-1,-1,-1
1975,6,1119.5162353515625,643.0986938476562,-1,-1,1,-1,-1,-1
1976,6,1140.9139404296875,657.2008056640625,-1,-1,1,-1,-1,-1
1977,6,1162.2213134765625,671.2747802734375,-1,-1,1,-1,-1,-1
1978,6,1190.5152587890625,685.50341796875,-1,-1,1,-1,-1,-1
1979,6,1218.7864990234375,699.908447265625,-1,-1,1,-1,-1,-1
1980,6,1240.1492919921875,713.9942626953125,-1,-1,1,-1,-1,-1
1981,6,1275.82958984375,728.3828735351562,-1,-1,1,-1,-1,-1
1982,6,1311.3956298828125,749.62890625,-1,-1,1,-1,-1,-1
1983,6,1360.938232421875,763.835693359375,-1,-1,1,-1,-1,-1
1984,6,1403.8067626953125,763.8956298828125,-1,-1,1,-1,-1,-1
1985,6,1439.207275390625,756.787841796875,-1,-1,1,-1,-1,-1
1986,6,1474.689453125,749.692626953125,-1,-1,1,-1,-1,-1
1987,6,1517.3876953125,742.3790283203125,-1,-1,1,-1,-1,-1
1988,6,1552.7940673828125,728.146240234375,-1,-1,1,-1,-1,-1
1989,6,1595.5084228515625,721.063232421875,-1,-1,1,-1,-1,-1
1990,6,1645.025390625,706.5633544921875,-1,-1,1,-1,-1,-1
1991,6,1694.955322265625,699.5528564453125,-1,-1,1,-1,-1,-1
1992,6,1751.783203125,685.201416015625,-1,-1,1,-1,-1,-1
1993,6,1794.466552734375,699.4769287109375,-1,-1,1,-1,-1,-1
1994,6,1858.501708984375,706.6727294921875,-1,-1,1,-1,-1,-1
2055,7,39.33603286743164,606.8642578125,-1,-1,1,-1,-1,-1
2056,7,60.43789291381836,607.01611328125,-1,-1,1,-1,-1,-1
2057,7,81.91142272949219,607.0524291992188,-1,-1,1,-1,-1,-1
2058,7,103.21293640136719,606.952880859375,-1,-1,1,-1,-1,-1
2059,7,117.5444107055664,607.118896484375,-1,-1,1,-1,-1,-1
2060,7,138.67689514160156,607.1029052734375,-1,-1,1,-1,-1,-1
2061,7,160.07723999023438,607.0147705078125,-1,-1,1,-1,-1,-1
2062,7,174.32583618164062,607.050537109375,-1,-1,1,-1,-1,-1
2063,7,195.61146545410156,607.0628662109375,-1,-1,1,-1,-1,-1
2064,7,216.7938232421875,606.9332885742188,-1,-1,1,-1,-1,-1
2065,7,238.15036010742188,614.210205078125,-1,-1,1,-1,-1,-1
2066,7,259.41986083984375,614.2877197265625,-1,-1,1,-1,-1,-1
2067,7,287.8270263671875,614.1898803710938,-1,-1,1,-1,-1,-1
2068,7,309.2553405761719,614.0580444335938,-1,-1,1,-1,-1,-1
2068,8,970.1204833984375,749.06201171875,-1,-1,1,-1,-1,-1
2069,7,330.6336669921875,613.9873657226562,-1,-1,1,-1,-1,-1
2069,8,998.7283935546875,749.04248046875,-1,-1,1,-1,-1,-1
2070,7,344.86090087890625,614.089111328125,-1,-1,1,-1,-1,-1
2070,8,1027.4759521484375,748.8231201171875,-1,-1,1,-1,-1,-1
2071,7,359.08013916015625,613.976806640625,-1,-1,1,-1,-1,-1
2071,8,1056.087890625,748.8212280273438,-1,-1,1,-1,-1,-1
2072,7,373.2887268066406,614.22998046875,-1,-1,1,-1,-1,-1
2072,8,1091.431396484375,742.0732421875,-1,-1,1,-1,-1,-1
2073,7,387.3951416015625,614.2752685546875,-1,-1,1,-1,-1,-1
2073,8,1112.22998046875,748.79443359375,-1,-1,1,-1,-1,-1
2074,7,401.78887939453125,607.0565795898438,-1,-1,1,-1,-1,-1
2074,8,1140.501708984375,748.867431640625,-1,-1,1,-1,-1,-1
2075,7,415.96978759765625,607.0249633789062,-1,-1,1,-1,-1,-1
2075,8,1176.063232421875,742.0235595703125,-1,-1,1,-1,-1,-1
2076,7,437.165283203125,607.1131591796875,-1,-1,1,-1,-1,-1
2076,8,1204.46484375,748.8421630859375,-1,-1,1,-1,-1,-1
2077,7,458.573974609375,607.1325073242188,-1,-1,1,-1,-1,-1
2077,8,1240.3272705078125,741.8118896484375,-1,-1,1,-1,-1,-1
2078,7,472.70062255859375,607.3477783203125,-1,-1,1,-1,-1,-1
2078,8,1268.6920166015625,741.856201171875,-1,-1,1,-1,-1,-1
2079,7,493.97967529296875,607.3233642578125,-1,-1,1,-1,-1,-1
2079,8,1303.765380859375,755.88623046875,-1,-1,1,-1,-1,-1
2080,7,515.4534301757812,607.093505859375,-1,-1,1,-1,-1,-1
2080,8,1339.195068359375,763.1438598632812,-1,-1,1,-1,-1,-1
2081,7,543.751220703125,614.2716064453125,-1,-1,1,-1,-1,-1
2082,7,557.92578125,621.4041748046875,-1,-1,1,-1,-1,-1
2083,7,579.2950439453125,628.5101928710938,-1,-1,1,-1,-1,-1
2084,7,586.2471923828125,635.833984375,-1,-1,1,-1,-1,-1
2085,7,607.8319702148438,635.4664916992188,-1,-1,1,-1,-1,-1
2086,7,628.9414672851562,642.634521484375,-1,-1,1,-1,-1,-1
2087,7,643.372314453125,642.5997314453125,-1,-1,1,-1,-1,-1
2088,7,664.6810913085938,649.836181640625,-1,-1,1,-1,-1,-1
2089,7,685.6824951171875,657.07275390625,-1,-1,1,-1,-1,-1
2090,7,707.12646484375,656.944580078125,-1,-1,1,-1,-1,-1
2091,7,735.4276123046875,664.0711669921875,-1,-1,1,-1,-1,-1
2092,7,756.948486328125,663.9180908203125,-1,-1,1,-1,-1,-1
2093,7,771.24560546875,663.870361328125,-1,-1,1,-1,-1,-1
2094,7,792.4942626953125,671.1376953125,-1,-1,1,-1,-1,-1
2095,7,813.8388671875,671.1127319335938,-1,-1,1,-1,-1,-1
2096,7,828.125732421875,670.9818115234375,-1,-1,1,-1,-1,-1
2097,7,849.3079833984375,664.0543212890625,-1,-1,1,-1,-1,-1
2098,7,863.7208251953125,656.8382568359375,-1,-1,1,-1,-1,-1
2099,7,877.8807373046875,649.6209716796875,-1,-1,1,-1,-1,-1
2100,7,899.08740234375,642.4467163085938,-1,-1,1,-1,-1,-1
2101,7,920.561279296875,635.4418334960938,-1,-1,1,-1,-1,-1
2102,7,948.9536743164062,635.609130859375,-1,-1,1,-1,-1,-1
2104,7,998.5888671875,628.497314453125,-1,-1,1,-1,-1,-1
2105,7,1026.9410400390625,621.2928466796875,-1,-1,1,-1,-1,-1
2106,7,1055.42431640625,614.312255859375,-1,-1,1,-1,-1,-1
2107,7,1091.027587890625,614.3644409179688,-1,-1,1,-1,-1,-1
2108,7,1126.4454345703125,607.2935180664062,-1,-1,1,-1,-1,-1
2109,7,1154.84033203125,599.9866943359375,-1,-1,1,-1,-1,-1
2111,7,1218.897216796875,599.9483642578125,-1,-1,1,-1,-1,-1
2112,7,1254.292236328125,592.8220825195312,-1,-1,1,-1,-1,-1
2113,7,1290.0478515625,600.0626220703125,-1,-1,1,-1,-1,-1
2114,7,1332.62451171875,600.0650024414062,-1,-1,1,-1,-1,-1
2115,7,1368.239501953125,599.836181640625,-1,-1,1,-1,-1,-1
2116,7,1410.9683837890625,599.9301147460938,-1,-1,1,-1,-1,-1
2117,7,1453.48681640625,606.96044921875,-1,-1,1,-1,-1,-1
2118,7,1503.0399169921875,614.1428833007812,-1,-1,1,-1,-1,-1
2119,7,1538.6810302734375,621.1634521484375,-1,-1,1,-1,-1,-1
2120,7,1588.4833984375,628.42236328125,-1,-1,1,-1,-1,-1
2121,7,1631.230712890625,628.3023681640625,-1,-1,1,-1,-1,-1
2122,7,1673.838134765625,635.50439453125,-1,-1,1,-1,-1,-1
2123,7,1716.3302001953125,642.5682373046875,-1,-1,1,-1,-1,-1
2126,7,1858.400634765625,649.1969604492188,-1,-1,1,-1,-1,-1
2188,9,1240.494873046875,805.4083251953125,-1,-1,1,-1,-1,-1
2189,9,1269.165771484375,805.522705078125,-1,-1,1,-1,-1,-1
2190,9,1304.67626953125,805.2785034179688,-1,-1,1,-1,-1,-1
2191,9,1333.0,826.592529296875,-1,-1,1,-1,-1,-1
2192,9,1375.545166015625,833.5322875976562,-1,-1,1,-1,-1,-1
2193,9,1417.88427734375,840.623291015625,-1,-1,1,-1,-1,-1
2194,9,1460.3687744140625,840.6978759765625,-1,-1,1,-1,-1,-1
2195,9,1503.167236328125,826.671630859375,-1,-1,1,-1,-1,-1
2196,9,1553.117431640625,819.609619140625,-1,-1,1,-1,-1,-1
2197,9,1595.605224609375,841.21142578125,-1,-1,1,-1,-1,-1
2549,10,394.5023193359375,535.9588012695312,-1,-1,1,-1,-1,-1
2550,10,408.16009521484375,479.2934875488281,-1,-1,1,-1,-1,-1
2551,10,465.22430419921875,543.03173828125,-1,-1,1,-1,-1,-1
2552,10,486.83599853515625,549.8013305664062,-1,-1,1,-1,-1,-1
2553,10,515.3897705078125,549.8678588867188,-1,-1,1,-1,-1,-1
2554,10,550.9569091796875,549.8212890625,-1,-1,1,-1,-1,-1
2555,10,593.2408447265625,549.9336547851562,-1,-1,1,-1,-1,-1
2556,10,636.0413208007812,557.157958984375,-1,-1,1,-1,-1,-1
2557,10,664.6453247070312,556.7756958007812,-1,-1,1,-1,-1,-1
2558,10,700.240234375,556.853271484375,-1,-1,1,-1,-1,-1
2559,10,728.536865234375,571.213134765625,-1,-1,1,-1,-1,-1
2560,10,756.5205078125,571.4254150390625,-1,-1,1,-1,-1,-1
2561,10,777.842041015625,571.193603515625,-1,-1,1,-1,-1,-1
2562,10,799.1560668945312,571.4478759765625,-1,-1,1,-1,-1,-1
2563,10,827.6785888671875,585.720703125,-1,-1,1,-1,-1,-1
2564,10,855.9141845703125,592.7694091796875,-1,-1,1,-1,-1,-1
2565,10,891.4468994140625,606.8953247070312,-1,-1,1,-1,-1,-1
2566,10,927.0042724609375,599.8076171875,-1,-1,1,-1,-1,-1
2567,10,955.5941772460938,613.9947509765625,-1,-1,1,-1,-1,-1
2568,10,997.923828125,628.508056640625,-1,-1,1,-1,-1,-1
2569,10,1040.5621337890625,642.591064453125,-1,-1,1,-1,-1,-1
2570,10,1083.43017578125,656.828369140625,-1,-1,1,-1,-1,-1
2571,10,1147.295166015625,671.1218872070312,-1,-1,1,-1,-1,-1
2572,10,1204.510986328125,670.9228515625,-1,-1,1,-1,-1,-1
2573,10,1254.024658203125,678.1831665039062,-1,-1,1,-1,-1,-1
2574,10,1310.6065673828125,678.2720947265625,-1,-1,1,-1,-1,-1
2575,10,1360.500244140625,678.08642578125,-1,-1,1,-1,-1,-1
2576,10,1417.336669921875,678.2646484375,-1,-1,1,-1,-1,-1
2577,10,1474.077880859375,656.8543090820312,-1,-1,1,-1,-1,-1
2581,10,1744.6553955078125,678.8265991210938,-1,-1,1,-1,-1,-1
2582,10,1786.91845703125,685.9180297851562,-1,-1,1,-1,-1,-1
2617,11,39.66306686401367,549.8924560546875,-1,-1,1,-1,-1,-1
2618,11,53.627132415771484,578.5736694335938,-1,-1,1,-1,-1,-1
2619,11,81.86653900146484,585.6697387695312,-1,-1,1,-1,-1,-1
2620,11,110.1794662475586,599.9107666015625,-1,-1,1,-1,-1,-1
2621,11,145.80421447753906,606.9304809570312,-1,-1,1,-1,-1,-1
2622,11,160.06430053710938,621.0938720703125,-1,-1,1,-1,-1,-1
2623,11,188.42295837402344,635.2382202148438,-1,-1,1,-1,-1,-1
2624,11,202.79656982421875,649.5999755859375,-1,-1,1,-1,-1,-1
2625,11,217.11932373046875,656.7359619140625,-1,-1,1,-1,-1,-1
2626,11,223.98776245117188,670.8364868164062,-1,-1,1,-1,-1,-1
2627,11,231.25009155273438,678.0306396484375,-1,-1,1,-1,-1,-1
2628,11,238.40977478027344,685.162109375,-1,-1,1,-1,-1,-1
2629,11,252.60504150390625,699.2081298828125,-1,-1,1,-1,-1,-1
2630,11,266.6798400878906,713.2593994140625,-1,-1,1,-1,-1,-1
2631,11,280.8831481933594,720.4898681640625,-1,-1,1,-1,-1,-1
2632,11,302.1127014160156,720.343994140625,-1,-1,1,-1,-1,-1
2633,11,323.4936828613281,727.6844482421875,-1,-1,1,-1,-1,-1
2634,11,344.7430419921875,734.84033203125,-1,-1,1,-1,-1,-1
2635,11,366.0325927734375,741.787841796875,-1,-1,1,-1,-1,-1
2636,11,394.55615234375,741.9825439453125,-1,-1,1,-1,-1,-1
2637,11,415.6709899902344,749.0429077148438,-1,-1,1,-1,-1,-1
2638,11,444.2518615722656,748.99462890625,-1,-1,1,-1,-1,-1
2639,11,472.60125732421875,749.0660400390625,-1,-1,1,-1,-1,-1
2640,11,508.1227722167969,741.7579345703125,-1,-1,1,-1,-1,-1
2641,11,536.5862426757812,734.5470581054688,-1,-1,1,-1,-1,-1
2642,11,564.97216796875,741.7297973632812,-1,-1,1,-1,-1,-1
2643,11,600.4593505859375,734.4657592773438,-1,-1,1,-1,-1,-1
2644,11,621.8243408203125,727.3967895507812,-1,-1,1,-1,-1,-1
2645,11,657.6895751953125,706.0359497070312,-1,-1,1,-1,-1,-1
2646,11,693.1617431640625,698.6563720703125,-1,-1,1,-1,-1,-1
2647,11,728.5704345703125,684.6002807617188,-1,-1,1,-1,-1,-1
2648,11,757.0314331054688,684.6195068359375,-1,-1,1,-1,-1,-1
2649,11,785.5238037109375,677.5235595703125,-1,-1,1,-1,-1,-1
2650,11,821.2847900390625,677.50048828125,-1,-1,1,-1,-1,-1
2651,11,856.4564819335938,670.5035400390625,-1,-1,1,-1,-1,-1
2652,11,891.979736328125,663.4244384765625,-1,-1,1,-1,-1,-1
2653,11,920.533447265625,656.2584228515625,-1,-1,1,-1,-1,-1
2654,11,955.7872314453125,656.2051391601562,-1,-1,1,-1,-1,-1
2655,11,991.1827392578125,649.1641845703125,-1,-1,1,-1,-1,-1
2656,11,1026.8543701171875,649.1370849609375,-1,-1,1,-1,-1,-1
2657,11,1062.461669921875,642.06884765625,-1,-1,1,-1,-1,-1
2658,11,1097.943115234375,642.1888427734375,-1,-1,1,-1,-1,-1
2659,11,1133.4349365234375,635.1536865234375,-1,-1,1,-1,-1,-1
2660,11,1169.0191650390625,627.9786987304688,-1,-1,1,-1,-1,-1
2661,11,1211.4599609375,628.0547485351562,-1,-1,1,-1,-1,-1
2662,11,1247.2994384765625,620.847900390625,-1,-1,1,-1,-1,-1
2663,11,1289.657958984375,620.8011474609375,-1,-1,1,-1,-1,-1
2664,11,1325.481201171875,613.9196166992188,-1,-1,1,-1,-1,-1
2665,11,1360.748046875,613.90869140625,-1,-1,1,-1,-1,-1
2666,11,1403.458984375,613.830810546875,-1,-1,1,-1,-1,-1
2667,11,1439.034912109375,613.7672729492188,-1,-1,1,-1,-1,-1
2668,11,1474.4327392578125,613.8218994140625,-1,-1,1,-1,-1,-1
2669,11,1516.8336181640625,613.958740234375,-1,-1,1,-1,-1,-1
2670,11,1552.6871337890625,613.82763671875,-1,-1,1,-1,-1,-1
2671,11,1595.263427734375,613.7438354492188,-1,-1,1,-1,-1,-1
2672,11,1637.744140625,613.9655151367188,-1,-1,1,-1,-1,-1
2673,11,1680.805419921875,607.0031127929688,-1,-1,1,-1,-1,-1
2674,11,1723.366943359375,606.9805908203125,-1,-1,1,-1,-1,-1
2675,11,1765.884033203125,607.0000610351562,-1,-1,1,-1,-1,-1
2676,11,1808.5966796875,599.73681640625,-1,-1,1,-1,-1,-1
2677,11,1858.60595703125,592.8507690429688,-1,-1,1,-1,-1,-1
2689,12,39.388832092285156,585.7396240234375,-1,-1,1,-1,-1,-1
2690,12,81.86564636230469,578.7095336914062,-1,-1,1,-1,-1,-1
2691,12,117.33805084228516,579.06396484375,-1,-1,1,-1,-1,-1
2692,12,159.6795654296875,585.7828369140625,-1,-1,1,-1,-1,-1
2693,12,195.2758331298828,578.9320678710938,-1,-1,1,-1,-1,-1
2694,12,223.77003479003906,578.9012451171875,-1,-1,1,-1,-1,-1
2695,12,252.3904266357422,578.94140625,-1,-1,1,-1,-1,-1
2696,12,287.66986083984375,585.8953247070312,-1,-1,1,-1,-1,-1
2697,12,309.13983154296875,585.8411865234375,-1,-1,1,-1,-1,-1
2700,12,359.26641845703125,592.8347778320312,-1,-1,1,-1,-1,-1
2701,12,380.2370300292969,599.9732666015625,-1,-1,1,-1,-1,-1
2702,12,387.43646240234375,585.5560302734375,-1,-1,1,-1,-1,-1
2706,12,515.41748046875,607.3487548828125,-1,-1,1,-1,-1,-1
2707,12,529.6689453125,621.1822509765625,-1,-1,1,-1,-1,-1
2708,12,543.918701171875,621.2716674804688,-1,-1,1,-1,-1,-1
2709,12,565.2886962890625,628.5604248046875,-1,-1,1,-1,-1,-1
2710,12,586.5814208984375,621.1396484375,-1,-1,1,-1,-1,-1
2711,12,607.9625854492188,628.5428466796875,-1,-1,1,-1,-1,-1
2712,12,636.205322265625,628.5614013671875,-1,-1,1,-1,-1,-1
2713,12,671.7020263671875,628.4052124023438,-1,-1,1,-1,-1,-1
2714,12,700.2293701171875,628.4284057617188,-1,-1,1,-1,-1,-1
2715,12,721.4229736328125,635.4776611328125,-1,-1,1,-1,-1,-1
2716,12,749.9157104492188,642.5885009765625,-1,-1,1,-1,-1,-1
2717,12,771.2017211914062,642.5443115234375,-1,-1,1,-1,-1,-1
2718,12,799.48779296875,649.8441162109375,-1,-1,1,-1,-1,-1
2719,12,813.934326171875,649.697265625,-1,-1,1,-1,-1,-1
2720,12,842.1448974609375,649.4965209960938,-1,-1,1,-1,-1,-1
2721,12,870.67822265625,649.5289306640625,-1,-1,1,-1,-1,-1
2722,12,906.1597900390625,649.5281982421875,-1,-1,1,-1,-1,-1
2723,12,941.7698364257812,656.8768310546875,-1,-1,1,-1,-1,-1
2724,12,977.1812744140625,649.659912109375,-1,-1,1,-1,-1,-1
2725,12,1005.6719360351562,649.6032104492188,-1,-1,1,-1,-1,-1
2726,12,1040.975830078125,649.7161865234375,-1,-1,1,-1,-1,-1
2727,12,1076.4688720703125,649.710693359375,-1,-1,1,-1,-1,-1
2728,12,1119.225830078125,649.7564086914062,-1,-1,1,-1,-1,-1
2729,12,1154.840087890625,649.7632446289062,-1,-1,1,-1,-1,-1
2730,12,1190.542236328125,649.7045288085938,-1,-1,1,-1,-1,-1
2731,12,1218.87158203125,649.57568359375,-1,-1,1,-1,-1,-1
2732,12,1254.349853515625,656.8352661132812,-1,-1,1,-1,-1,-1
2733,12,1282.707275390625,656.913818359375,-1,-1,1,-1,-1,-1
2734,12,1318.1494140625,656.757568359375,-1,-1,1,-1,-1,-1
2735,12,1346.664794921875,656.7513427734375,-1,-1,1,-1,-1,-1
2736,12,1382.2354736328125,656.7914428710938,-1,-1,1,-1,-1,-1
2737,12,1417.7100830078125,656.7926025390625,-1,-1,1,-1,-1,-1
2738,12,1453.337158203125,656.86962890625,-1,-1,1,-1,-1,-1
2739,12,1481.7801513671875,656.6979370117188,-1,-1,1,-1,-1,-1
2740,12,1510.08935546875,664.074951171875,-1,-1,1,-1,-1,-1
2741,12,1538.552978515625,664.0443725585938,-1,-1,1,-1,-1,-1
2742,12,1566.9326171875,664.10205078125,-1,-1,1,-1,-1,-1
2743,12,1602.6815185546875,656.6849365234375,-1,-1,1,-1,-1,-1
2744,12,1638.19677734375,656.7637939453125,-1,-1,1,-1,-1,-1
2745,12,1666.443115234375,656.8223876953125,-1,-1,1,-1,-1,-1
2746,12,1702.224853515625,649.4486694335938,-1,-1,1,-1,-1,-1
2747,12,1730.458740234375,649.569580078125,-1,-1,1,-1,-1,-1
2748,12,1766.021484375,649.4121704101562,-1,-1,1,-1,-1,-1
2749,12,1794.36279296875,649.6375732421875,-1,-1,1,-1,-1,-1
2750,12,1829.73486328125,649.5748291015625,-1,-1,1,-1,-1,-1
2751,12,1857.974853515625,649.6380615234375,-1,-1,1,-1,-1,-1
3386,13,67.8719253540039,642.86572265625,-1,-1,1,-1,-1,-1
3387,13,88.9758071899414,642.8431396484375,-1,-1,1,-1,-1,-1
3388,13,117.2418212890625,649.8748779296875,-1,-1,1,-1,-1,-1
3389,13,152.78533935546875,649.93505859375,-1,-1,1,-1,-1,-1
3390,13,152.75448608398438,649.9658203125,-1,-1,1,-1,-1,-1
3394,13,309.34539794921875,649.8175659179688,-1,-1,1,-1,-1,-1
3395,13,337.7502136230469,649.85107421875,-1,-1,1,-1,-1,-1
3396,13,366.0452880859375,649.8340454101562,-1,-1,1,-1,-1,-1
3397,13,401.75640869140625,649.5975341796875,-1,-1,1,-1,-1,-1
3398,13,430.2811279296875,642.4481811523438,-1,-1,1,-1,-1,-1
3399,13,465.6724853515625,649.4713134765625,-1,-1,1,-1,-1,-1
3400,13,494.00396728515625,649.6475219726562,-1,-1,1,-1,-1,-1
3401,13,522.3848876953125,649.7586059570312,-1,-1,1,-1,-1,-1
3402,13,558.0948486328125,649.6302490234375,-1,-1,1,-1,-1,-1
3403,13,586.6044311523438,649.590087890625,-1,-1,1,-1,-1,-1
3404,13,614.7805786132812,642.6842041015625,-1,-1,1,-1,-1,-1
3405,13,650.4771728515625,649.8048706054688,-1,-1,1,-1,-1,-1
3406,13,678.4501953125,642.823486328125,-1,-1,1,-1,-1,-1
3407,13,714.15185546875,642.80029296875,-1,-1,1,-1,-1,-1
3408,13,742.3052978515625,642.8229370117188,-1,-1,1,-1,-1,-1
3409,13,770.73095703125,635.7568359375,-1,-1,1,-1,-1,-1
3410,13,806.182373046875,635.6378173828125,-1,-1,1,-1,-1,-1
3411,13,834.6922607421875,628.5982055664062,-1,-1,1,-1,-1,-1
3412,13,863.0845947265625,628.556884765625,-1,-1,1,-1,-1,-1
3413,13,891.484619140625,628.5855102539062,-1,-1,1,-1,-1,-1
3414,13,919.708251953125,628.6439819335938,-1,-1,1,-1,-1,-1
3415,13,948.161376953125,628.7122802734375,-1,-1,1,-1,-1,-1
3416,13,976.5838623046875,628.614013671875,-1,-1,1,-1,-1,-1
3417,13,997.7960205078125,628.7161865234375,-1,-1,1,-1,-1,-1
3418,13,1019.3487548828125,635.7167358398438,-1,-1,1,-1,-1,-1
3419,13,1040.721923828125,635.76220703125,-1,-1,1,-1,-1,-1
3420,13,1069.074951171875,635.9550170898438,-1,-1,1,-1,-1,-1
3690,14,408.4703369140625,671.31103515625,-1,-1,1,-1,-1,-1
3692,14,458.1844787597656,678.2887573242188,-1,-1,1,-1,-1,-1
3693,14,493.62017822265625,678.3280639648438,-1,-1,1,-1,-1,-1
3694,14,529.2269897460938,678.432373046875,-1,-1,1,-1,-1,-1
3694,15,238.2882843017578,599.6326293945312,-1,-1,1,-1,-1,-1
3695,14,557.44775390625,678.4158325195312,-1,-1,1,-1,-1,-1
3696,14,585.8671875,678.485107421875,-1,-1,1,-1,-1,-1
3696,15,295.1868896484375,614.041015625,-1,-1,1,-1,-1,-1
3697,14,607.2315063476562,685.5501708984375,-1,-1,1,-1,-1,-1
3697,15,323.58819580078125,614.0853271484375,-1,-1,1,-1,-1,-1
3698,14,635.6609497070312,685.4603271484375,-1,-1,1,-1,-1,-1
3698,15,358.8453369140625,614.259521484375,-1,-1,1,-1,-1,-1
3699,14,664.1392211914062,685.52001953125,-1,-1,1,-1,-1,-1
3699,15,380.3250732421875,621.100830078125,-1,-1,1,-1,-1,-1
3700,14,685.4163818359375,692.4373779296875,-1,-1,1,-1,-1,-1
3700,15,408.8150634765625,614.1626586914062,-1,-1,1,-1,-1,-1
3701,14,706.8983154296875,692.4754638671875,-1,-1,1,-1,-1,-1
3702,14,735.2293701171875,699.5953369140625,-1,-1,1,-1,-1,-1
3702,15,458.42584228515625,621.300048828125,-1,-1,1,-1,-1,-1
3703,14,763.71484375,699.7451782226562,-1,-1,1,-1,-1,-1
3703,15,486.7191162109375,621.304443359375,-1,-1,1,-1,-1,-1
3704,14,785.1026000976562,706.8168334960938,-1,-1,1,-1,-1,-1
3704,15,508.05914306640625,628.331298828125,-1,-1,1,-1,-1,-1
3705,14,806.2784423828125,713.8951416015625,-1,-1,1,-1,-1,-1
3705,15,529.3771362304688,635.269775390625,-1,-1,1,-1,-1,-1
3706,14,827.73291015625,713.9764404296875,-1,-1,1,-1,-1,-1
3706,15,550.9532470703125,642.53857421875,-1,-1,1,-1,-1,-1
3707,14,856.145751953125,720.847900390625,-1,-1,1,-1,-1,-1
3707,15,571.89013671875,642.45654296875,-1,-1,1,-1,-1,-1
3708,14,877.423828125,728.1273193359375,-1,-1,1,-1,-1,-1
3708,15,593.401611328125,649.5933837890625,-1,-1,1,-1,-1,-1
3709,14,891.59130859375,735.0665283203125,-1,-1,1,-1,-1,-1
3709,15,614.8187255859375,656.6443481445312,-1,-1,1,-1,-1,-1
3710,14,920.0767211914062,735.1201171875,-1,-1,1,-1,-1,-1
3710,15,636.26025390625,663.839111328125,-1,-1,1,-1,-1,-1
3711,14,941.447021484375,742.2403564453125,-1,-1,1,-1,-1,-1
3711,15,657.4940185546875,663.6649780273438,-1,-1,1,-1,-1,-1
3712,14,962.8265380859375,742.201416015625,-1,-1,1,-1,-1,-1
3712,15,678.77001953125,670.7340087890625,-1,-1,1,-1,-1,-1
3713,14,991.21923828125,749.3090209960938,-1,-1,1,-1,-1,-1
3713,15,692.9649047851562,670.686767578125,-1,-1,1,-1,-1,-1
3714,14,956.4011840820312,770.7607421875,-1,-1,1,-1,-1,-1
3714,15,714.251953125,670.8012084960938,-1,-1,1,-1,-1,-1
3715,14,984.6375732421875,770.7186279296875,-1,-1,1,-1,-1,-1
3715,15,728.6098022460938,670.6620483398438,-1,-1,1,-1,-1,-1
3716,14,998.8827514648438,763.7051391601562,-1,-1,1,-1,-1,-1
3716,15,749.7594604492188,670.6417236328125,-1,-1,1,-1,-1,-1
3717,14,1027.1513671875,763.648193359375,-1,-1,1,-1,-1,-1
3717,15,771.05810546875,670.693115234375,-1,-1,1,-1,-1,-1
3718,14,1048.489013671875,763.486572265625,-1,-1,1,-1,-1,-1
3718,15,785.4666748046875,670.8419189453125,-1,-1,1,-1,-1,-1
3719,14,1069.7855224609375,763.5413818359375,-1,-1,1,-1,-1,-1
3719,15,806.6761474609375,663.7048950195312,-1,-1,1,-1,-1,-1
3720,14,1084.2939453125,763.5960083007812,-1,-1,1,-1,-1,-1
3720,15,827.96728515625,663.6708984375,-1,-1,1,-1,-1,-1
3721,14,1154.584716796875,742.262451171875,-1,-1,1,-1,-1,-1
3721,15,842.2108764648438,663.588134765625,-1,-1,1,-1,-1,-1
3722,14,1176.02197265625,735.1192626953125,-1,-1,1,-1,-1,-1
3722,15,863.5631103515625,663.5202026367188,-1,-1,1,-1,-1,-1
3723,14,1197.22216796875,735.0958251953125,-1,-1,1,-1,-1,-1
3723,15,884.8754272460938,663.6190795898438,-1,-1,1,-1,-1,-1
3724,14,1225.546630859375,735.2237548828125,-1,-1,1,-1,-1,-1
3724,15,906.29931640625,663.4977416992188,-1,-1,1,-1,-1,-1
3725,14,1239.79296875,735.0529174804688,-1,-1,1,-1,-1,-1
3725,15,927.5582275390625,656.463623046875,-1,-1,1,-1,-1,-1
3726,14,1261.2022705078125,734.94189453125,-1,-1,1,-1,-1,-1
3726,15,948.7877197265625,656.455078125,-1,-1,1,-1,-1,-1
3727,15,970.2960205078125,656.429931640625,-1,-1,1,-1,-1,-1
3728,14,1310.939697265625,727.9925537109375,-1,-1,1,-1,-1,-1
3728,15,991.5706787109375,656.4332275390625,-1,-1,1,-1,-1,-1
3729,14,1339.438232421875,727.9969482421875,-1,-1,1,-1,-1,-1
3729,15,1012.8818969726562,656.474365234375,-1,-1,1,-1,-1,-1
3730,14,1360.838623046875,728.000244140625,-1,-1,1,-1,-1,-1
3730,15,1041.19384765625,649.4683837890625,-1,-1,1,-1,-1,-1
3731,14,1389.1826171875,727.8547973632812,-1,-1,1,-1,-1,-1
3731,15,1062.64990234375,649.5306396484375,-1,-1,1,-1,-1,-1
3732,14,1417.5355224609375,728.104736328125,-1,-1,1,-1,-1,-1
3732,15,1091.052734375,649.5327758789062,-1,-1,1,-1,-1,-1
3733,14,1445.990966796875,727.8843383789062,-1,-1,1,-1,-1,-1
3733,15,1112.44140625,649.5025634765625,-1,-1,1,-1,-1,-1
3734,14,1467.350341796875,727.9287109375,-1,-1,1,-1,-1,-1
3734,15,1133.7420654296875,649.4208984375,-1,-1,1,-1,-1,-1
3735,14,1495.902099609375,727.89892578125,-1,-1,1,-1,-1,-1
3735,15,1162.204833984375,649.531494140625,-1,-1,1,-1,-1,-1
3736,14,1524.31787109375,727.8309326171875,-1,-1,1,-1,-1,-1
3736,15,1183.4632568359375,649.4358520507812,-1,-1,1,-1,-1,-1
3737,14,1545.73583984375,727.77783203125,-1,-1,1,-1,-1,-1
3737,15,1204.869873046875,649.343505859375,-1,-1,1,-1,-1,-1
3738,14,1574.2080078125,727.813720703125,-1,-1,1,-1,-1,-1
3738,15,1226.208251953125,649.3776245117188,-1,-1,1,-1,-1,-1
3739,14,1595.463134765625,727.91552734375,-1,-1,1,-1,-1,-1
3739,15,1254.6492919921875,642.3380126953125,-1,-1,1,-1,-1,-1
3740,14,1630.751708984375,727.9373779296875,-1,-1,1,-1,-1,-1
3740,15,1275.8194580078125,649.381591796875,-1,-1,1,-1,-1,-1
3741,14,1659.0987548828125,727.9892578125,-1,-1,1,-1,-1,-1
3741,15,1297.1463623046875,642.388427734375,-1,-1,1,-1,-1,-1
3742,14,1680.2496337890625,727.9013061523438,-1,-1,1,-1,-1,-1
3742,15,1318.443359375,642.3515625,-1,-1,1,-1,-1,-1
3743,14,1708.96484375,720.5167236328125,-1,-1,1,-1,-1,-1
3743,15,1339.8043212890625,642.37353515625,-1,-1,1,-1,-1,-1
3744,14,1737.282470703125,720.6005859375,-1,-1,1,-1,-1,-1
3744,15,1368.381103515625,635.2410278320312,-1,-1,1,-1,-1,-1
3745,14,1765.649169921875,720.738037109375,-1,-1,1,-1,-1,-1
3745,15,1389.603271484375,635.24853515625,-1,-1,1,-1,-1,-1
3746,14,1787.1912841796875,713.5923461914062,-1,-1,1,-1,-1,-1
3746,15,1410.8482666015625,635.4418334960938,-1,-1,1,-1,-1,-1
3747,14,1815.5028076171875,713.6966552734375,-1,-1,1,-1,-1,-1
3747,15,1432.23046875,628.174560546875,-1,-1,1,-1,-1,-1
3748,14,1844.1099853515625,713.43896484375,-1,-1,1,-1,-1,-1
3748,15,1453.5404052734375,620.963134765625,-1,-1,1,-1,-1,-1
3749,14,1865.5726318359375,713.3836059570312,-1,-1,1,-1,-1,-1
3749,15,1474.8408203125,621.017578125,-1,-1,1,-1,-1,-1
3750,14,1879.67919921875,706.294677734375,-1,-1,1,-1,-1,-1
3750,15,1496.201416015625,621.1588745117188,-1,-1,1,-1,-1,-1
3751,15,1517.4886474609375,620.87451171875,-1,-1,1,-1,-1,-1
3752,15,1538.640380859375,620.9133911132812,-1,-1,1,-1,-1,-1
3753,15,1559.97412109375,620.997802734375,-1,-1,1,-1,-1,-1
3754,15,1581.1495361328125,621.0535278320312,-1,-1,1,-1,-1,-1
3755,15,1602.515380859375,621.081298828125,-1,-1,1,-1,-1,-1
3756,15,1630.9422607421875,621.1195678710938,-1,-1,1,-1,-1,-1
3757,15,1659.276611328125,621.2079467773438,-1,-1,1,-1,-1,-1
3758,15,1680.6202392578125,621.19970703125,-1,-1,1,-1,-1,-1
3759,15,1701.96044921875,621.1185302734375,-1,-1,1,-1,-1,-1
3760,15,1730.259521484375,621.1708984375,-1,-1,1,-1,-1,-1
3796,16,67.82012939453125,316.09613037109375,-1,-1,1,-1,-1,-1
3797,16,117.87457275390625,323.050048828125,-1,-1,1,-1,-1,-1
3798,16,167.4790802001953,336.9811706542969,-1,-1,1,-1,-1,-1
3799,16,210.46829223632812,336.8370361328125,-1,-1,1,-1,-1,-1
3800,16,245.76400756835938,351.20794677734375,-1,-1,1,-1,-1,-1
3801,16,288.31658935546875,351.2774658203125,-1,-1,1,-1,-1,-1
3802,16,338.0703125,358.34918212890625,-1,-1,1,-1,-1,-1
3803,16,380.5126037597656,365.4539794921875,-1,-1,1,-1,-1,-1
3804,16,415.72296142578125,372.551025390625,-1,-1,1,-1,-1,-1
3805,16,458.7220458984375,386.68060302734375,-1,-1,1,-1,-1,-1
3806,16,487.2034912109375,393.624267578125,-1,-1,1,-1,-1,-1
3807,16,522.7118530273438,400.81280517578125,-1,-1,1,-1,-1,-1
3808,16,558.0556030273438,408.1170349121094,-1,-1,1,-1,-1,-1
3809,16,586.575439453125,407.81982421875,-1,-1,1,-1,-1,-1
3810,16,608.0348510742188,429.2698059082031,-1,-1,1,-1,-1,-1
3811,16,636.6771240234375,443.5005798339844,-1,-1,1,-1,-1,-1
3812,16,657.7371826171875,450.528076171875,-1,-1,1,-1,-1,-1
3813,16,679.041748046875,457.87725830078125,-1,-1,1,-1,-1,-1
3814,16,700.23388671875,472.01605224609375,-1,-1,1,-1,-1,-1
3815,16,721.8187866210938,479.1134338378906,-1,-1,1,-1,-1,-1
3816,16,742.8206176757812,493.3206787109375,-1,-1,1,-1,-1,-1
3817,16,764.26025390625,507.70794677734375,-1,-1,1,-1,-1,-1
3818,16,785.80810546875,507.3836669921875,-1,-1,1,-1,-1,-1
3819,16,814.07861328125,514.6943969726562,-1,-1,1,-1,-1,-1
3820,16,828.2921142578125,528.7880249023438,-1,-1,1,-1,-1,-1
3821,16,842.7560424804688,535.6782836914062,-1,-1,1,-1,-1,-1
3822,16,856.6103515625,542.8594970703125,-1,-1,1,-1,-1,-1
