65,1,849.1141357421875,642.73291015625,-1,-1,1,-1,-1,-1
66,1,863.46728515625,642.5761108398438,-1,-1,1,-1,-1,-1
73,1,948.7467041015625,649.6934814453125,-1,-1,1,-1,-1,-1
76,1,984.271240234375,642.4366455078125,-1,-1,1,-1,-1,-1
77,1,991.272216796875,642.60205078125,-1,-1,1,-1,-1,-1
78,1,1005.6353759765625,635.560546875,-1,-1,1,-1,-1,-1
80,1,1041.0234375,628.4099731445312,-1,-1,1,-1,-1,-1
83,1,1105.102294921875,614.1214599609375,-1,-1,1,-1,-1,-1
84,1,1126.36572265625,606.9627685546875,-1,-1,1,-1,-1,-1
86,1,1176.1173095703125,607.1148681640625,-1,-1,1,-1,-1,-1
87,1,1204.513916015625,607.1412963867188,-1,-1,1,-1,-1,-1
88,1,1232.943115234375,607.3529052734375,-1,-1,1,-1,-1,-1
89,1,1261.3377685546875,614.3900756835938,-1,-1,1,-1,-1,-1
90,1,1289.8172607421875,614.2042236328125,-1,-1,1,-1,-1,-1
91,1,1318.35400390625,614.3974609375,-1,-1,1,-1,-1,-1
92,1,1353.89794921875,614.3880615234375,-1,-1,1,-1,-1,-1
93,1,1382.355224609375,621.3795166015625,-1,-1,1,-1,-1,-1
94,1,1410.658447265625,628.56103515625,-1,-1,1,-1,-1,-1
95,1,1446.287353515625,628.4329833984375,-1,-1,1,-1,-1,-1
96,1,1474.70703125,635.6348876953125,-1,-1,1,-1,-1,-1
97,1,1510.20849609375,635.808837890625,-1,-1,1,-1,-1,-1
98,1,1538.6572265625,642.902099609375,-1,-1,1,-1,-1,-1
99,1,1567.0045166015625,650.1171875,-1,-1,1,-1,-1,-1
100,1,1602.61767578125,650.010986328125,-1,-1,1,-1,-1,-1
101,1,1638.1826171875,657.1414184570312,-1,-1,1,-1,-1,-1
114,2,209.87445068359375,734.765869140625,-1,-1,1,-1,-1,-1
123,2,423.1119689941406,706.444091796875,-1,-1,1,-1,-1,-1
125,2,465.78955078125,699.2525634765625,-1,-1,1,-1,-1,-1
126,2,487.0638427734375,699.3008422851562,-1,-1,1,-1,-1,-1
127,2,508.4400634765625,699.2413330078125,-1,-1,1,-1,-1,-1
128,2,529.6148681640625,699.40478515625,-1,-1,1,-1,-1,-1
129,2,550.8079833984375,706.2147216796875,-1,-1,1,-1,-1,-1
130,2,565.0706787109375,706.3739013671875,-1,-1,1,-1,-1,-1
131,2,586.4472045898438,706.3941650390625,-1,-1,1,-1,-1,-1
132,2,600.67431640625,706.4268798828125,-1,-1,1,-1,-1,-1
133,2,614.8035278320312,699.4518432617188,-1,-1,1,-1,-1,-1
134,2,621.762451171875,692.05810546875,-1,-1,1,-1,-1,-1
135,2,636.006591796875,691.783447265625,-1,-1,1,-1,-1,-1
136,2,657.3345947265625,684.7581787109375,-1,-1,1,-1,-1,-1
137,2,671.4622802734375,684.774169921875,-1,-1,1,-1,-1,-1
138,2,678.5478515625,684.809326171875,-1,-1,1,-1,-1,-1
139,2,692.8154296875,684.8511962890625,-1,-1,1,-1,-1,-1
140,2,699.768798828125,677.7733154296875,-1,-1,1,-1,-1,-1
141,2,706.8883666992188,677.7509155273438,-1,-1,1,-1,-1,-1
142,2,706.99951171875,677.65234375,-1,-1,1,-1,-1,-1
143,2,714.15087890625,684.7994384765625,-1,-1,1,-1,-1,-1
144,2,713.9000244140625,684.704345703125,-1,-1,1,-1,-1,-1
145,2,713.7774047851562,692.153564453125,-1,-1,1,-1,-1,-1
146,2,713.9262084960938,699.1864013671875,-1,-1,1,-1,-1,-1
147,2,713.8016967773438,706.4490966796875,-1,-1,1,-1,-1,-1
148,2,713.7857055664062,713.5498046875,-1,-1,1,-1,-1,-1
149,2,713.8575439453125,713.518310546875,-1,-1,1,-1,-1,-1
150,2,713.8993530273438,720.6414794921875,-1,-1,1,-1,-1,-1
151,2,714.090576171875,720.626953125,-1,-1,1,-1,-1,-1
152,2,714.1422119140625,720.694091796875,-1,-1,1,-1,-1,-1
153,2,714.1424560546875,727.6337890625,-1,-1,1,-1,-1,-1
154,2,714.3228759765625,727.71533203125,-1,-1,1,-1,-1,-1
155,2,707.2711181640625,734.5821533203125,-1,-1,1,-1,-1,-1
156,2,707.176513671875,734.8037109375,-1,-1,1,-1,-1,-1
157,2,707.2374267578125,741.9146728515625,-1,-1,1,-1,-1,-1
158,2,707.1072998046875,742.0677490234375,-1,-1,1,-1,-1,-1
159,2,714.2305297851562,749.135498046875,-1,-1,1,-1,-1,-1
160,2,714.349609375,749.1112060546875,-1,-1,1,-1,-1,-1
161,2,721.496826171875,749.17138671875,-1,-1,1,-1,-1,-1
162,2,728.669677734375,756.2255859375,-1,-1,1,-1,-1,-1
163,2,742.7877197265625,763.3519287109375,-1,-1,1,-1,-1,-1
164,2,749.7570190429688,763.491455078125,-1,-1,1,-1,-1,-1
165,2,764.0216674804688,770.7357177734375,-1,-1,1,-1,-1,-1
166,2,771.1409912109375,770.65771484375,-1,-1,1,-1,-1,-1
167,2,785.318359375,770.7891845703125,-1,-1,1,-1,-1,-1
168,2,785.3790893554688,770.6396484375,-1,-1,1,-1,-1,-1
169,2,800.0076904296875,770.668701171875,-1,-1,1,-1,-1,-1
170,2,807.0574340820312,770.7503662109375,-1,-1,1,-1,-1,-1
171,2,821.28955078125,770.7745361328125,-1,-1,1,-1,-1,-1
172,2,835.1415405273438,763.5885009765625,-1,-1,1,-1,-1,-1
173,2,856.5791015625,763.7001953125,-1,-1,1,-1,-1,-1
174,2,870.7783203125,763.5726928710938,-1,-1,1,-1,-1,-1
175,2,892.275634765625,763.6571655273438,-1,-1,1,-1,-1,-1
176,2,899.2734375,756.6478271484375,-1,-1,1,-1,-1,-1
177,2,920.4158325195312,749.314697265625,-1,-1,1,-1,-1,-1
178,2,934.6743774414062,749.528076171875,-1,-1,1,-1,-1,-1
179,2,956.0949096679688,742.1283569335938,-1,-1,1,-1,-1,-1
180,2,984.4014892578125,742.2928466796875,-1,-1,1,-1,-1,-1
181,2,1005.7684936523438,742.3392333984375,-1,-1,1,-1,-1,-1
182,2,1026.9295654296875,735.46923828125,-1,-1,1,-1,-1,-1
183,2,1062.5750732421875,727.9202880859375,-1,-1,1,-1,-1,-1
184,2,1083.69384765625,728.072265625,-1,-1,1,-1,-1,-1
185,2,1112.25341796875,728.3004150390625,-1,-1,1,-1,-1,-1
186,2,1140.542724609375,721.1035766601562,-1,-1,1,-1,-1,-1
187,2,1161.9482421875,713.6375732421875,-1,-1,1,-1,-1,-1
188,2,1183.318115234375,706.5914306640625,-1,-1,1,-1,-1,-1
189,2,1211.642333984375,706.53759765625,-1,-1,1,-1,-1,-1
190,2,1240.158447265625,706.5831298828125,-1,-1,1,-1,-1,-1
191,2,1268.6038818359375,706.6022338867188,-1,-1,1,-1,-1,-1
192,2,1289.74755859375,706.47607421875,-1,-1,1,-1,-1,-1
193,2,1303.8828125,706.50927734375,-1,-1,1,-1,-1,-1
194,2,1332.14794921875,706.8614501953125,-1,-1,1,-1,-1,-1
195,2,1353.673583984375,706.6405029296875,-1,-1,1,-1,-1,-1
196,2,1374.9990234375,706.8530883789062,-1,-1,1,-1,-1,-1
197,2,1396.148193359375,699.3233642578125,-1,-1,1,-1,-1,-1
198,2,1431.289794921875,699.477294921875,-1,-1,1,-1,-1,-1
199,2,1459.998291015625,692.5145263671875,-1,-1,1,-1,-1,-1
200,2,1481.45263671875,685.1416015625,-1,-1,1,-1,-1,-1
201,2,1495.924072265625,685.1727294921875,-1,-1,1,-1,-1,-1
204,2,1566.782958984375,677.9881591796875,-1,-1,1,-1,-1,-1
205,2,1587.9332275390625,678.1339111328125,-1,-1,1,-1,-1,-1
206,2,1609.404052734375,678.0103759765625,-1,-1,1,-1,-1,-1
207,2,1637.7470703125,678.1200561523438,-1,-1,1,-1,-1,-1
328,3,422.9883728027344,564.5697021484375,-1,-1,1,-1,-1,-1
331,3,444.20001220703125,564.8175048828125,-1,-1,1,-1,-1,-1
332,3,458.27264404296875,564.8109130859375,-1,-1,1,-1,-1,-1
333,3,465.5777587890625,557.544189453125,-1,-1,1,-1,-1,-1
334,3,472.62152099609375,564.4688720703125,-1,-1,1,-1,-1,-1
335,3,486.7026062011719,564.6163330078125,-1,-1,1,-1,-1,-1
336,3,493.85443115234375,564.5637817382812,-1,-1,1,-1,-1,-1
337,3,501.05340576171875,564.6467895507812,-1,-1,1,-1,-1,-1
338,3,515.08056640625,571.6500854492188,-1,-1,1,-1,-1,-1
339,3,529.2674560546875,571.7022094726562,-1,-1,1,-1,-1,-1
340,3,543.6605224609375,571.8701171875,-1,-1,1,-1,-1,-1
341,3,564.9426879882812,578.67724609375,-1,-1,1,-1,-1,-1
342,3,579.0894165039062,578.7923583984375,-1,-1,1,-1,-1,-1
343,3,600.414306640625,578.5791015625,-1,-1,1,-1,-1,-1
344,3,621.81298828125,578.7351684570312,-1,-1,1,-1,-1,-1
345,3,643.0660400390625,585.5133056640625,-1,-1,1,-1,-1,-1
346,3,671.584716796875,585.572998046875,-1,-1,1,-1,-1,-1
347,3,692.9676513671875,585.6643676757812,-1,-1,1,-1,-1,-1
348,3,714.1646728515625,585.7200927734375,-1,-1,1,-1,-1,-1
349,3,728.634033203125,592.6393432617188,-1,-1,1,-1,-1,-1
350,3,749.7698364257812,592.737548828125,-1,-1,1,-1,-1,-1
351,3,771.189208984375,592.8390502929688,-1,-1,1,-1,-1,-1
352,3,785.4344482421875,592.7361450195312,-1,-1,1,-1,-1,-1
353,3,806.6461181640625,592.5732421875,-1,-1,1,-1,-1,-1
354,3,820.8818359375,592.78955078125,-1,-1,1,-1,-1,-1
355,3,835.143310546875,592.6565551757812,-1,-1,1,-1,-1,-1
356,3,849.39794921875,592.6400146484375,-1,-1,1,-1,-1,-1
357,3,863.5513916015625,585.6886596679688,-1,-1,1,-1,-1,-1
358,3,877.855224609375,592.7044067382812,-1,-1,1,-1,-1,-1
359,3,892.02587890625,592.7186279296875,-1,-1,1,-1,-1,-1
360,3,899.0888671875,592.7353515625,-1,-1,1,-1,-1,-1
361,3,906.2938842773438,592.748779296875,-1,-1,1,-1,-1,-1
362,3,913.232177734375,592.791748046875,-1,-1,1,-1,-1,-1
363,3,927.4296875,592.7994384765625,-1,-1,1,-1,-1,-1
364,3,934.6204833984375,599.8694458007812,-1,-1,1,-1,-1,-1
365,3,941.60498046875,599.9073486328125,-1,-1,1,-1,-1,-1
366,3,941.7291259765625,606.8663330078125,-1,-1,1,-1,-1,-1
367,3,956.001953125,607.0309448242188,-1,-1,1,-1,-1,-1
368,3,962.961669921875,607.1331787109375,-1,-1,1,-1,-1,-1
369,3,970.0899658203125,614.1212158203125,-1,-1,1,-1,-1,-1
370,3,984.2457275390625,614.138671875,-1,-1,1,-1,-1,-1
371,3,991.2811889648438,621.1141967773438,-1,-1,1,-1,-1,-1
372,3,998.4961547851562,621.1867065429688,-1,-1,1,-1,-1,-1
373,3,1005.6409301757812,621.2384033203125,-1,-1,1,-1,-1,-1
374,3,1019.7509765625,621.234375,-1,-1,1,-1,-1,-1
375,3,1026.8369140625,621.2233276367188,-1,-1,1,-1,-1,-1
376,3,1041.1671142578125,621.2071533203125,-1,-1,1,-1,-1,-1
377,3,1055.381591796875,621.070068359375,-1,-1,1,-1,-1,-1
378,3,1062.359130859375,621.1873779296875,-1,-1,1,-1,-1,-1
379,3,1076.610107421875,614.2662353515625,-1,-1,1,-1,-1,-1
380,3,1090.80078125,614.3167724609375,-1,-1,1,-1,-1,-1
381,3,1104.8525390625,621.109619140625,-1,-1,1,-1,-1,-1
383,3,1133.443115234375,614.3358154296875,-1,-1,1,-1,-1,-1
384,3,1147.376708984375,614.0389404296875,-1,-1,1,-1,-1,-1
385,3,1161.8951416015625,607.2540283203125,-1,-1,1,-1,-1,-1
386,3,1183.227783203125,606.999267578125,-1,-1,1,-1,-1,-1
390,3,1247.047607421875,599.84521484375,-1,-1,1,-1,-1,-1
396,3,1353.686767578125,592.826416015625,-1,-1,1,-1,-1,-1
398,3,1396.4041748046875,585.9442138671875,-1,-1,1,-1,-1,-1
400,3,1439.0023193359375,585.9950561523438,-1,-1,1,-1,-1,-1
401,3,1460.22607421875,585.9529418945312,-1,-1,1,-1,-1,-1
643,4,231.4088897705078,514.93505859375,-1,-1,1,-1,-1,-1
647,4,316.485107421875,507.82196044921875,-1,-1,1,-1,-1,-1
649,4,359.3688049316406,507.915771484375,-1,-1,1,-1,-1,-1
652,4,416.2739562988281,515.0242919921875,-1,-1,1,-1,-1,-1
653,4,437.40606689453125,514.9388427734375,-1,-1,1,-1,-1,-1
654,4,458.832763671875,514.9813842773438,-1,-1,1,-1,-1,-1
655,4,480.0799560546875,514.9583740234375,-1,-1,1,-1,-1,-1
656,4,501.5102844238281,507.7967224121094,-1,-1,1,-1,-1,-1
657,4,522.8441162109375,507.83209228515625,-1,-1,1,-1,-1,-1
658,4,536.9417724609375,507.77569580078125,-1,-1,1,-1,-1,-1
659,4,558.2952880859375,507.9569396972656,-1,-1,1,-1,-1,-1
660,4,572.5068359375,508.00677490234375,-1,-1,1,-1,-1,-1
661,4,586.8525390625,500.7386474609375,-1,-1,1,-1,-1,-1
662,4,600.9738159179688,500.90740966796875,-1,-1,1,-1,-1,-1
663,4,622.2551879882812,493.79852294921875,-1,-1,1,-1,-1,-1
664,4,643.695556640625,486.61065673828125,-1,-1,1,-1,-1,-1
665,4,664.841552734375,486.698486328125,-1,-1,1,-1,-1,-1
666,4,679.0862426757812,479.667236328125,-1,-1,1,-1,-1,-1
667,4,700.5357666015625,472.64013671875,-1,-1,1,-1,-1,-1
668,4,721.6785888671875,465.34771728515625,-1,-1,1,-1,-1,-1
669,4,743.08984375,458.1829833984375,-1,-1,1,-1,-1,-1
670,4,757.351806640625,458.2681579589844,-1,-1,1,-1,-1,-1
671,4,778.4879150390625,451.20904541015625,-1,-1,1,-1,-1,-1
672,4,792.785888671875,444.17877197265625,-1,-1,1,-1,-1,-1
673,4,814.05859375,437.0030212402344,-1,-1,1,-1,-1,-1
674,4,828.2976684570312,429.87677001953125,-1,-1,1,-1,-1,-1
675,4,842.584716796875,429.99127197265625,-1,-1,1,-1,-1,-1
676,4,856.90771484375,422.8466796875,-1,-1,1,-1,-1,-1
677,4,877.8482666015625,422.8092956542969,-1,-1,1,-1,-1,-1
678,4,892.263671875,422.92303466796875,-1,-1,1,-1,-1,-1
679,4,913.564697265625,415.61431884765625,-1,-1,1,-1,-1,-1
680,4,927.9410400390625,415.6947326660156,-1,-1,1,-1,-1,-1
681,4,942.1520385742188,415.6881103515625,-1,-1,1,-1,-1,-1
682,4,956.1475219726562,422.9150695800781,-1,-1,1,-1,-1,-1
683,4,970.384521484375,422.917724609375,-1,-1,1,-1,-1,-1
684,4,984.6573486328125,422.8997497558594,-1,-1,1,-1,-1,-1
685,4,998.9136962890625,422.7059326171875,-1,-1,1,-1,-1,-1
686,4,1005.8139038085938,429.8851013183594,-1,-1,1,-1,-1,-1
687,4,1013.0499267578125,429.875244140625,-1,-1,1,-1,-1,-1
688,4,1027.2998046875,429.8941650390625,-1,-1,1,-1,-1,-1
689,4,1041.5413818359375,429.8311767578125,-1,-1,1,-1,-1,-1
690,4,1048.317626953125,436.97747802734375,-1,-1,1,-1,-1,-1
691,4,1062.7242431640625,437.01361083984375,-1,-1,1,-1,-1,-1
692,4,1077.143310546875,436.92669677734375,-1,-1,1,-1,-1,-1
693,4,1091.247802734375,444.17071533203125,-1,-1,1,-1,-1,-1
694,4,1098.2647705078125,443.963134765625,-1,-1,1,-1,-1,-1
695,4,1112.69384765625,443.9886779785156,-1,-1,1,-1,-1,-1
696,4,1126.935791015625,443.97247314453125,-1,-1,1,-1,-1,-1
697,4,1148.10791015625,443.9630432128906,-1,-1,1,-1,-1,-1
698,4,1162.237548828125,443.9117431640625,-1,-1,1,-1,-1,-1
699,4,1176.5853271484375,451.26763916015625,-1,-1,1,-1,-1,-1
700,4,1197.90576171875,451.1864929199219,-1,-1,1,-1,-1,-1
701,4,1219.19677734375,451.0691223144531,-1,-1,1,-1,-1,-1
702,4,1240.644287109375,451.1344909667969,-1,-1,1,-1,-1,-1
703,4,1261.86279296875,451.0599060058594,-1,-1,1,-1,-1,-1
704,4,1283.4476318359375,451.17425537109375,-1,-1,1,-1,-1,-1
705,4,1304.40625,458.2811279296875,-1,-1,1,-1,-1,-1
706,4,1325.8992919921875,458.379638671875,-1,-1,1,-1,-1,-1
707,4,1347.348388671875,458.3424072265625,-1,-1,1,-1,-1,-1
708,4,1368.5819091796875,458.3135986328125,-1,-1,1,-1,-1,-1
709,4,1389.577392578125,465.47235107421875,-1,-1,1,-1,-1,-1
710,4,1411.08203125,465.3739318847656,-1,-1,1,-1,-1,-1
711,4,1432.3602294921875,465.1521301269531,-1,-1,1,-1,-1,-1
712,4,1453.586669921875,465.06805419921875,-1,-1,1,-1,-1,-1
713,4,1482.1787109375,465.1226806640625,-1,-1,1,-1,-1,-1
714,4,1503.3140869140625,472.3284912109375,-1,-1,1,-1,-1,-1
715,4,1524.655517578125,472.267822265625,-1,-1,1,-1,-1,-1
896,5,643.2122802734375,408.1387634277344,-1,-1,1,-1,-1,-1
897,5,657.30908203125,415.3349914550781,-1,-1,1,-1,-1,-1
899,5,678.78564453125,436.55926513671875,-1,-1,1,-1,-1,-1
900,5,693.009521484375,436.9661865234375,-1,-1,1,-1,-1,-1
901,5,707.140380859375,443.9420166015625,-1,-1,1,-1,-1,-1
902,5,714.28759765625,443.95941162109375,-1,-1,1,-1,-1,-1
903,5,728.4774169921875,444.03564453125,-1,-1,1,-1,-1,-1
905,5,749.80517578125,450.79644775390625,-1,-1,1,-1,-1,-1
906,5,756.9537353515625,450.8377685546875,-1,-1,1,-1,-1,-1
907,5,771.1590576171875,450.93914794921875,-1,-1,1,-1,-1,-1
908,5,778.3609619140625,451.02398681640625,-1,-1,1,-1,-1,-1
909,5,785.436767578125,451.128173828125,-1,-1,1,-1,-1,-1
910,5,792.4090576171875,451.197265625,-1,-1,1,-1,-1,-1
911,5,799.58447265625,451.01812744140625,-1,-1,1,-1,-1,-1
912,5,806.7490234375,451.16375732421875,-1,-1,1,-1,-1,-1
913,5,813.8067016601562,458.2066650390625,-1,-1,1,-1,-1,-1
914,5,821.0670166015625,464.988037109375,-1,-1,1,-1,-1,-1
915,5,828.0817260742188,465.3941955566406,-1,-1,1,-1,-1,-1
916,5,835.121337890625,472.4677734375,-1,-1,1,-1,-1,-1
917,5,842.223388671875,479.26629638671875,-1,-1,1,-1,-1,-1
918,5,842.2279052734375,486.382080078125,-1,-1,1,-1,-1,-1
919,5,849.3773193359375,486.5548095703125,-1,-1,1,-1,-1,-1
920,5,856.475830078125,493.8064270019531,-1,-1,1,-1,-1,-1
921,5,863.44482421875,500.7950439453125,-1,-1,1,-1,-1,-1
922,5,870.6130981445312,507.8120422363281,-1,-1,1,-1,-1,-1
923,5,884.8194580078125,514.923583984375,-1,-1,1,-1,-1,-1
924,5,892.0224609375,522.0828857421875,-1,-1,1,-1,-1,-1
926,5,913.3289794921875,536.2703247070312,-1,-1,1,-1,-1,-1
927,5,920.5447387695312,543.393310546875,-1,-1,1,-1,-1,-1
928,5,934.7384033203125,550.1227416992188,-1,-1,1,-1,-1,-1
929,5,941.697998046875,557.3016357421875,-1,-1,1,-1,-1,-1
930,5,948.99365234375,557.58056640625,-1,-1,1,-1,-1,-1
931,5,955.8729248046875,564.137939453125,-1,-1,1,-1,-1,-1
932,5,963.2857666015625,564.574462890625,-1,-1,1,-1,-1,-1
933,5,970.1317138671875,571.4083251953125,-1,-1,1,-1,-1,-1
934,5,977.4693603515625,571.7403564453125,-1,-1,1,-1,-1,-1
935,5,984.5450439453125,571.7498168945312,-1,-1,1,-1,-1,-1
936,5,991.604736328125,571.6552124023438,-1,-1,1,-1,-1,-1
937,5,1005.8568725585938,578.650634765625,-1,-1,1,-1,-1,-1
938,5,1012.939453125,578.7393188476562,-1,-1,1,-1,-1,-1
939,5,1020.12744140625,578.85986328125,-1,-1,1,-1,-1,-1
940,5,1034.3482666015625,578.7190551757812,-1,-1,1,-1,-1,-1
941,5,1041.39794921875,578.6995849609375,-1,-1,1,-1,-1,-1
942,5,1055.60888671875,578.7296142578125,-1,-1,1,-1,-1,-1
943,5,1062.7484130859375,578.7105712890625,-1,-1,1,-1,-1,-1
944,5,1076.9869384765625,578.760009765625,-1,-1,1,-1,-1,-1
945,5,1091.133544921875,578.5501098632812,-1,-1,1,-1,-1,-1
946,5,1098.2728271484375,578.76806640625,-1,-1,1,-1,-1,-1
947,5,1112.49755859375,579.064208984375,-1,-1,1,-1,-1,-1
948,5,1119.638916015625,579.1661376953125,-1,-1,1,-1,-1,-1
949,5,1126.7490234375,586.0372924804688,-1,-1,1,-1,-1,-1
950,5,1133.8726806640625,586.1229248046875,-1,-1,1,-1,-1,-1
951,5,1140.951171875,586.125,-1,-1,1,-1,-1,-1
952,5,1148.107666015625,586.069580078125,-1,-1,1,-1,-1,-1
953,5,1155.2572021484375,586.013916015625,-1,-1,1,-1,-1,-1
954,5,1162.304443359375,578.9307861328125,-1,-1,1,-1,-1,-1
955,5,1169.2734375,579.1141357421875,-1,-1,1,-1,-1,-1
956,5,1176.3797607421875,579.1233520507812,-1,-1,1,-1,-1,-1
957,5,1183.5289306640625,579.1150512695312,-1,-1,1,-1,-1,-1
958,5,1190.6773681640625,578.875244140625,-1,-1,1,-1,-1,-1
959,5,1197.68701171875,571.8223876953125,-1,-1,1,-1,-1,-1
960,5,1204.841064453125,572.0684814453125,-1,-1,1,-1,-1,-1
961,5,1219.064697265625,572.048583984375,-1,-1,1,-1,-1,-1
962,5,1226.144287109375,571.94189453125,-1,-1,1,-1,-1,-1
963,5,1240.35107421875,564.9407958984375,-1,-1,1,-1,-1,-1
964,5,1247.383056640625,564.8888549804688,-1,-1,1,-1,-1,-1
965,5,1261.698974609375,564.8642578125,-1,-1,1,-1,-1,-1
966,5,1275.88525390625,557.56689453125,-1,-1,1,-1,-1,-1
967,5,1290.12353515625,557.9600830078125,-1,-1,1,-1,-1,-1
968,5,1304.377197265625,557.7628173828125,-1,-1,1,-1,-1,-1
969,5,1325.5828857421875,550.7142333984375,-1,-1,1,-1,-1,-1
970,5,1339.932373046875,550.7659912109375,-1,-1,1,-1,-1,-1
971,5,1361.29248046875,543.3157348632812,-1,-1,1,-1,-1,-1
972,5,1375.30224609375,543.2471313476562,-1,-1,1,-1,-1,-1
973,5,1389.4853515625,543.5067138671875,-1,-1,1,-1,-1,-1
974,5,1403.906494140625,543.6424560546875,-1,-1,1,-1,-1,-1
975,5,1418.0313720703125,543.6942749023438,-1,-1,1,-1,-1,-1
976,5,1432.279052734375,543.6585083007812,-1,-1,1,-1,-1,-1
977,5,1453.44970703125,543.6144409179688,-1,-1,1,-1,-1,-1
978,5,1467.6705322265625,543.4556274414062,-1,-1,1,-1,-1,-1
979,5,1481.9869384765625,543.5289306640625,-1,-1,1,-1,-1,-1
980,5,1496.2548828125,543.537841796875,-1,-1,1,-1,-1,-1
981,5,1510.355224609375,543.531982421875,-1,-1,1,-1,-1,-1
982,5,1524.649169921875,536.2215576171875,-1,-1,1,-1,-1,-1
983,5,1531.80615234375,543.608154296875,-1,-1,1,-1,-1,-1
984,5,1545.932373046875,543.3697509765625,-1,-1,1,-1,-1,-1
985,5,1553.06494140625,543.4541625976562,-1,-1,1,-1,-1,-1
986,5,1560.0736083984375,543.352294921875,-1,-1,1,-1,-1,-1
987,5,1567.099365234375,543.315185546875,-1,-1,1,-1,-1,-1
988,5,1567.3011474609375,550.5809326171875,-1,-1,1,-1,-1,-1
989,5,1574.2666015625,550.5556640625,-1,-1,1,-1,-1,-1
990,5,1574.29248046875,550.5253295898438,-1,-1,1,-1,-1,-1
991,5,1574.28955078125,550.5528564453125,-1,-1,1,-1,-1,-1
992,5,1574.3330078125,550.56591796875,-1,-1,1,-1,-1,-1
993,5,1574.327880859375,550.3546752929688,-1,-1,1,-1,-1,-1
994,5,1574.279541015625,557.6646118164062,-1,-1,1,-1,-1,-1
995,5,1574.4302978515625,557.693359375,-1,-1,1,-1,-1,-1
996,5,1574.338623046875,557.6458740234375,-1,-1,1,-1,-1,-1
997,5,1581.2958984375,557.6484375,-1,-1,1,-1,-1,-1
998,5,1595.51513671875,557.872802734375,-1,-1,1,-1,-1,-1
999,5,1609.694580078125,550.512451171875,-1,-1,1,-1,-1,-1
1000,5,1631.165283203125,550.5599365234375,-1,-1,1,-1,-1,-1
1001,5,1645.296142578125,543.5068359375,-1,-1,1,-1,-1,-1
1002,5,1666.55859375,543.40966796875,-1,-1,1,-1,-1,-1
1003,5,1687.826416015625,536.3818969726562,-1,-1,1,-1,-1,-1
1004,5,1716.3651123046875,536.361328125,-1,-1,1,-1,-1,-1
1005,5,1744.749267578125,529.2628173828125,-1,-1,1,-1,-1,-1
1006,5,1766.0196533203125,529.1968383789062,-1,-1,1,-1,-1,-1
1007,5,1794.36962890625,529.2040405273438,-1,-1,1,-1,-1,-1
1008,5,1822.7088623046875,529.1574096679688,-1,-1,1,-1,-1,-1
1009,5,1851.1693115234375,529.0670776367188,-1,-1,1,-1,-1,-1
1010,5,1879.609130859375,528.9072265625,-1,-1,1,-1,-1,-1
1058,6,977.0416259765625,756.564208984375,-1,-1,1,-1,-1,-1
1059,6,1047.79541015625,749.6544799804688,-1,-1,1,-1,-1,-1
1060,6,1105.083251953125,749.3114013671875,-1,-1,1,-1,-1,-1
1061,6,1169.19140625,749.555908203125,-1,-1,1,-1,-1,-1
1062,6,1226.1279296875,756.5791625976562,-1,-1,1,-1,-1,-1
1713,7,167.42904663085938,557.66552734375,-1,-1,1,-1,-1,-1
1714,7,202.69943237304688,557.717041015625,-1,-1,1,-1,-1,-1
1715,7,238.33645629882812,557.660400390625,-1,-1,1,-1,-1,-1
1716,7,273.9205017089844,557.56494140625,-1,-1,1,-1,-1,-1
1717,7,302.35400390625,557.759521484375,-1,-1,1,-1,-1,-1
1718,7,338.0084228515625,564.831298828125,-1,-1,1,-1,-1,-1
1719,7,366.1407165527344,564.8034057617188,-1,-1,1,-1,-1,-1
1720,7,401.89263916015625,571.9339599609375,-1,-1,1,-1,-1,-1
1721,7,430.1243591308594,571.67529296875,-1,-1,1,-1,-1,-1
1722,7,458.4918212890625,578.8868408203125,-1,-1,1,-1,-1,-1
1723,7,479.91058349609375,578.9322509765625,-1,-1,1,-1,-1,-1
1724,7,508.4910888671875,586.1072998046875,-1,-1,1,-1,-1,-1
1725,7,536.63916015625,585.9212646484375,-1,-1,1,-1,-1,-1
1726,7,558.244873046875,586.1536254882812,-1,-1,1,-1,-1,-1
1727,7,586.5948486328125,593.1943359375,-1,-1,1,-1,-1,-1
1728,7,614.9818725585938,593.119384765625,-1,-1,1,-1,-1,-1
1729,7,643.481201171875,593.132080078125,-1,-1,1,-1,-1,-1
1730,7,665.054443359375,600.2457275390625,-1,-1,1,-1,-1,-1
1731,7,686.1571044921875,600.201904296875,-1,-1,1,-1,-1,-1
1732,7,714.33154296875,593.0151977539062,-1,-1,1,-1,-1,-1
1733,7,735.849853515625,593.172607421875,-1,-1,1,-1,-1,-1
1734,7,757.208740234375,593.3408813476562,-1,-1,1,-1,-1,-1
1735,7,785.7039794921875,593.1549072265625,-1,-1,1,-1,-1,-1
1736,7,806.58056640625,585.8489379882812,-1,-1,1,-1,-1,-1
1737,7,828.23828125,586.0189208984375,-1,-1,1,-1,-1,-1
1738,7,849.5550537109375,585.9047241210938,-1,-1,1,-1,-1,-1
1739,7,870.7005615234375,578.774169921875,-1,-1,1,-1,-1,-1
1740,7,892.1144409179688,578.8978271484375,-1,-1,1,-1,-1,-1
1741,7,906.44677734375,578.9619750976562,-1,-1,1,-1,-1,-1
1742,7,927.667724609375,578.9708862304688,-1,-1,1,-1,-1,-1
1743,7,956.0849609375,578.771240234375,-1,-1,1,-1,-1,-1
1744,7,977.398193359375,578.8599853515625,-1,-1,1,-1,-1,-1
1745,7,998.66796875,578.8575439453125,-1,-1,1,-1,-1,-1
1746,7,1027.0673828125,571.783203125,-1,-1,1,-1,-1,-1
1747,7,1055.406982421875,571.650390625,-1,-1,1,-1,-1,-1
1748,7,1083.74853515625,564.4337158203125,-1,-1,1,-1,-1,-1
1749,7,1112.283203125,564.576416015625,-1,-1,1,-1,-1,-1
1750,7,1147.706787109375,564.4996337890625,-1,-1,1,-1,-1,-1
1751,7,1176.345703125,564.574462890625,-1,-1,1,-1,-1,-1
1752,7,1204.75732421875,564.595458984375,-1,-1,1,-1,-1,-1
1753,7,1240.238037109375,564.5523681640625,-1,-1,1,-1,-1,-1
1753,8,338.245361328125,670.8397216796875,-1,-1,1,-1,-1,-1
1754,7,1275.7587890625,564.5238037109375,-1,-1,1,-1,-1,-1
1754,8,366.5244140625,670.66015625,-1,-1,1,-1,-1,-1
1755,7,1304.13916015625,564.5745849609375,-1,-1,1,-1,-1,-1
1755,8,402.1174621582031,670.5052490234375,-1,-1,1,-1,-1,-1
1756,7,1339.64892578125,564.5074462890625,-1,-1,1,-1,-1,-1
1757,8,465.87933349609375,663.530029296875,-1,-1,1,-1,-1,-1
1758,8,501.48101806640625,663.4481201171875,-1,-1,1,-1,-1,-1
1759,8,529.9962158203125,656.1864624023438,-1,-1,1,-1,-1,-1
1760,8,565.4017333984375,656.1646728515625,-1,-1,1,-1,-1,-1
1760,9,274.0674743652344,677.419677734375,-1,-1,1,-1,-1,-1
1761,8,600.9451293945312,656.35107421875,-1,-1,1,-1,-1,-1
1761,9,309.4698486328125,677.556884765625,-1,-1,1,-1,-1,-1
1762,8,629.3536376953125,656.2635498046875,-1,-1,1,-1,-1,-1
1762,9,337.9384765625,677.471435546875,-1,-1,1,-1,-1,-1
1763,8,664.865966796875,663.3154296875,-1,-1,1,-1,-1,-1
1763,9,373.439453125,677.470947265625,-1,-1,1,-1,-1,-1
1764,7,1616.8154296875,571.8582763671875,-1,-1,1,-1,-1,-1
1764,8,700.3824462890625,663.4853515625,-1,-1,1,-1,-1,-1
1764,9,408.95855712890625,685.1990966796875,-1,-1,1,-1,-1,-1
1765,8,728.7318725585938,663.4607543945312,-1,-1,1,-1,-1,-1
1765,9,430.13116455078125,677.4354248046875,-1,-1,1,-1,-1,-1
1766,7,1695.020263671875,571.7657470703125,-1,-1,1,-1,-1,-1
1766,8,764.149658203125,663.5325317382812,-1,-1,1,-1,-1,-1
1766,9,458.7127990722656,677.3841552734375,-1,-1,1,-1,-1,-1
1767,8,792.709228515625,663.4873046875,-1,-1,1,-1,-1,-1
1767,9,486.94781494140625,684.8384399414062,-1,-1,1,-1,-1,-1
1768,7,1766.3017578125,578.7696533203125,-1,-1,1,-1,-1,-1
1768,8,828.4196166992188,670.6038818359375,-1,-1,1,-1,-1,-1
1768,9,515.3375854492188,684.8101806640625,-1,-1,1,-1,-1,-1
1769,7,1801.58935546875,585.943115234375,-1,-1,1,-1,-1,-1
1769,8,856.7206420898438,670.6063232421875,-1,-1,1,-1,-1,-1
1769,9,543.8193359375,684.6796264648438,-1,-1,1,-1,-1,-1
1770,8,892.13720703125,677.6535034179688,-1,-1,1,-1,-1,-1
1770,9,572.3256225585938,684.5863037109375,-1,-1,1,-1,-1,-1
1771,7,1879.8214111328125,585.69677734375,-1,-1,1,-1,-1,-1
1771,8,920.7191162109375,670.4799194335938,-1,-1,1,-1,-1,-1
1771,9,600.69482421875,684.7293701171875,-1,-1,1,-1,-1,-1
1772,8,949.10791015625,677.6468505859375,-1,-1,1,-1,-1,-1
1772,9,629.0970458984375,684.809814453125,-1,-1,1,-1,-1,-1
1773,8,984.5969848632812,677.713623046875,-1,-1,1,-1,-1,-1
1773,9,657.6199951171875,692.2842407226562,-1,-1,1,-1,-1,-1
1774,8,1013.0012817382812,677.6083374023438,-1,-1,1,-1,-1,-1
1774,9,685.94189453125,692.0887451171875,-1,-1,1,-1,-1,-1
1775,9,707.3154907226562,691.9013671875,-1,-1,1,-1,-1,-1
1776,8,1076.771728515625,684.8829956054688,-1,-1,1,-1,-1,-1
1776,9,742.759033203125,699.4436645507812,-1,-1,1,-1,-1,-1
1777,9,771.085693359375,699.2535400390625,-1,-1,1,-1,-1,-1
1778,9,799.7083740234375,699.1434326171875,-1,-1,1,-1,-1,-1
1779,9,828.1357421875,699.0182495117188,-1,-1,1,-1,-1,-1
1780,9,863.5401611328125,706.2894287109375,-1,-1,1,-1,-1,-1
1781,9,892.0440673828125,706.0545043945312,-1,-1,1,-1,-1,-1
1782,9,927.69482421875,713.5724487304688,-1,-1,1,-1,-1,-1
1783,9,956.006591796875,713.3604736328125,-1,-1,1,-1,-1,-1
1784,8,1360.5244140625,699.3345947265625,-1,-1,1,-1,-1,-1
1785,8,1382.079833984375,692.2362060546875,-1,-1,1,-1,-1,-1
1785,9,1020.2213134765625,720.6378173828125,-1,-1,1,-1,-1,-1
1786,9,1055.5850830078125,720.552490234375,-1,-1,1,-1,-1,-1
1787,8,1446.140869140625,706.5548095703125,-1,-1,1,-1,-1,-1
1787,9,1084.0472412109375,727.7425537109375,-1,-1,1,-1,-1,-1
1788,9,1119.4222412109375,727.5674438476562,-1,-1,1,-1,-1,-1
1789,8,1524.1021728515625,713.5111694335938,-1,-1,1,-1,-1,-1
1789,9,1140.82861328125,727.9661865234375,-1,-1,1,-1,-1,-1
1790,9,1183.624267578125,727.8572998046875,-1,-1,1,-1,-1,-1
1791,9,1219.2030029296875,734.910400390625,-1,-1,1,-1,-1,-1
1792,9,1254.8212890625,734.88720703125,-1,-1,1,-1,-1,-1
1793,9,1290.0751953125,734.751708984375,-1,-1,1,-1,-1,-1
1794,9,1318.462646484375,734.6566772460938,-1,-1,1,-1,-1,-1
1802,9,1610.00634765625,735.0372314453125,-1,-1,1,-1,-1,-1
1803,9,1645.6636962890625,735.0538330078125,-1,-1,1,-1,-1,-1
1895,10,437.2512512207031,642.4637451171875,-1,-1,1,-1,-1,-1
1897,10,437.0953369140625,656.86572265625,-1,-1,1,-1,-1,-1
1898,10,429.80877685546875,663.868408203125,-1,-1,1,-1,-1,-1
1899,10,422.8374938964844,664.0010986328125,-1,-1,1,-1,-1,-1
1901,10,415.7715148925781,671.061279296875,-1,-1,1,-1,-1,-1
1902,10,415.7984619140625,670.8734130859375,-1,-1,1,-1,-1,-1
1906,10,408.697265625,671.00048828125,-1,-1,1,-1,-1,-1
1908,10,408.70489501953125,671.087890625,-1,-1,1,-1,-1,-1
1909,10,408.6019287109375,671.0350952148438,-1,-1,1,-1,-1,-1
1910,10,408.5531005859375,670.9560546875,-1,-1,1,-1,-1,-1
1911,10,415.7184143066406,670.8118286132812,-1,-1,1,-1,-1,-1
1912,10,415.83197021484375,670.8694458007812,-1,-1,1,-1,-1,-1
1913,10,415.64642333984375,671.0857543945312,-1,-1,1,-1,-1,-1
1914,10,422.74578857421875,671.01708984375,-1,-1,1,-1,-1,-1
1915,10,429.9930114746094,671.0804443359375,-1,-1,1,-1,-1,-1
1916,10,437.16680908203125,670.91064453125,-1,-1,1,-1,-1,-1
1917,10,444.08258056640625,678.1924438476562,-1,-1,1,-1,-1,-1
1918,10,451.1943359375,685.551025390625,-1,-1,1,-1,-1,-1
1919,10,458.4000244140625,685.1863403320312,-1,-1,1,-1,-1,-1
1920,10,472.69073486328125,692.2215576171875,-1,-1,1,-1,-1,-1
1921,10,486.7818908691406,699.8792724609375,-1,-1,1,-1,-1,-1
1922,10,501.2078857421875,699.46826171875,-1,-1,1,-1,-1,-1
1923,10,522.2653198242188,706.7738037109375,-1,-1,1,-1,-1,-1
1924,10,536.5611572265625,706.7320556640625,-1,-1,1,-1,-1,-1
1925,10,550.7730102539062,706.8102416992188,-1,-1,1,-1,-1,-1
1926,10,565.023193359375,699.5411376953125,-1,-1,1,-1,-1,-1
1927,10,579.1231689453125,706.7713623046875,-1,-1,1,-1,-1,-1
1928,10,600.4273681640625,706.6195678710938,-1,-1,1,-1,-1,-1
1929,10,614.6469116210938,713.9239501953125,-1,-1,1,-1,-1,-1
1930,10,636.0968017578125,713.88037109375,-1,-1,1,-1,-1,-1
1931,10,650.2356567382812,706.781982421875,-1,-1,1,-1,-1,-1
1932,10,671.5006713867188,699.7747802734375,-1,-1,1,-1,-1,-1
1933,10,678.671630859375,685.2811279296875,-1,-1,1,-1,-1,-1
1934,10,692.7154541015625,678.349365234375,-1,-1,1,-1,-1,-1
1935,10,706.9854736328125,671.2750244140625,-1,-1,1,-1,-1,-1
1936,10,728.421630859375,664.0691528320312,-1,-1,1,-1,-1,-1
1937,10,742.6123046875,657.0338745117188,-1,-1,1,-1,-1,-1
1938,10,749.7559204101562,649.9727783203125,-1,-1,1,-1,-1,-1
1939,10,756.9194946289062,642.919189453125,-1,-1,1,-1,-1,-1
1940,10,763.9412841796875,635.8250732421875,-1,-1,1,-1,-1,-1
1941,10,771.1455078125,621.585205078125,-1,-1,1,-1,-1,-1
1942,10,771.009033203125,614.551025390625,-1,-1,1,-1,-1,-1
1943,10,785.290283203125,614.5396728515625,-1,-1,1,-1,-1,-1
1944,10,792.2957763671875,614.650390625,-1,-1,1,-1,-1,-1
1945,10,799.359130859375,614.6720581054688,-1,-1,1,-1,-1,-1
1946,10,813.54931640625,614.6417236328125,-1,-1,1,-1,-1,-1
1947,10,820.6589965820312,614.6685791015625,-1,-1,1,-1,-1,-1
1948,10,827.812744140625,614.6747436523438,-1,-1,1,-1,-1,-1
1949,10,842.2474365234375,614.6597900390625,-1,-1,1,-1,-1,-1
1950,10,849.245849609375,621.7552490234375,-1,-1,1,-1,-1,-1
1951,10,849.2991943359375,621.5482177734375,-1,-1,1,-1,-1,-1
1952,10,849.3524169921875,621.5925903320312,-1,-1,1,-1,-1,-1
1953,10,856.35888671875,628.9515380859375,-1,-1,1,-1,-1,-1
1954,10,856.3656005859375,628.8885498046875,-1,-1,1,-1,-1,-1
1955,10,856.3305053710938,621.607666015625,-1,-1,1,-1,-1,-1
1956,10,863.365234375,621.6964111328125,-1,-1,1,-1,-1,-1
1957,10,863.676025390625,621.88037109375,-1,-1,1,-1,-1,-1
1958,10,863.5823974609375,614.6982421875,-1,-1,1,-1,-1,-1
1959,10,870.7726440429688,614.7635498046875,-1,-1,1,-1,-1,-1
1960,10,877.68408203125,607.5582275390625,-1,-1,1,-1,-1,-1
1961,10,884.8016357421875,607.468994140625,-1,-1,1,-1,-1,-1
1962,10,891.9629516601562,607.5855102539062,-1,-1,1,-1,-1,-1
1963,10,899.24462890625,607.42578125,-1,-1,1,-1,-1,-1
1964,10,906.259033203125,600.393798828125,-1,-1,1,-1,-1,-1
1965,10,920.5164794921875,600.4141845703125,-1,-1,1,-1,-1,-1
1966,10,941.5772705078125,607.480712890625,-1,-1,1,-1,-1,-1
1967,10,956.1322021484375,607.6400146484375,-1,-1,1,-1,-1,-1
1968,10,970.199951171875,607.47509765625,-1,-1,1,-1,-1,-1
1969,10,991.58935546875,614.6439208984375,-1,-1,1,-1,-1,-1
1970,10,1012.9198608398438,614.6644287109375,-1,-1,1,-1,-1,-1
1971,10,1034.291015625,614.792236328125,-1,-1,1,-1,-1,-1
1972,10,1055.639892578125,614.6942138671875,-1,-1,1,-1,-1,-1
1973,10,1076.850830078125,621.8133544921875,-1,-1,1,-1,-1,-1
1974,10,1098.0958251953125,628.8238525390625,-1,-1,1,-1,-1,-1
1975,10,1119.5162353515625,643.0986938476562,-1,-1,1,-1,-1,-1
1976,10,1140.9139404296875,657.2008056640625,-1,-1,1,-1,-1,-1
1977,10,1162.2213134765625,671.2747802734375,-1,-1,1,-1,-1,-1
1978,10,1190.5152587890625,685.50341796875,-1,-1,1,-1,-1,-1
1979,10,1218.7864990234375,699.908447265625,-1,-1,1,-1,-1,-1
1980,10,1240.1492919921875,713.9942626953125,-1,-1,1,-1,-1,-1
1981,10,1275.82958984375,728.3828735351562,-1,-1,1,-1,-1,-1
1982,10,1311.3956298828125,749.62890625,-1,-1,1,-1,-1,-1
1983,10,1360.938232421875,763.835693359375,-1,-1,1,-1,-1,-1
1984,10,1403.8067626953125,763.8956298828125,-1,-1,1,-1,-1,-1
1985,10,1439.207275390625,756.787841796875,-1,-1,1,-1,-1,-1
1986,10,1474.689453125,749.692626953125,-1,-1,1,-1,-1,-1
1987,10,1517.3876953125,742.3790283203125,-1,-1,1,-1,-1,-1
1988,10,1552.7940673828125,728.146240234375,-1,-1,1,-1,-1,-1
1989,10,1595.5084228515625,721.063232421875,-1,-1,1,-1,-1,-1
1990,10,1645.025390625,706.5633544921875,-1,-1,1,-1,-1,-1
1991,10,1694.955322265625,699.5528564453125,-1,-1,1,-1,-1,-1
1992,10,1751.783203125,685.201416015625,-1,-1,1,-1,-1,-1
1993,10,1794.466552734375,699.4769287109375,-1,-1,1,-1,-1,-1
1994,10,1858.501708984375,706.6727294921875,-1,-1,1,-1,-1,-1
2055,11,39.33603286743164,606.8642578125,-1,-1,1,-1,-1,-1
2056,11,60.43789291381836,607.01611328125,-1,-1,1,-1,-1,-1
2057,11,81.91142272949219,607.0524291992188,-1,-1,1,-1,-1,-1
2058,11,103.21293640136719,606.952880859375,-1,-1,1,-1,-1,-1
2059,11,117.5444107055664,607.118896484375,-1,-1,1,-1,-1,-1
2060,11,138.67689514160156,607.1029052734375,-1,-1,1,-1,-1,-1
2061,11,160.07723999023438,607.0147705078125,-1,-1,1,-1,-1,-1
2062,11,174.32583618164062,607.050537109375,-1,-1,1,-1,-1,-1
2063,11,195.61146545410156,607.0628662109375,-1,-1,1,-1,-1,-1
2064,11,216.7938232421875,606.9332885742188,-1,-1,1,-1,-1,-1
2065,11,238.15036010742188,614.210205078125,-1,-1,1,-1,-1,-1
2066,11,259.41986083984375,614.2877197265625,-1,-1,1,-1,-1,-1
2067,11,287.8270263671875,614.1898803710938,-1,-1,1,-1,-1,-1
2068,11,309.2553405761719,614.0580444335938,-1,-1,1,-1,-1,-1
2068,12,970.1204833984375,749.06201171875,-1,-1,1,-1,-1,-1
2069,11,330.6336669921875,613.9873657226562,-1,-1,1,-1,-1,-1
2069,12,998.7283935546875,749.04248046875,-1,-1,1,-1,-1,-1
2070,11,344.86090087890625,614.089111328125,-1,-1,1,-1,-1,-1
2070,12,1027.4759521484375,748.8231201171875,-1,-1,1,-1,-1,-1
2071,11,359.08013916015625,613.976806640625,-1,-1,1,-1,-1,-1
2071,12,1056.087890625,748.8212280273438,-1,-1,1,-1,-1,-1
2072,11,373.2887268066406,614.22998046875,-1,-1,1,-1,-1,-1
2072,12,1091.431396484375,742.0732421875,-1,-1,1,-1,-1,-1
2073,11,387.3951416015625,614.2752685546875,-1,-1,1,-1,-1,-1
2073,12,1112.22998046875,748.79443359375,-1,-1,1,-1,-1,-1
2074,11,401.78887939453125,607.0565795898438,-1,-1,1,-1,-1,-1
2074,12,1140.501708984375,748.867431640625,-1,-1,1,-1,-1,-1
2075,11,415.96978759765625,607.0249633789062,-1,-1,1,-1,-1,-1
2075,12,1176.063232421875,742.0235595703125,-1,-1,1,-1,-1,-1
2076,11,437.165283203125,607.1131591796875,-1,-1,1,-1,-1,-1
2076,12,1204.46484375,748.8421630859375,-1,-1,1,-1,-1,-1
2077,11,458.573974609375,607.1325073242188,-1,-1,1,-1,-1,-1
2077,12,1240.3272705078125,741.8118896484375,-1,-1,1,-1,-1,-1
2078,11,472.70062255859375,607.3477783203125,-1,-1,1,-1,-1,-1
2078,12,1268.6920166015625,741.856201171875,-1,-1,1,-1,-1,-1
2079,11,493.97967529296875,607.3233642578125,-1,-1,1,-1,-1,-1
2079,12,1303.765380859375,755.88623046875,-1,-1,1,-1,-1,-1
2080,11,515.4534301757812,607.093505859375,-1,-1,1,-1,-1,-1
2080,12,1339.195068359375,763.1438598632812,-1,-1,1,-1,-1,-1
2081,11,543.751220703125,614.2716064453125,-1,-1,1,-1,-1,-1
2082,11,557.92578125,621.4041748046875,-1,-1,1,-1,-1,-1
2083,11,579.2950439453125,628.5101928710938,-1,-1,1,-1,-1,-1
2084,11,586.2471923828125,635.833984375,-1,-1,1,-1,-1,-1
2085,11,607.8319702148438,635.4664916992188,-1,-1,1,-1,-1,-1
2086,11,628.9414672851562,642.634521484375,-1,-1,1,-1,-1,-1
2087,11,643.372314453125,642.5997314453125,-1,-1,1,-1,-1,-1
2088,11,664.6810913085938,649.836181640625,-1,-1,1,-1,-1,-1
2089,11,685.6824951171875,657.07275390625,-1,-1,1,-1,-1,-1
2090,11,707.12646484375,656.944580078125,-1,-1,1,-1,-1,-1
2091,11,735.4276123046875,664.0711669921875,-1,-1,1,-1,-1,-1
2092,11,756.948486328125,663.9180908203125,-1,-1,1,-1,-1,-1
2093,11,771.24560546875,663.870361328125,-1,-1,1,-1,-1,-1
2094,11,792.4942626953125,671.1376953125,-1,-1,1,-1,-1,-1
2095,11,813.8388671875,671.1127319335938,-1,-1,1,-1,-1,-1
2096,11,828.125732421875,670.9818115234375,-1,-1,1,-1,-1,-1
2097,11,849.3079833984375,664.0543212890625,-1,-1,1,-1,-1,-1
2098,11,863.7208251953125,656.8382568359375,-1,-1,1,-1,-1,-1
2099,11,877.8807373046875,649.6209716796875,-1,-1,1,-1,-1,-1
2100,11,899.08740234375,642.4467163085938,-1,-1,1,-1,-1,-1
2101,11,920.561279296875,635.4418334960938,-1,-1,1,-1,-1,-1
2102,11,948.9536743164062,635.609130859375,-1,-1,1,-1,-1,-1
2104,11,998.5888671875,628.497314453125,-1,-1,1,-1,-1,-1
2105,11,1026.9410400390625,621.2928466796875,-1,-1,1,-1,-1,-1
2106,11,1055.42431640625,614.312255859375,-1,-1,1,-1,-1,-1
2107,11,1091.027587890625,614.3644409179688,-1,-1,1,-1,-1,-1
2108,11,1126.4454345703125,607.2935180664062,-1,-1,1,-1,-1,-1
2109,11,1154.84033203125,599.9866943359375,-1,-1,1,-1,-1,-1
2111,11,1218.897216796875,599.9483642578125,-1,-1,1,-1,-1,-1
2112,11,1254.292236328125,592.8220825195312,-1,-1,1,-1,-1,-1
2113,11,1290.0478515625,600.0626220703125,-1,-1,1,-1,-1,-1
2114,11,1332.62451171875,600.0650024414062,-1,-1,1,-1,-1,-1
2115,11,1368.239501953125,599.836181640625,-1,-1,1,-1,-1,-1
2116,11,1410.9683837890625,599.9301147460938,-1,-1,1,-1,-1,-1
2117,11,1453.48681640625,606.96044921875,-1,-1,1,-1,-1,-1
2118,11,1503.0399169921875,614.1428833007812,-1,-1,1,-1,-1,-1
2119,11,1538.6810302734375,621.1634521484375,-1,-1,1,-1,-1,-1
2120,11,1588.4833984375,628.42236328125,-1,-1,1,-1,-1,-1
2121,11,1631.230712890625,628.3023681640625,-1,-1,1,-1,-1,-1
2122,11,1673.838134765625,635.50439453125,-1,-1,1,-1,-1,-1
2123,11,1716.3302001953125,642.5682373046875,-1,-1,1,-1,-1,-1
2126,11,1858.400634765625,649.1969604492188,-1,-1,1,-1,-1,-1
2153,13,1247.2142333984375,919.0565185546875,-1,-1,1,-1,-1,-1
2155,13,1325.337158203125,926.1917724609375,-1,-1,1,-1,-1,-1
2156,13,1361.078369140625,904.846923828125,-1,-1,1,-1,-1,-1
2157,13,1403.632080078125,905.1530151367188,-1,-1,1,-1,-1,-1
2158,13,1446.38818359375,905.0728759765625,-1,-1,1,-1,-1,-1
2159,13,1488.80908203125,905.2054443359375,-1,-1,1,-1,-1,-1
2160,13,1538.3580322265625,905.419189453125,-1,-1,1,-1,-1,-1
2161,13,1595.356689453125,898.1810913085938,-1,-1,1,-1,-1,-1
2162,13,1651.9395751953125,905.3336791992188,-1,-1,1,-1,-1,-1
2163,13,1701.662353515625,905.4072265625,-1,-1,1,-1,-1,-1
2188,14,1240.494873046875,805.4083251953125,-1,-1,1,-1,-1,-1
2189,14,1269.165771484375,805.522705078125,-1,-1,1,-1,-1,-1
2190,14,1304.67626953125,805.2785034179688,-1,-1,1,-1,-1,-1
2191,14,1333.0,826.592529296875,-1,-1,1,-1,-1,-1
2192,14,1375.545166015625,833.5322875976562,-1,-1,1,-1,-1,-1
2193,14,1417.88427734375,840.623291015625,-1,-1,1,-1,-1,-1
2194,14,1460.3687744140625,840.6978759765625,-1,-1,1,-1,-1,-1
2195,14,1503.167236328125,826.671630859375,-1,-1,1,-1,-1,-1
2196,14,1553.117431640625,819.609619140625,-1,-1,1,-1,-1,-1
2197,14,1595.605224609375,841.21142578125,-1,-1,1,-1,-1,-1
2409,15,472.5621643066406,763.459716796875,-1,-1,1,-1,-1,-1
2411,15,529.5032958984375,742.2578735351562,-1,-1,1,-1,-1,-1
2412,15,550.9266967773438,727.93408203125,-1,-1,1,-1,-1,-1
2413,15,586.637451171875,720.935791015625,-1,-1,1,-1,-1,-1
2414,15,607.6360473632812,706.66015625,-1,-1,1,-1,-1,-1
2415,15,628.82666015625,699.554931640625,-1,-1,1,-1,-1,-1
2416,15,657.2742919921875,685.1529541015625,-1,-1,1,-1,-1,-1
2417,15,678.71923828125,678.1458740234375,-1,-1,1,-1,-1,-1
2423,15,884.7205810546875,628.424072265625,-1,-1,1,-1,-1,-1
2424,15,934.4681396484375,635.5897827148438,-1,-1,1,-1,-1,-1
2425,15,977.0466918945312,642.7821655273438,-1,-1,1,-1,-1,-1
2426,15,1019.5672607421875,650.10400390625,-1,-1,1,-1,-1,-1
2427,15,1062.231689453125,657.133056640625,-1,-1,1,-1,-1,-1
2428,15,1097.925537109375,656.6893310546875,-1,-1,1,-1,-1,-1
2429,15,1133.286865234375,663.9078369140625,-1,-1,1,-1,-1,-1
2430,15,1161.65771484375,663.870849609375,-1,-1,1,-1,-1,-1
2431,15,1197.13916015625,678.1207885742188,-1,-1,1,-1,-1,-1
2432,15,1232.777587890625,692.2035522460938,-1,-1,1,-1,-1,-1
2433,15,1268.42919921875,699.1448364257812,-1,-1,1,-1,-1,-1
2433,16,160.16006469726562,408.19036865234375,-1,-1,1,-1,-1,-1
2434,15,1311.29052734375,706.1121826171875,-1,-1,1,-1,-1,-1
2434,16,202.76904296875,429.62042236328125,-1,-1,1,-1,-1,-1
2437,16,416.1440124511719,486.3784484863281,-1,-1,1,-1,-1,-1
2439,16,564.9053344726562,521.8933715820312,-1,-1,1,-1,-1,-1
2440,16,614.6582641601562,550.2943115234375,-1,-1,1,-1,-1,-1
2441,16,678.2674560546875,564.6683349609375,-1,-1,1,-1,-1,-1
2442,16,728.279052734375,572.087890625,-1,-1,1,-1,-1,-1
2443,16,764.1211547851562,571.640869140625,-1,-1,1,-1,-1,-1
2444,16,813.4539794921875,586.1593627929688,-1,-1,1,-1,-1,-1
2445,16,870.3048095703125,600.1256103515625,-1,-1,1,-1,-1,-1
2446,16,926.8743286132812,600.4594116210938,-1,-1,1,-1,-1,-1
2446,17,316.30474853515625,380.07379150390625,-1,-1,1,-1,-1,-1
2447,16,969.8723754882812,600.3535766601562,-1,-1,1,-1,-1,-1
2448,16,1026.4976806640625,628.8135986328125,-1,-1,1,-1,-1,-1
2449,16,1097.7423095703125,642.70458984375,-1,-1,1,-1,-1,-1
2449,17,444.1834716796875,422.14556884765625,-1,-1,1,-1,-1,-1
2450,16,1154.6246337890625,671.2486572265625,-1,-1,1,-1,-1,-1
2450,17,494.05072021484375,450.69122314453125,-1,-1,1,-1,-1,-1
2451,16,1218.6435546875,692.140869140625,-1,-1,1,-1,-1,-1
2451,17,536.656982421875,471.96142578125,-1,-1,1,-1,-1,-1
2452,16,1260.7789306640625,706.614990234375,-1,-1,1,-1,-1,-1
2452,17,572.2490234375,493.60772705078125,-1,-1,1,-1,-1,-1
2453,16,1303.69384765625,720.9384765625,-1,-1,1,-1,-1,-1
2453,17,607.4764404296875,507.8760070800781,-1,-1,1,-1,-1,-1
2454,16,1353.3406982421875,735.3818359375,-1,-1,1,-1,-1,-1
2454,17,657.0614013671875,522.1139526367188,-1,-1,1,-1,-1,-1
2455,16,1403.6407470703125,742.229248046875,-1,-1,1,-1,-1,-1
2455,17,678.53955078125,543.1932373046875,-1,-1,1,-1,-1,-1
2456,16,1460.4765625,734.9454956054688,-1,-1,1,-1,-1,-1
2456,17,721.111328125,550.1461791992188,-1,-1,1,-1,-1,-1
2457,16,1510.396728515625,734.8187255859375,-1,-1,1,-1,-1,-1
2457,17,756.67431640625,550.3062133789062,-1,-1,1,-1,-1,-1
2458,16,1552.9029541015625,727.880859375,-1,-1,1,-1,-1,-1
2458,17,806.7283935546875,543.2313842773438,-1,-1,1,-1,-1,-1
2459,16,1595.72998046875,727.7342529296875,-1,-1,1,-1,-1,-1
2459,17,834.630126953125,557.5275268554688,-1,-1,1,-1,-1,-1
2460,16,1616.85595703125,741.8515014648438,-1,-1,1,-1,-1,-1
2460,17,870.552001953125,557.4588623046875,-1,-1,1,-1,-1,-1
2461,17,913.3544921875,571.5035400390625,-1,-1,1,-1,-1,-1
2462,17,955.740478515625,578.8495483398438,-1,-1,1,-1,-1,-1
2463,17,990.9478759765625,571.6882934570312,-1,-1,1,-1,-1,-1
2464,17,976.790283203125,593.0045166015625,-1,-1,1,-1,-1,-1
2467,17,1176.282958984375,550.0872802734375,-1,-1,1,-1,-1,-1
2468,17,1232.8564453125,585.9580078125,-1,-1,1,-1,-1,-1
2469,17,1289.6947021484375,571.5682373046875,-1,-1,1,-1,-1,-1
2472,18,1509.621337890625,578.7136840820312,-1,-1,1,-1,-1,-1
2472,19,124.62725830078125,670.9532470703125,-1,-1,1,-1,-1,-1
2473,18,1609.1865234375,585.9620361328125,-1,-1,1,-1,-1,-1
2474,18,1687.4210205078125,593.0048217773438,-1,-1,1,-1,-1,-1
2475,18,1765.9951171875,578.6459350585938,-1,-1,1,-1,-1,-1
2476,18,1822.53955078125,571.5315551757812,-1,-1,1,-1,-1,-1
2476,20,1105.448486328125,599.753662109375,-1,-1,1,-1,-1,-1
2477,18,1851.1519775390625,600.3394775390625,-1,-1,1,-1,-1,-1
2477,20,1183.6044921875,592.97509765625,-1,-1,1,-1,-1,-1
2478,18,1865.083740234375,607.4901123046875,-1,-1,1,-1,-1,-1
2478,20,1240.196533203125,620.8485107421875,-1,-1,1,-1,-1,-1
2479,19,565.1288452148438,677.9765014648438,-1,-1,1,-1,-1,-1
2479,20,1311.2081298828125,620.7767333984375,-1,-1,1,-1,-1,-1
2480,19,628.9248046875,656.8370971679688,-1,-1,1,-1,-1,-1
2480,20,1389.387451171875,606.67626953125,-1,-1,1,-1,-1,-1
2481,20,1454.093994140625,592.8134765625,-1,-1,1,-1,-1,-1
2482,20,1517.8291015625,600.0400390625,-1,-1,1,-1,-1,-1
2483,19,777.7582397460938,685.6434326171875,-1,-1,1,-1,-1,-1
2483,20,1588.88623046875,592.8089599609375,-1,-1,1,-1,-1,-1
2484,19,841.75439453125,671.309814453125,-1,-1,1,-1,-1,-1
2485,19,891.8456420898438,692.3632202148438,-1,-1,1,-1,-1,-1
2486,19,941.1548461914062,699.697998046875,-1,-1,1,-1,-1,-1
2487,19,998.1718139648438,706.6864013671875,-1,-1,1,-1,-1,-1
2488,19,1047.583251953125,713.7172241210938,-1,-1,1,-1,-1,-1
2489,19,1097.767822265625,699.526123046875,-1,-1,1,-1,-1,-1
2490,19,1140.580078125,699.6236572265625,-1,-1,1,-1,-1,-1
2491,19,1169.159912109375,699.9360961914062,-1,-1,1,-1,-1,-1
2492,19,1226.1007080078125,692.7552490234375,-1,-1,1,-1,-1,-1
2493,19,1325.082275390625,692.292236328125,-1,-1,1,-1,-1,-1
2494,19,1339.6884765625,692.9947509765625,-1,-1,1,-1,-1,-1
2495,19,1404.03759765625,685.2608642578125,-1,-1,1,-1,-1,-1
2497,19,1545.469970703125,649.9305419921875,-1,-1,1,-1,-1,-1
2531,21,288.00152587890625,699.4981079101562,-1,-1,1,-1,-1,-1
2532,21,323.4681396484375,741.8980102539062,-1,-1,1,-1,-1,-1
2533,21,373.0789794921875,748.946533203125,-1,-1,1,-1,-1,-1
2534,21,408.6590576171875,756.1234130859375,-1,-1,1,-1,-1,-1
2535,21,458.5063171386719,756.07568359375,-1,-1,1,-1,-1,-1
2536,21,500.9350891113281,755.9581909179688,-1,-1,1,-1,-1,-1
2537,21,550.632568359375,763.196533203125,-1,-1,1,-1,-1,-1
2538,21,593.5881958007812,777.307861328125,-1,-1,1,-1,-1,-1
2539,21,643.2759399414062,784.6383056640625,-1,-1,1,-1,-1,-1
2540,21,692.8604736328125,777.4987182617188,-1,-1,1,-1,-1,-1
2541,21,735.4281005859375,791.630615234375,-1,-1,1,-1,-1,-1
2549,22,394.5023193359375,535.9588012695312,-1,-1,1,-1,-1,-1
2550,21,1325.603759765625,919.33984375,-1,-1,1,-1,-1,-1
2550,22,408.16009521484375,479.2934875488281,-1,-1,1,-1,-1,-1
2551,22,465.22430419921875,543.03173828125,-1,-1,1,-1,-1,-1
2552,22,486.83599853515625,549.8013305664062,-1,-1,1,-1,-1,-1
2553,22,515.3897705078125,549.8678588867188,-1,-1,1,-1,-1,-1
2554,22,550.9569091796875,549.8212890625,-1,-1,1,-1,-1,-1
2555,22,593.2408447265625,549.9336547851562,-1,-1,1,-1,-1,-1
2556,22,636.0413208007812,557.157958984375,-1,-1,1,-1,-1,-1
2557,22,664.6453247070312,556.7756958007812,-1,-1,1,-1,-1,-1
2558,22,700.240234375,556.853271484375,-1,-1,1,-1,-1,-1
2559,22,728.536865234375,571.213134765625,-1,-1,1,-1,-1,-1
2560,22,756.5205078125,571.4254150390625,-1,-1,1,-1,-1,-1
2561,22,777.842041015625,571.193603515625,-1,-1,1,-1,-1,-1
2562,22,799.1560668945312,571.4478759765625,-1,-1,1,-1,-1,-1
2563,22,827.6785888671875,585.720703125,-1,-1,1,-1,-1,-1
2564,22,855.9141845703125,592.7694091796875,-1,-1,1,-1,-1,-1
2565,22,891.4468994140625,606.8953247070312,-1,-1,1,-1,-1,-1
2566,22,927.0042724609375,599.8076171875,-1,-1,1,-1,-1,-1
2567,22,955.5941772460938,613.9947509765625,-1,-1,1,-1,-1,-1
2568,22,997.923828125,628.508056640625,-1,-1,1,-1,-1,-1
2569,22,1040.5621337890625,642.591064453125,-1,-1,1,-1,-1,-1
2570,22,1083.43017578125,656.828369140625,-1,-1,1,-1,-1,-1
2571,22,1147.295166015625,671.1218872070312,-1,-1,1,-1,-1,-1
2572,22,1204.510986328125,670.9228515625,-1,-1,1,-1,-1,-1
2573,22,1254.024658203125,678.1831665039062,-1,-1,1,-1,-1,-1
2574,22,1310.6065673828125,678.2720947265625,-1,-1,1,-1,-1,-1
2575,22,1360.500244140625,678.08642578125,-1,-1,1,-1,-1,-1
2576,22,1417.336669921875,678.2646484375,-1,-1,1,-1,-1,-1
2577,22,1474.077880859375,656.8543090820312,-1,-1,1,-1,-1,-1
2581,22,1744.6553955078125,678.8265991210938,-1,-1,1,-1,-1,-1
2582,22,1786.91845703125,685.9180297851562,-1,-1,1,-1,-1,-1
2617,23,39.66306686401367,549.8924560546875,-1,-1,1,-1,-1,-1
2618,23,53.627132415771484,578.5736694335938,-1,-1,1,-1,-1,-1
2619,23,81.86653900146484,585.6697387695312,-1,-1,1,-1,-1,-1
2620,23,110.1794662475586,599.9107666015625,-1,-1,1,-1,-1,-1
2621,23,145.80421447753906,606.9304809570312,-1,-1,1,-1,-1,-1
2622,23,160.06430053710938,621.0938720703125,-1,-1,1,-1,-1,-1
2623,23,188.42295837402344,635.2382202148438,-1,-1,1,-1,-1,-1
2624,23,202.79656982421875,649.5999755859375,-1,-1,1,-1,-1,-1
2625,23,217.11932373046875,656.7359619140625,-1,-1,1,-1,-1,-1
2626,23,223.98776245117188,670.8364868164062,-1,-1,1,-1,-1,-1
2627,23,231.25009155273438,678.0306396484375,-1,-1,1,-1,-1,-1
2628,23,238.40977478027344,685.162109375,-1,-1,1,-1,-1,-1
2629,23,252.60504150390625,699.2081298828125,-1,-1,1,-1,-1,-1
2630,23,266.6798400878906,713.2593994140625,-1,-1,1,-1,-1,-1
2631,23,280.8831481933594,720.4898681640625,-1,-1,1,-1,-1,-1
2632,23,302.1127014160156,720.343994140625,-1,-1,1,-1,-1,-1
2633,23,323.4936828613281,727.6844482421875,-1,-1,1,-1,-1,-1
2634,23,344.7430419921875,734.84033203125,-1,-1,1,-1,-1,-1
2635,23,366.0325927734375,741.787841796875,-1,-1,1,-1,-1,-1
2636,23,394.55615234375,741.9825439453125,-1,-1,1,-1,-1,-1
2637,23,415.6709899902344,749.0429077148438,-1,-1,1,-1,-1,-1
2638,23,444.2518615722656,748.99462890625,-1,-1,1,-1,-1,-1
2639,23,472.60125732421875,749.0660400390625,-1,-1,1,-1,-1,-1
2640,23,508.1227722167969,741.7579345703125,-1,-1,1,-1,-1,-1
2641,23,536.5862426757812,734.5470581054688,-1,-1,1,-1,-1,-1
2642,23,564.97216796875,741.7297973632812,-1,-1,1,-1,-1,-1
2643,23,600.4593505859375,734.4657592773438,-1,-1,1,-1,-1,-1
2644,23,621.8243408203125,727.3967895507812,-1,-1,1,-1,-1,-1
2645,23,657.6895751953125,706.0359497070312,-1,-1,1,-1,-1,-1
2646,23,693.1617431640625,698.6563720703125,-1,-1,1,-1,-1,-1
2647,23,728.5704345703125,684.6002807617188,-1,-1,1,-1,-1,-1
2648,23,757.0314331054688,684.6195068359375,-1,-1,1,-1,-1,-1
2649,23,785.5238037109375,677.5235595703125,-1,-1,1,-1,-1,-1
2650,23,821.2847900390625,677.50048828125,-1,-1,1,-1,-1,-1
2651,23,856.4564819335938,670.5035400390625,-1,-1,1,-1,-1,-1
2652,23,891.979736328125,663.4244384765625,-1,-1,1,-1,-1,-1
2653,23,920.533447265625,656.2584228515625,-1,-1,1,-1,-1,-1
2654,23,955.7872314453125,656.2051391601562,-1,-1,1,-1,-1,-1
2655,23,991.1827392578125,649.1641845703125,-1,-1,1,-1,-1,-1
2656,23,1026.8543701171875,649.1370849609375,-1,-1,1,-1,-1,-1
2657,23,1062.461669921875,642.06884765625,-1,-1,1,-1,-1,-1
2658,23,1097.943115234375,642.1888427734375,-1,-1,1,-1,-1,-1
2659,23,1133.4349365234375,635.1536865234375,-1,-1,1,-1,-1,-1
2660,23,1169.0191650390625,627.9786987304688,-1,-1,1,-1,-1,-1
2661,23,1211.4599609375,628.0547485351562,-1,-1,1,-1,-1,-1
2662,23,1247.2994384765625,620.847900390625,-1,-1,1,-1,-1,-1
2663,23,1289.657958984375,620.8011474609375,-1,-1,1,-1,-1,-1
2664,23,1325.481201171875,613.9196166992188,-1,-1,1,-1,-1,-1
2665,23,1360.748046875,613.90869140625,-1,-1,1,-1,-1,-1
2666,23,1403.458984375,613.830810546875,-1,-1,1,-1,-1,-1
2667,23,1439.034912109375,613.7672729492188,-1,-1,1,-1,-1,-1
2668,23,1474.4327392578125,613.8218994140625,-1,-1,1,-1,-1,-1
2669,23,1516.8336181640625,613.958740234375,-1,-1,1,-1,-1,-1
2670,23,1552.6871337890625,613.82763671875,-1,-1,1,-1,-1,-1
2671,23,1595.263427734375,613.7438354492188,-1,-1,1,-1,-1,-1
2672,23,1637.744140625,613.9655151367188,-1,-1,1,-1,-1,-1
2673,23,1680.805419921875,607.0031127929688,-1,-1,1,-1,-1,-1
2674,23,1723.366943359375,606.9805908203125,-1,-1,1,-1,-1,-1
2675,23,1765.884033203125,607.0000610351562,-1,-1,1,-1,-1,-1
2676,23,1808.5966796875,599.73681640625,-1,-1,1,-1,-1,-1
2677,23,1858.60595703125,592.8507690429688,-1,-1,1,-1,-1,-1
2689,24,39.388832092285156,585.7396240234375,-1,-1,1,-1,-1,-1
2690,24,81.86564636230469,578.7095336914062,-1,-1,1,-1,-1,-1
2691,24,117.33805084228516,579.06396484375,-1,-1,1,-1,-1,-1
2692,24,159.6795654296875,585.7828369140625,-1,-1,1,-1,-1,-1
2693,24,195.2758331298828,578.9320678710938,-1,-1,1,-1,-1,-1
2694,24,223.77003479003906,578.9012451171875,-1,-1,1,-1,-1,-1
2695,24,252.3904266357422,578.94140625,-1,-1,1,-1,-1,-1
2696,24,287.66986083984375,585.8953247070312,-1,-1,1,-1,-1,-1
2697,24,309.13983154296875,585.8411865234375,-1,-1,1,-1,-1,-1
2700,24,359.26641845703125,592.8347778320312,-1,-1,1,-1,-1,-1
2701,24,380.2370300292969,599.9732666015625,-1,-1,1,-1,-1,-1
2702,24,387.43646240234375,585.5560302734375,-1,-1,1,-1,-1,-1
2706,24,515.41748046875,607.3487548828125,-1,-1,1,-1,-1,-1
2707,24,529.6689453125,621.1822509765625,-1,-1,1,-1,-1,-1
2708,24,543.918701171875,621.2716674804688,-1,-1,1,-1,-1,-1
2709,24,565.2886962890625,628.5604248046875,-1,-1,1,-1,-1,-1
2710,24,586.5814208984375,621.1396484375,-1,-1,1,-1,-1,-1
2711,24,607.9625854492188,628.5428466796875,-1,-1,1,-1,-1,-1
2712,24,636.205322265625,628.5614013671875,-1,-1,1,-1,-1,-1
2713,24,671.7020263671875,628.4052124023438,-1,-1,1,-1,-1,-1
2714,24,700.2293701171875,628.4284057617188,-1,-1,1,-1,-1,-1
2715,24,721.4229736328125,635.4776611328125,-1,-1,1,-1,-1,-1
2716,24,749.9157104492188,642.5885009765625,-1,-1,1,-1,-1,-1
2717,24,771.2017211914062,642.5443115234375,-1,-1,1,-1,-1,-1
2718,24,799.48779296875,649.8441162109375,-1,-1,1,-1,-1,-1
2719,24,813.934326171875,649.697265625,-1,-1,1,-1,-1,-1
2720,24,842.1448974609375,649.4965209960938,-1,-1,1,-1,-1,-1
2721,24,870.67822265625,649.5289306640625,-1,-1,1,-1,-1,-1
2722,24,906.1597900390625,649.5281982421875,-1,-1,1,-1,-1,-1
2723,24,941.7698364257812,656.8768310546875,-1,-1,1,-1,-1,-1
2724,24,977.1812744140625,649.659912109375,-1,-1,1,-1,-1,-1
2725,24,1005.6719360351562,649.6032104492188,-1,-1,1,-1,-1,-1
2726,24,1040.975830078125,649.7161865234375,-1,-1,1,-1,-1,-1
2727,24,1076.4688720703125,649.710693359375,-1,-1,1,-1,-1,-1
2728,24,1119.225830078125,649.7564086914062,-1,-1,1,-1,-1,-1
2729,24,1154.840087890625,649.7632446289062,-1,-1,1,-1,-1,-1
2730,24,1190.542236328125,649.7045288085938,-1,-1,1,-1,-1,-1
2731,24,1218.87158203125,649.57568359375,-1,-1,1,-1,-1,-1
2732,24,1254.349853515625,656.8352661132812,-1,-1,1,-1,-1,-1
2733,24,1282.707275390625,656.913818359375,-1,-1,1,-1,-1,-1
2734,24,1318.1494140625,656.757568359375,-1,-1,1,-1,-1,-1
2735,24,1346.664794921875,656.7513427734375,-1,-1,1,-1,-1,-1
2736,24,1382.2354736328125,656.7914428710938,-1,-1,1,-1,-1,-1
2737,24,1417.7100830078125,656.7926025390625,-1,-1,1,-1,-1,-1
2738,24,1453.337158203125,656.86962890625,-1,-1,1,-1,-1,-1
2739,24,1481.7801513671875,656.6979370117188,-1,-1,1,-1,-1,-1
2740,24,1510.08935546875,664.074951171875,-1,-1,1,-1,-1,-1
2741,24,1538.552978515625,664.0443725585938,-1,-1,1,-1,-1,-1
2742,24,1566.9326171875,664.10205078125,-1,-1,1,-1,-1,-1
2743,24,1602.6815185546875,656.6849365234375,-1,-1,1,-1,-1,-1
2744,24,1638.19677734375,656.7637939453125,-1,-1,1,-1,-1,-1
2745,24,1666.443115234375,656.8223876953125,-1,-1,1,-1,-1,-1
2746,24,1702.224853515625,649.4486694335938,-1,-1,1,-1,-1,-1
2747,24,1730.458740234375,649.569580078125,-1,-1,1,-1,-1,-1
2748,24,1766.021484375,649.4121704101562,-1,-1,1,-1,-1,-1
2749,24,1794.36279296875,649.6375732421875,-1,-1,1,-1,-1,-1
2750,24,1829.73486328125,649.5748291015625,-1,-1,1,-1,-1,-1
2751,24,1857.974853515625,649.6380615234375,-1,-1,1,-1,-1,-1
3013,25,415.7170104980469,585.6043090820312,-1,-1,1,-1,-1,-1
3047,25,1175.72509765625,607.056640625,-1,-1,1,-1,-1,-1
3048,25,1211.495361328125,600.0128173828125,-1,-1,1,-1,-1,-1
3049,25,1253.9892578125,599.9244995117188,-1,-1,1,-1,-1,-1
3050,25,1289.375732421875,599.98388671875,-1,-1,1,-1,-1,-1
3051,25,1332.051513671875,592.8028564453125,-1,-1,1,-1,-1,-1
3052,25,1374.729736328125,585.513916015625,-1,-1,1,-1,-1,-1
3053,25,1417.4298095703125,585.7099609375,-1,-1,1,-1,-1,-1
3054,25,1452.99853515625,578.55908203125,-1,-1,1,-1,-1,-1
3055,25,1495.583740234375,578.5706176757812,-1,-1,1,-1,-1,-1
3056,25,1538.2119140625,578.704345703125,-1,-1,1,-1,-1,-1
3058,25,1630.553466796875,571.4898071289062,-1,-1,1,-1,-1,-1
3059,25,1673.3067626953125,571.6963500976562,-1,-1,1,-1,-1,-1
3187,26,415.95684814453125,550.48779296875,-1,-1,1,-1,-1,-1
3188,26,437.30523681640625,550.5804443359375,-1,-1,1,-1,-1,-1
3189,26,458.681396484375,557.6765747070312,-1,-1,1,-1,-1,-1
3190,26,479.8194580078125,557.7732543945312,-1,-1,1,-1,-1,-1
3191,26,508.27862548828125,557.4873657226562,-1,-1,1,-1,-1,-1
3191,27,380.55078125,727.9178466796875,-1,-1,1,-1,-1,-1
3192,26,529.752197265625,557.6270751953125,-1,-1,1,-1,-1,-1
3192,27,416.0049743652344,734.932373046875,-1,-1,1,-1,-1,-1
3193,26,557.9843139648438,557.6325073242188,-1,-1,1,-1,-1,-1
3194,26,586.4739990234375,550.7234497070312,-1,-1,1,-1,-1,-1
3195,26,607.8226318359375,557.8074951171875,-1,-1,1,-1,-1,-1
3195,27,586.4136962890625,827.335693359375,-1,-1,1,-1,-1,-1
3196,26,636.181396484375,557.8446044921875,-1,-1,1,-1,-1,-1
3197,26,657.6402587890625,557.8341674804688,-1,-1,1,-1,-1,-1
3197,27,679.337890625,841.28759765625,-1,-1,1,-1,-1,-1
3198,26,685.9533081054688,550.8687744140625,-1,-1,1,-1,-1,-1
3199,26,714.2669067382812,550.8355712890625,-1,-1,1,-1,-1,-1
3199,27,699.9832763671875,734.937744140625,-1,-1,1,-1,-1,-1
3200,26,742.63720703125,550.7848510742188,-1,-1,1,-1,-1,-1
3200,27,735.5986938476562,741.8840942382812,-1,-1,1,-1,-1,-1
3201,26,757.028076171875,543.788330078125,-1,-1,1,-1,-1,-1
3201,27,771.220458984375,749.09375,-1,-1,1,-1,-1,-1
3202,26,785.1781616210938,550.47021484375,-1,-1,1,-1,-1,-1
3202,27,813.7982177734375,749.08740234375,-1,-1,1,-1,-1,-1
3203,26,799.64794921875,543.832275390625,-1,-1,1,-1,-1,-1
3203,27,849.420654296875,749.02734375,-1,-1,1,-1,-1,-1
3204,26,827.800537109375,550.7340698242188,-1,-1,1,-1,-1,-1
3204,27,892.0211181640625,756.068359375,-1,-1,1,-1,-1,-1
3205,26,849.268798828125,550.5538940429688,-1,-1,1,-1,-1,-1
3205,27,934.8260498046875,756.13525390625,-1,-1,1,-1,-1,-1
3206,26,877.7265625,557.7015991210938,-1,-1,1,-1,-1,-1
3206,27,977.2061767578125,763.202392578125,-1,-1,1,-1,-1,-1
3207,27,1026.9755859375,770.4097900390625,-1,-1,1,-1,-1,-1
3208,27,1069.6612548828125,770.2303466796875,-1,-1,1,-1,-1,-1
3209,27,1119.68994140625,770.3290405273438,-1,-1,1,-1,-1,-1
3210,27,1162.2711181640625,770.3388061523438,-1,-1,1,-1,-1,-1
3211,27,1197.5933837890625,763.020263671875,-1,-1,1,-1,-1,-1
3212,27,1240.149169921875,763.0855712890625,-1,-1,1,-1,-1,-1
3213,27,1282.8294677734375,763.129638671875,-1,-1,1,-1,-1,-1
3214,27,1332.4237060546875,763.2413330078125,-1,-1,1,-1,-1,-1
3215,27,1375.1395263671875,763.2259521484375,-1,-1,1,-1,-1,-1
3216,27,1417.78369140625,763.2705078125,-1,-1,1,-1,-1,-1
3223,26,1290.08837890625,564.7676391601562,-1,-1,1,-1,-1,-1
3226,26,1424.96142578125,557.2798461914062,-1,-1,1,-1,-1,-1
3229,26,1538.4091796875,543.0008544921875,-1,-1,1,-1,-1,-1
3386,28,67.8719253540039,642.86572265625,-1,-1,1,-1,-1,-1
3387,28,88.9758071899414,642.8431396484375,-1,-1,1,-1,-1,-1
3388,28,117.2418212890625,649.8748779296875,-1,-1,1,-1,-1,-1
3389,28,152.78533935546875,649.93505859375,-1,-1,1,-1,-1,-1
3390,28,152.75448608398438,649.9658203125,-1,-1,1,-1,-1,-1
3394,28,309.34539794921875,649.8175659179688,-1,-1,1,-1,-1,-1
3395,28,337.7502136230469,649.85107421875,-1,-1,1,-1,-1,-1
3396,28,366.0452880859375,649.8340454101562,-1,-1,1,-1,-1,-1
3397,28,401.75640869140625,649.5975341796875,-1,-1,1,-1,-1,-1
3398,28,430.2811279296875,642.4481811523438,-1,-1,1,-1,-1,-1
3399,28,465.6724853515625,649.4713134765625,-1,-1,1,-1,-1,-1
3400,28,494.00396728515625,649.6475219726562,-1,-1,1,-1,-1,-1
3401,28,522.3848876953125,649.7586059570312,-1,-1,1,-1,-1,-1
3402,28,558.0948486328125,649.6302490234375,-1,-1,1,-1,-1,-1
3403,28,586.6044311523438,649.590087890625,-1,-1,1,-1,-1,-1
3404,28,614.7805786132812,642.6842041015625,-1,-1,1,-1,-1,-1
3405,28,650.4771728515625,649.8048706054688,-1,-1,1,-1,-1,-1
3406,28,678.4501953125,642.823486328125,-1,-1,1,-1,-1,-1
3407,28,714.15185546875,642.80029296875,-1,-1,1,-1,-1,-1
3408,28,742.3052978515625,642.8229370117188,-1,-1,1,-1,-1,-1
3409,28,770.73095703125,635.7568359375,-1,-1,1,-1,-1,-1
3410,28,806.182373046875,635.6378173828125,-1,-1,1,-1,-1,-1
3411,28,834.6922607421875,628.5982055664062,-1,-1,1,-1,-1,-1
3412,28,863.0845947265625,628.556884765625,-1,-1,1,-1,-1,-1
3413,28,891.484619140625,628.5855102539062,-1,-1,1,-1,-1,-1
3414,28,919.708251953125,628.6439819335938,-1,-1,1,-1,-1,-1
3415,28,948.161376953125,628.7122802734375,-1,-1,1,-1,-1,-1
3416,28,976.5838623046875,628.614013671875,-1,-1,1,-1,-1,-1
3417,28,997.7960205078125,628.7161865234375,-1,-1,1,-1,-1,-1
3418,28,1019.3487548828125,635.7167358398438,-1,-1,1,-1,-1,-1
3419,28,1040.721923828125,635.76220703125,-1,-1,1,-1,-1,-1
3420,28,1069.074951171875,635.9550170898438,-1,-1,1,-1,-1,-1
3436,29,1020.606201171875,777.455078125,-1,-1,1,-1,-1,-1
3437,29,1077.256103515625,756.049072265625,-1,-1,1,-1,-1,-1
3438,29,1134.01220703125,749.0628662109375,-1,-1,1,-1,-1,-1
3439,29,1183.3095703125,742.1310424804688,-1,-1,1,-1,-1,-1
3440,29,1240.1221923828125,735.0654296875,-1,-1,1,-1,-1,-1
3441,29,1296.958251953125,735.2808837890625,-1,-1,1,-1,-1,-1
3442,29,1353.73486328125,735.1932373046875,-1,-1,1,-1,-1,-1
3443,29,1410.798095703125,728.039794921875,-1,-1,1,-1,-1,-1
3456,30,387.551025390625,635.263916015625,-1,-1,1,-1,-1,-1
3458,30,458.7293701171875,628.419677734375,-1,-1,1,-1,-1,-1
3459,30,494.09820556640625,628.2542724609375,-1,-1,1,-1,-1,-1
3460,30,522.5794067382812,621.32861328125,-1,-1,1,-1,-1,-1
3461,30,558.18798828125,621.15673828125,-1,-1,1,-1,-1,-1
3462,30,586.5106201171875,614.1806640625,-1,-1,1,-1,-1,-1
3463,30,614.9857788085938,614.1256713867188,-1,-1,1,-1,-1,-1
3464,30,650.5035400390625,607.203369140625,-1,-1,1,-1,-1,-1
3465,30,671.686279296875,607.0899047851562,-1,-1,1,-1,-1,-1
3466,30,700.0906982421875,606.8887329101562,-1,-1,1,-1,-1,-1
3467,30,728.7684326171875,600.0197143554688,-1,-1,1,-1,-1,-1
3468,30,764.2965087890625,592.883056640625,-1,-1,1,-1,-1,-1
3469,30,792.7150268554688,592.8953247070312,-1,-1,1,-1,-1,-1
3470,30,821.112548828125,592.7740478515625,-1,-1,1,-1,-1,-1
3472,30,877.9437866210938,585.8349609375,-1,-1,1,-1,-1,-1
3473,30,906.457275390625,585.7618408203125,-1,-1,1,-1,-1,-1
3474,30,934.8140869140625,585.5943603515625,-1,-1,1,-1,-1,-1
3475,30,963.3024291992188,578.680419921875,-1,-1,1,-1,-1,-1
3480,30,1098.174072265625,578.5877075195312,-1,-1,1,-1,-1,-1
3481,30,1126.5511474609375,571.6913452148438,-1,-1,1,-1,-1,-1
3482,30,1155.041748046875,571.6468505859375,-1,-1,1,-1,-1,-1
3483,30,1176.438720703125,571.67578125,-1,-1,1,-1,-1,-1
3484,30,1204.91796875,564.56640625,-1,-1,1,-1,-1,-1
3485,30,1233.2138671875,564.5510864257812,-1,-1,1,-1,-1,-1
3486,30,1254.51708984375,564.3783569335938,-1,-1,1,-1,-1,-1
3487,30,1282.909423828125,564.318603515625,-1,-1,1,-1,-1,-1
3488,30,1304.40380859375,564.4224243164062,-1,-1,1,-1,-1,-1
3489,30,1332.613525390625,557.5773315429688,-1,-1,1,-1,-1,-1
3491,30,1382.401611328125,564.5382080078125,-1,-1,1,-1,-1,-1
3658,31,245.64349365234375,550.0657958984375,-1,-1,1,-1,-1,-1
3659,31,274.0550842285156,550.123046875,-1,-1,1,-1,-1,-1
3660,31,302.44140625,550.0973510742188,-1,-1,1,-1,-1,-1
3661,31,330.84588623046875,542.6875,-1,-1,1,-1,-1,-1
3662,31,366.3271789550781,550.0413818359375,-1,-1,1,-1,-1,-1
3663,31,394.75054931640625,542.7303466796875,-1,-1,1,-1,-1,-1
3664,31,423.05645751953125,542.537353515625,-1,-1,1,-1,-1,-1
3665,31,458.71441650390625,542.7147216796875,-1,-1,1,-1,-1,-1
3666,31,487.03173828125,550.036376953125,-1,-1,1,-1,-1,-1
3667,31,515.6466674804688,550.0989990234375,-1,-1,1,-1,-1,-1
3668,31,551.2664184570312,550.0415649414062,-1,-1,1,-1,-1,-1
3669,31,586.7066650390625,550.0721435546875,-1,-1,1,-1,-1,-1
3670,31,608.1007080078125,550.1806640625,-1,-1,1,-1,-1,-1
3671,31,636.4674072265625,550.0173950195312,-1,-1,1,-1,-1,-1
3672,31,664.8360595703125,549.946533203125,-1,-1,1,-1,-1,-1
3673,31,700.482421875,549.8883056640625,-1,-1,1,-1,-1,-1
3675,31,757.063720703125,549.8184814453125,-1,-1,1,-1,-1,-1
3676,31,785.31640625,557.140625,-1,-1,1,-1,-1,-1
3677,31,813.9161987304688,556.9395751953125,-1,-1,1,-1,-1,-1
3678,31,842.4859619140625,563.959228515625,-1,-1,1,-1,-1,-1
3679,31,870.5519409179688,571.2716064453125,-1,-1,1,-1,-1,-1
3682,31,948.701171875,585.611572265625,-1,-1,1,-1,-1,-1
3685,31,1048.4720458984375,585.50146484375,-1,-1,1,-1,-1,-1
3686,31,1076.7479248046875,592.6488037109375,-1,-1,1,-1,-1,-1
3687,31,1112.21923828125,592.6519165039062,-1,-1,1,-1,-1,-1
3688,31,1140.719482421875,599.84912109375,-1,-1,1,-1,-1,-1
3689,31,1176.286865234375,599.8387451171875,-1,-1,1,-1,-1,-1
3690,32,408.4703369140625,671.31103515625,-1,-1,1,-1,-1,-1
3691,31,1247.371826171875,599.69140625,-1,-1,1,-1,-1,-1
3692,32,458.1844787597656,678.2887573242188,-1,-1,1,-1,-1,-1
3693,31,1318.7923583984375,606.8102416992188,-1,-1,1,-1,-1,-1
3693,32,493.62017822265625,678.3280639648438,-1,-1,1,-1,-1,-1
3694,31,1354.164794921875,614.043701171875,-1,-1,1,-1,-1,-1
3694,32,529.2269897460938,678.432373046875,-1,-1,1,-1,-1,-1
3694,33,238.2882843017578,599.6326293945312,-1,-1,1,-1,-1,-1
3695,31,1389.79052734375,613.9229736328125,-1,-1,1,-1,-1,-1
3695,32,557.44775390625,678.4158325195312,-1,-1,1,-1,-1,-1
3696,31,1425.27783203125,613.8121337890625,-1,-1,1,-1,-1,-1
3696,32,585.8671875,678.485107421875,-1,-1,1,-1,-1,-1
3696,33,295.1868896484375,614.041015625,-1,-1,1,-1,-1,-1
3697,31,1467.90478515625,621.1202392578125,-1,-1,1,-1,-1,-1
3697,32,607.2315063476562,685.5501708984375,-1,-1,1,-1,-1,-1
3697,33,323.58819580078125,614.0853271484375,-1,-1,1,-1,-1,-1
3698,31,1503.4400634765625,620.9249267578125,-1,-1,1,-1,-1,-1
3698,32,635.6609497070312,685.4603271484375,-1,-1,1,-1,-1,-1
3698,33,358.8453369140625,614.259521484375,-1,-1,1,-1,-1,-1
3699,31,1538.8406982421875,628.1055297851562,-1,-1,1,-1,-1,-1
3699,32,664.1392211914062,685.52001953125,-1,-1,1,-1,-1,-1
3699,33,380.3250732421875,621.100830078125,-1,-1,1,-1,-1,-1
3700,31,1574.61181640625,628.2027587890625,-1,-1,1,-1,-1,-1
3700,32,685.4163818359375,692.4373779296875,-1,-1,1,-1,-1,-1
3700,33,408.8150634765625,614.1626586914062,-1,-1,1,-1,-1,-1
3701,31,1609.935791015625,635.5551147460938,-1,-1,1,-1,-1,-1
3701,32,706.8983154296875,692.4754638671875,-1,-1,1,-1,-1,-1
3702,31,1645.387939453125,635.2660522460938,-1,-1,1,-1,-1,-1
3702,32,735.2293701171875,699.5953369140625,-1,-1,1,-1,-1,-1
3702,33,458.42584228515625,621.300048828125,-1,-1,1,-1,-1,-1
3703,31,1688.08154296875,635.0980834960938,-1,-1,1,-1,-1,-1
3703,32,763.71484375,699.7451782226562,-1,-1,1,-1,-1,-1
3703,33,486.7191162109375,621.304443359375,-1,-1,1,-1,-1,-1
3704,31,1716.3330078125,642.3194580078125,-1,-1,1,-1,-1,-1
3704,32,785.1026000976562,706.8168334960938,-1,-1,1,-1,-1,-1
3704,33,508.05914306640625,628.331298828125,-1,-1,1,-1,-1,-1
3705,31,1751.9830322265625,642.211181640625,-1,-1,1,-1,-1,-1
3705,32,806.2784423828125,713.8951416015625,-1,-1,1,-1,-1,-1
3705,33,529.3771362304688,635.269775390625,-1,-1,1,-1,-1,-1
3706,31,1787.381591796875,642.22509765625,-1,-1,1,-1,-1,-1
3706,32,827.73291015625,713.9764404296875,-1,-1,1,-1,-1,-1
3706,33,550.9532470703125,642.53857421875,-1,-1,1,-1,-1,-1
3707,31,1830.1015625,649.4369506835938,-1,-1,1,-1,-1,-1
3707,32,856.145751953125,720.847900390625,-1,-1,1,-1,-1,-1
3707,33,571.89013671875,642.45654296875,-1,-1,1,-1,-1,-1
3708,32,877.423828125,728.1273193359375,-1,-1,1,-1,-1,-1
3708,33,593.401611328125,649.5933837890625,-1,-1,1,-1,-1,-1
3709,32,891.59130859375,735.0665283203125,-1,-1,1,-1,-1,-1
3709,33,614.8187255859375,656.6443481445312,-1,-1,1,-1,-1,-1
3710,32,920.0767211914062,735.1201171875,-1,-1,1,-1,-1,-1
3710,33,636.26025390625,663.839111328125,-1,-1,1,-1,-1,-1
3711,32,941.447021484375,742.2403564453125,-1,-1,1,-1,-1,-1
3711,33,657.4940185546875,663.6649780273438,-1,-1,1,-1,-1,-1
3712,32,962.8265380859375,742.201416015625,-1,-1,1,-1,-1,-1
3712,33,678.77001953125,670.7340087890625,-1,-1,1,-1,-1,-1
3713,32,991.21923828125,749.3090209960938,-1,-1,1,-1,-1,-1
3713,33,692.9649047851562,670.686767578125,-1,-1,1,-1,-1,-1
3714,32,956.4011840820312,770.7607421875,-1,-1,1,-1,-1,-1
3714,33,714.251953125,670.8012084960938,-1,-1,1,-1,-1,-1
3715,32,984.6375732421875,770.7186279296875,-1,-1,1,-1,-1,-1
3715,33,728.6098022460938,670.6620483398438,-1,-1,1,-1,-1,-1
3716,32,998.8827514648438,763.7051391601562,-1,-1,1,-1,-1,-1
3716,33,749.7594604492188,670.6417236328125,-1,-1,1,-1,-1,-1
3717,32,1027.1513671875,763.648193359375,-1,-1,1,-1,-1,-1
3717,33,771.05810546875,670.693115234375,-1,-1,1,-1,-1,-1
3718,32,1048.489013671875,763.486572265625,-1,-1,1,-1,-1,-1
3718,33,785.4666748046875,670.8419189453125,-1,-1,1,-1,-1,-1
3719,32,1069.7855224609375,763.5413818359375,-1,-1,1,-1,-1,-1
3719,33,806.6761474609375,663.7048950195312,-1,-1,1,-1,-1,-1
3720,32,1084.2939453125,763.5960083007812,-1,-1,1,-1,-1,-1
3720,33,827.96728515625,663.6708984375,-1,-1,1,-1,-1,-1
3721,32,1154.584716796875,742.262451171875,-1,-1,1,-1,-1,-1
3721,33,842.2108764648438,663.588134765625,-1,-1,1,-1,-1,-1
3722,32,1176.02197265625,735.1192626953125,-1,-1,1,-1,-1,-1
3722,33,863.5631103515625,663.5202026367188,-1,-1,1,-1,-1,-1
3723,32,1197.22216796875,735.0958251953125,-1,-1,1,-1,-1,-1
3723,33,884.8754272460938,663.6190795898438,-1,-1,1,-1,-1,-1
3724,32,1225.546630859375,735.2237548828125,-1,-1,1,-1,-1,-1
3724,33,906.29931640625,663.4977416992188,-1,-1,1,-1,-1,-1
3725,32,1239.79296875,735.0529174804688,-1,-1,1,-1,-1,-1
3725,33,927.5582275390625,656.463623046875,-1,-1,1,-1,-1,-1
3726,32,1261.2022705078125,734.94189453125,-1,-1,1,-1,-1,-1
3726,33,948.7877197265625,656.455078125,-1,-1,1,-1,-1,-1
3727,33,970.2960205078125,656.429931640625,-1,-1,1,-1,-1,-1
3728,32,1310.939697265625,727.9925537109375,-1,-1,1,-1,-1,-1
3728,33,991.5706787109375,656.4332275390625,-1,-1,1,-1,-1,-1
3729,32,1339.438232421875,727.9969482421875,-1,-1,1,-1,-1,-1
3729,33,1012.8818969726562,656.474365234375,-1,-1,1,-1,-1,-1
3730,32,1360.838623046875,728.000244140625,-1,-1,1,-1,-1,-1
3730,33,1041.19384765625,649.4683837890625,-1,-1,1,-1,-1,-1
3731,32,1389.1826171875,727.8547973632812,-1,-1,1,-1,-1,-1
3731,33,1062.64990234375,649.5306396484375,-1,-1,1,-1,-1,-1
3732,32,1417.5355224609375,728.104736328125,-1,-1,1,-1,-1,-1
3732,33,1091.052734375,649.5327758789062,-1,-1,1,-1,-1,-1
3733,32,1445.990966796875,727.8843383789062,-1,-1,1,-1,-1,-1
3733,33,1112.44140625,649.5025634765625,-1,-1,1,-1,-1,-1
3734,32,1467.350341796875,727.9287109375,-1,-1,1,-1,-1,-1
3734,33,1133.7420654296875,649.4208984375,-1,-1,1,-1,-1,-1
3735,32,1495.902099609375,727.89892578125,-1,-1,1,-1,-1,-1
3735,33,1162.204833984375,649.531494140625,-1,-1,1,-1,-1,-1
3736,32,1524.31787109375,727.8309326171875,-1,-1,1,-1,-1,-1
3736,33,1183.4632568359375,649.4358520507812,-1,-1,1,-1,-1,-1
3737,32,1545.73583984375,727.77783203125,-1,-1,1,-1,-1,-1
3737,33,1204.869873046875,649.343505859375,-1,-1,1,-1,-1,-1
3738,32,1574.2080078125,727.813720703125,-1,-1,1,-1,-1,-1
3738,33,1226.208251953125,649.3776245117188,-1,-1,1,-1,-1,-1
3739,32,1595.463134765625,727.91552734375,-1,-1,1,-1,-1,-1
3739,33,1254.6492919921875,642.3380126953125,-1,-1,1,-1,-1,-1
3740,32,1630.751708984375,727.9373779296875,-1,-1,1,-1,-1,-1
3740,33,1275.8194580078125,649.381591796875,-1,-1,1,-1,-1,-1
3741,32,1659.0987548828125,727.9892578125,-1,-1,1,-1,-1,-1
3741,33,1297.1463623046875,642.388427734375,-1,-1,1,-1,-1,-1
3742,32,1680.2496337890625,727.9013061523438,-1,-1,1,-1,-1,-1
3742,33,1318.443359375,642.3515625,-1,-1,1,-1,-1,-1
3743,32,1708.96484375,720.5167236328125,-1,-1,1,-1,-1,-1
3743,33,1339.8043212890625,642.37353515625,-1,-1,1,-1,-1,-1
3744,32,1737.282470703125,720.6005859375,-1,-1,1,-1,-1,-1
3744,33,1368.381103515625,635.2410278320312,-1,-1,1,-1,-1,-1
3745,32,1765.649169921875,720.738037109375,-1,-1,1,-1,-1,-1
3745,33,1389.603271484375,635.24853515625,-1,-1,1,-1,-1,-1
3746,32,1787.1912841796875,713.5923461914062,-1,-1,1,-1,-1,-1
3746,33,1410.8482666015625,635.4418334960938,-1,-1,1,-1,-1,-1
3747,32,1815.5028076171875,713.6966552734375,-1,-1,1,-1,-1,-1
3747,33,1432.23046875,628.174560546875,-1,-1,1,-1,-1,-1
3748,32,1844.1099853515625,713.43896484375,-1,-1,1,-1,-1,-1
3748,33,1453.5404052734375,620.963134765625,-1,-1,1,-1,-1,-1
3749,32,1865.5726318359375,713.3836059570312,-1,-1,1,-1,-1,-1
3749,33,1474.8408203125,621.017578125,-1,-1,1,-1,-1,-1
3750,32,1879.67919921875,706.294677734375,-1,-1,1,-1,-1,-1
3750,33,1496.201416015625,621.1588745117188,-1,-1,1,-1,-1,-1
3751,33,1517.4886474609375,620.87451171875,-1,-1,1,-1,-1,-1
3752,33,1538.640380859375,620.9133911132812,-1,-1,1,-1,-1,-1
3753,33,1559.97412109375,620.997802734375,-1,-1,1,-1,-1,-1
3754,33,1581.1495361328125,621.0535278320312,-1,-1,1,-1,-1,-1
3755,33,1602.515380859375,621.081298828125,-1,-1,1,-1,-1,-1
3756,33,1630.9422607421875,621.1195678710938,-1,-1,1,-1,-1,-1
3757,33,1659.276611328125,621.2079467773438,-1,-1,1,-1,-1,-1
3758,33,1680.6202392578125,621.19970703125,-1,-1,1,-1,-1,-1
3759,33,1701.96044921875,621.1185302734375,-1,-1,1,-1,-1,-1
3760,33,1730.259521484375,621.1708984375,-1,-1,1,-1,-1,-1
3796,34,67.82012939453125,316.09613037109375,-1,-1,1,-1,-1,-1
3797,34,117.87457275390625,323.050048828125,-1,-1,1,-1,-1,-1
3798,34,167.4790802001953,336.9811706542969,-1,-1,1,-1,-1,-1
3799,34,210.46829223632812,336.8370361328125,-1,-1,1,-1,-1,-1
3800,34,245.76400756835938,351.20794677734375,-1,-1,1,-1,-1,-1
3801,34,288.31658935546875,351.2774658203125,-1,-1,1,-1,-1,-1
3802,34,338.0703125,358.34918212890625,-1,-1,1,-1,-1,-1
3803,34,380.5126037597656,365.4539794921875,-1,-1,1,-1,-1,-1
3804,34,415.72296142578125,372.551025390625,-1,-1,1,-1,-1,-1
3805,34,458.7220458984375,386.68060302734375,-1,-1,1,-1,-1,-1
3806,34,487.2034912109375,393.624267578125,-1,-1,1,-1,-1,-1
3807,34,522.7118530273438,400.81280517578125,-1,-1,1,-1,-1,-1
3808,34,558.0556030273438,408.1170349121094,-1,-1,1,-1,-1,-1
3809,34,586.575439453125,407.81982421875,-1,-1,1,-1,-1,-1
3810,34,608.0348510742188,429.2698059082031,-1,-1,1,-1,-1,-1
3811,34,636.6771240234375,443.5005798339844,-1,-1,1,-1,-1,-1
3812,34,657.7371826171875,450.528076171875,-1,-1,1,-1,-1,-1
3813,34,679.041748046875,457.87725830078125,-1,-1,1,-1,-1,-1
3814,34,700.23388671875,472.01605224609375,-1,-1,1,-1,-1,-1
3815,34,721.8187866210938,479.1134338378906,-1,-1,1,-1,-1,-1
3816,34,742.8206176757812,493.3206787109375,-1,-1,1,-1,-1,-1
3817,34,764.26025390625,507.70794677734375,-1,-1,1,-1,-1,-1
3818,34,785.80810546875,507.3836669921875,-1,-1,1,-1,-1,-1
3819,34,814.07861328125,514.6943969726562,-1,-1,1,-1,-1,-1
3820,34,828.2921142578125,528.7880249023438,-1,-1,1,-1,-1,-1
3821,34,842.7560424804688,535.6782836914062,-1,-1,1,-1,-1,-1
3822,34,856.6103515625,542.8594970703125,-1,-1,1,-1,-1,-1
