2,1,1374.93896484375,585.934326171875,-1,-1,1,-1,-1,-1
3,1,1396.3922119140625,585.885986328125,-1,-1,1,-1,-1,-1
5,1,1438.88916015625,586.001953125,-1,-1,1,-1,-1,-1
6,1,1460.143798828125,585.9854125976562,-1,-1,1,-1,-1,-1
9,2,465.5479736328125,1040.0762939453125,-1,-1,1,-1,-1,-1
11,2,621.853271484375,1025.8182373046875,-1,-1,1,-1,-1,-1
24,2,1368.4580078125,961.8592529296875,-1,-1,1,-1,-1,-1
26,2,1489.039794921875,954.6710205078125,-1,-1,1,-1,-1,-1
27,2,1545.71923828125,947.5345458984375,-1,-1,1,-1,-1,-1
62,3,1645.911865234375,414.92303466796875,-1,-1,1,-1,-1,-1
64,3,1695.052734375,415.19171142578125,-1,-1,1,-1,-1,-1
65,3,1723.8173828125,436.320556640625,-1,-1,1,-1,-1,-1
67,3,1766.25927734375,436.62530517578125,-1,-1,1,-1,-1,-1
68,3,1787.67626953125,436.36810302734375,-1,-1,1,-1,-1,-1
69,3,1809.13330078125,436.7437744140625,-1,-1,1,-1,-1,-1
70,3,1830.3642578125,436.68994140625,-1,-1,1,-1,-1,-1
180,5,813.71728515625,756.230712890625,-1,-1,1,-1,-1,-1
181,5,820.8177490234375,756.2711181640625,-1,-1,1,-1,-1,-1
189,6,1652.129150390625,95.46861267089844,-1,-1,1,-1,-1,-1
190,6,1652.3175048828125,81.51461791992188,-1,-1,1,-1,-1,-1
191,6,1659.27197265625,74.4923095703125,-1,-1,1,-1,-1,-1
193,6,1666.552978515625,53.26610565185547,-1,-1,1,-1,-1,-1
194,6,1673.611083984375,45.873268127441406,-1,-1,1,-1,-1,-1
195,6,1680.5849609375,38.630531311035156,-1,-1,1,-1,-1,-1
197,5,1069.441650390625,713.6790771484375,-1,-1,1,-1,-1,-1
199,5,1119.1363525390625,713.7353515625,-1,-1,1,-1,-1,-1
207,4,1261.815185546875,81.52080535888672,-1,-1,1,-1,-1,-1
208,4,1276.1015625,81.33610534667969,-1,-1,1,-1,-1,-1
209,4,1290.08154296875,81.36658477783203,-1,-1,1,-1,-1,-1
210,4,1304.4052734375,88.65711212158203,-1,-1,1,-1,-1,-1
220,4,1453.964599609375,88.32465362548828,-1,-1,1,-1,-1,-1
221,4,1468.09814453125,88.27207946777344,-1,-1,1,-1,-1,-1
222,4,1475.072265625,81.43218994140625,-1,-1,1,-1,-1,-1
224,4,1503.4765625,74.33026123046875,-1,-1,1,-1,-1,-1
225,4,1517.799560546875,67.02521514892578,-1,-1,1,-1,-1,-1
226,4,1531.9306640625,59.96143341064453,-1,-1,1,-1,-1,-1
250,7,274.0491027832031,507.8963623046875,-1,-1,1,-1,-1,-1
252,7,316.502197265625,507.8258056640625,-1,-1,1,-1,-1,-1
254,7,359.38909912109375,507.9154052734375,-1,-1,1,-1,-1,-1
255,7,380.49407958984375,507.8106689453125,-1,-1,1,-1,-1,-1
257,7,416.29144287109375,515.0030517578125,-1,-1,1,-1,-1,-1
258,7,437.43304443359375,514.9498291015625,-1,-1,1,-1,-1,-1
259,7,458.85797119140625,515.0177001953125,-1,-1,1,-1,-1,-1
260,7,480.08734130859375,514.9588012695312,-1,-1,1,-1,-1,-1
261,7,501.5278015136719,507.78643798828125,-1,-1,1,-1,-1,-1
262,7,522.8572998046875,507.83978271484375,-1,-1,1,-1,-1,-1
263,7,536.946533203125,507.7414245605469,-1,-1,1,-1,-1,-1
264,7,558.3290405273438,507.9478759765625,-1,-1,1,-1,-1,-1
265,7,572.62548828125,500.76251220703125,-1,-1,1,-1,-1,-1
265,8,813.8575439453125,741.7518310546875,-1,-1,1,-1,-1,-1
266,7,586.849853515625,500.751953125,-1,-1,1,-1,-1,-1
267,7,600.9710083007812,500.9074401855469,-1,-1,1,-1,-1,-1
267,8,849.578857421875,741.6798706054688,-1,-1,1,-1,-1,-1
268,7,622.2449951171875,493.78741455078125,-1,-1,1,-1,-1,-1
268,8,877.8496704101562,734.8781127929688,-1,-1,1,-1,-1,-1
269,7,643.6900634765625,486.59820556640625,-1,-1,1,-1,-1,-1
270,7,664.835693359375,486.68182373046875,-1,-1,1,-1,-1,-1
270,8,920.7034912109375,727.6477661132812,-1,-1,1,-1,-1,-1
271,7,679.064208984375,479.678955078125,-1,-1,1,-1,-1,-1
271,8,948.9403076171875,720.622314453125,-1,-1,1,-1,-1,-1
272,7,700.52392578125,472.6521911621094,-1,-1,1,-1,-1,-1
272,8,970.201904296875,713.5260620117188,-1,-1,1,-1,-1,-1
273,7,721.6483154296875,465.33966064453125,-1,-1,1,-1,-1,-1
274,7,743.0630493164062,458.171875,-1,-1,1,-1,-1,-1
275,7,757.3186645507812,458.2864685058594,-1,-1,1,-1,-1,-1
276,7,778.4974365234375,451.27294921875,-1,-1,1,-1,-1,-1
276,8,1062.734130859375,699.26806640625,-1,-1,1,-1,-1,-1
277,7,792.8170776367188,444.1813049316406,-1,-1,1,-1,-1,-1
277,8,1083.999755859375,692.1239624023438,-1,-1,1,-1,-1,-1
278,7,814.0152587890625,436.93426513671875,-1,-1,1,-1,-1,-1
278,8,1105.0947265625,685.171630859375,-1,-1,1,-1,-1,-1
279,7,828.2958984375,429.912109375,-1,-1,1,-1,-1,-1
279,8,1119.47998046875,685.00537109375,-1,-1,1,-1,-1,-1
280,7,842.5848388671875,429.9563293457031,-1,-1,1,-1,-1,-1
280,8,1140.76318359375,677.9171142578125,-1,-1,1,-1,-1,-1
281,7,856.8978271484375,422.83367919921875,-1,-1,1,-1,-1,-1
281,8,1154.92724609375,678.0004272460938,-1,-1,1,-1,-1,-1
282,7,877.8671875,422.8109130859375,-1,-1,1,-1,-1,-1
282,8,1176.423095703125,677.9517822265625,-1,-1,1,-1,-1,-1
283,7,892.24365234375,422.92340087890625,-1,-1,1,-1,-1,-1
283,8,1197.698486328125,677.9578857421875,-1,-1,1,-1,-1,-1
284,7,913.5706176757812,415.639892578125,-1,-1,1,-1,-1,-1
284,8,1218.9403076171875,677.8942260742188,-1,-1,1,-1,-1,-1
285,7,927.9310302734375,415.70269775390625,-1,-1,1,-1,-1,-1
285,8,1240.607666015625,684.9444580078125,-1,-1,1,-1,-1,-1
286,7,942.009033203125,422.9141845703125,-1,-1,1,-1,-1,-1
286,8,1254.734130859375,684.869873046875,-1,-1,1,-1,-1,-1
287,7,956.11865234375,422.92230224609375,-1,-1,1,-1,-1,-1
287,8,1275.9078369140625,685.1610107421875,-1,-1,1,-1,-1,-1
288,7,970.41162109375,422.912841796875,-1,-1,1,-1,-1,-1
288,8,1290.301513671875,692.0642700195312,-1,-1,1,-1,-1,-1
289,7,984.6693115234375,422.94140625,-1,-1,1,-1,-1,-1
289,8,1311.4437255859375,692.1861572265625,-1,-1,1,-1,-1,-1
290,7,998.9305419921875,422.6986083984375,-1,-1,1,-1,-1,-1
291,7,1005.831298828125,429.9024658203125,-1,-1,1,-1,-1,-1
292,7,1013.0289306640625,429.85345458984375,-1,-1,1,-1,-1,-1
293,7,1027.32421875,429.8511962890625,-1,-1,1,-1,-1,-1
294,7,1041.56884765625,429.8313903808594,-1,-1,1,-1,-1,-1
295,7,1048.30322265625,436.9918212890625,-1,-1,1,-1,-1,-1
296,7,1062.7598876953125,437.01214599609375,-1,-1,1,-1,-1,-1
297,7,1077.010498046875,444.16436767578125,-1,-1,1,-1,-1,-1
298,7,1091.228515625,444.1569519042969,-1,-1,1,-1,-1,-1
299,7,1098.2706298828125,443.9585266113281,-1,-1,1,-1,-1,-1
300,7,1112.66796875,444.00286865234375,-1,-1,1,-1,-1,-1
301,7,1126.95166015625,443.9927978515625,-1,-1,1,-1,-1,-1
302,7,1148.1636962890625,443.97100830078125,-1,-1,1,-1,-1,-1
303,7,1162.30517578125,443.94110107421875,-1,-1,1,-1,-1,-1
304,7,1176.5543212890625,451.295654296875,-1,-1,1,-1,-1,-1
305,7,1197.888916015625,451.18658447265625,-1,-1,1,-1,-1,-1
306,7,1219.1474609375,451.0693664550781,-1,-1,1,-1,-1,-1
307,7,1240.6956787109375,451.167236328125,-1,-1,1,-1,-1,-1
308,7,1261.823486328125,451.06512451171875,-1,-1,1,-1,-1,-1
309,7,1283.45361328125,451.1744689941406,-1,-1,1,-1,-1,-1
310,7,1304.436767578125,458.29425048828125,-1,-1,1,-1,-1,-1
311,7,1325.8994140625,458.4100036621094,-1,-1,1,-1,-1,-1
312,7,1347.3037109375,458.3424987792969,-1,-1,1,-1,-1,-1
313,7,1368.5543212890625,458.30548095703125,-1,-1,1,-1,-1,-1
314,7,1389.545166015625,465.4263916015625,-1,-1,1,-1,-1,-1
315,7,1411.11279296875,465.3179931640625,-1,-1,1,-1,-1,-1
316,7,1432.375,465.1011657714844,-1,-1,1,-1,-1,-1
317,7,1453.558837890625,472.3262634277344,-1,-1,1,-1,-1,-1
318,7,1482.171142578125,465.09375,-1,-1,1,-1,-1,-1
319,7,1503.28369140625,472.3283386230469,-1,-1,1,-1,-1,-1
320,7,1524.648681640625,472.2738952636719,-1,-1,1,-1,-1,-1
