4,1,877.5205078125,528.3759765625,-1,-1,1,-1,-1,-1
5,1,841.99951171875,528.4750366210938,-1,-1,1,-1,-1,-1
7,1,785.14501953125,535.579833984375,-1,-1,1,-1,-1,-1
8,1,749.7731323242188,535.83984375,-1,-1,1,-1,-1,-1
9,1,721.250244140625,535.9005737304688,-1,-1,1,-1,-1,-1
12,1,600.660888671875,543.0220947265625,-1,-1,1,-1,-1,-1
13,1,551.0068359375,543.0033569335938,-1,-1,1,-1,-1,-1
14,1,500.98406982421875,542.8602905273438,-1,-1,1,-1,-1,-1
15,1,458.5404052734375,542.79638671875,-1,-1,1,-1,-1,-1
16,1,408.9769592285156,535.7356567382812,-1,-1,1,-1,-1,-1
17,1,359.1622314453125,535.8028564453125,-1,-1,1,-1,-1,-1
19,1,266.6551208496094,528.5408935546875,-1,-1,1,-1,-1,-1
20,1,224.09295654296875,528.3262939453125,-1,-1,1,-1,-1,-1
186,2,429.5113525390625,557.41748046875,-1,-1,1,-1,-1,-1
189,2,429.33343505859375,543.258544921875,-1,-1,1,-1,-1,-1
192,2,422.12518310546875,536.072021484375,-1,-1,1,-1,-1,-1
194,2,414.9622802734375,536.1084594726562,-1,-1,1,-1,-1,-1
195,2,415.3438415527344,535.77783203125,-1,-1,1,-1,-1,-1
196,2,408.040771484375,535.8987426757812,-1,-1,1,-1,-1,-1
197,2,408.10552978515625,528.711181640625,-1,-1,1,-1,-1,-1
198,2,408.07183837890625,521.6572265625,-1,-1,1,-1,-1,-1
199,2,400.86627197265625,528.7630615234375,-1,-1,1,-1,-1,-1
200,2,408.20660400390625,528.6749267578125,-1,-1,1,-1,-1,-1
201,2,400.8848571777344,535.95458984375,-1,-1,1,-1,-1,-1
202,2,400.9400634765625,536.0358276367188,-1,-1,1,-1,-1,-1
203,2,401.12188720703125,535.8983764648438,-1,-1,1,-1,-1,-1
204,2,393.9549865722656,543.111572265625,-1,-1,1,-1,-1,-1
205,2,379.5975036621094,557.3695068359375,-1,-1,1,-1,-1,-1
206,2,379.8099670410156,550.2896728515625,-1,-1,1,-1,-1,-1
211,3,1182.569091796875,684.978515625,-1,-1,1,-1,-1,-1
212,3,1175.56787109375,684.60498046875,-1,-1,1,-1,-1,-1
214,3,1161.42041015625,692.01953125,-1,-1,1,-1,-1,-1
224,3,1090.408935546875,713.1323852539062,-1,-1,1,-1,-1,-1
225,3,1076.267822265625,720.17138671875,-1,-1,1,-1,-1,-1
226,3,1069.07568359375,713.2354736328125,-1,-1,1,-1,-1,-1
228,3,1047.6455078125,713.1844482421875,-1,-1,1,-1,-1,-1
229,3,1040.55126953125,713.179931640625,-1,-1,1,-1,-1,-1
230,3,1026.363525390625,713.2657470703125,-1,-1,1,-1,-1,-1
231,3,1019.33984375,713.3482666015625,-1,-1,1,-1,-1,-1
232,3,1012.0953979492188,706.2376098632812,-1,-1,1,-1,-1,-1
233,3,1005.159912109375,713.170166015625,-1,-1,1,-1,-1,-1
234,3,991.11181640625,713.3275146484375,-1,-1,1,-1,-1,-1
235,3,983.8488159179688,713.1522216796875,-1,-1,1,-1,-1,-1
236,3,969.6452026367188,713.1036376953125,-1,-1,1,-1,-1,-1
237,3,955.4113159179688,713.18701171875,-1,-1,1,-1,-1,-1
238,3,941.2872314453125,720.2801513671875,-1,-1,1,-1,-1,-1
239,3,927.0382080078125,727.36376953125,-1,-1,1,-1,-1,-1
240,3,912.7579345703125,727.1485595703125,-1,-1,1,-1,-1,-1
242,3,877.2708740234375,727.2431640625,-1,-1,1,-1,-1,-1
243,3,862.9605102539062,713.3676147460938,-1,-1,1,-1,-1,-1
245,3,827.3983154296875,706.1708984375,-1,-1,1,-1,-1,-1
247,3,791.822021484375,706.068603515625,-1,-1,1,-1,-1,-1
248,3,770.62109375,713.4107666015625,-1,-1,1,-1,-1,-1
249,3,749.3826904296875,713.3692016601562,-1,-1,1,-1,-1,-1
251,3,713.844970703125,713.3480224609375,-1,-1,1,-1,-1,-1
252,3,699.4288330078125,706.0858764648438,-1,-1,1,-1,-1,-1
253,3,678.34375,713.3540649414062,-1,-1,1,-1,-1,-1
254,3,657.0848388671875,713.3660888671875,-1,-1,1,-1,-1,-1
255,3,642.7540283203125,706.3128051757812,-1,-1,1,-1,-1,-1
256,3,621.498779296875,713.31396484375,-1,-1,1,-1,-1,-1
257,3,600.3272705078125,706.2366943359375,-1,-1,1,-1,-1,-1
258,3,585.8639526367188,699.1094970703125,-1,-1,1,-1,-1,-1
259,3,564.6251220703125,699.1126098632812,-1,-1,1,-1,-1,-1
360,4,628.5496826171875,769.8495483398438,-1,-1,1,-1,-1,-1
361,4,607.3561401367188,777.1199340820312,-1,-1,1,-1,-1,-1
362,4,579.03662109375,776.991943359375,-1,-1,1,-1,-1,-1
363,4,550.3922119140625,776.98388671875,-1,-1,1,-1,-1,-1
364,4,529.040283203125,784.2161865234375,-1,-1,1,-1,-1,-1
365,4,500.57574462890625,784.1558837890625,-1,-1,1,-1,-1,-1
366,4,479.38482666015625,791.4009399414062,-1,-1,1,-1,-1,-1
367,4,451.0074462890625,798.4232788085938,-1,-1,1,-1,-1,-1
368,4,422.4912414550781,805.608642578125,-1,-1,1,-1,-1,-1
369,4,387.0483703613281,805.2487182617188,-1,-1,1,-1,-1,-1
370,4,358.5035400390625,812.5310668945312,-1,-1,1,-1,-1,-1
371,4,330.1246337890625,812.5569458007812,-1,-1,1,-1,-1,-1
372,4,294.52410888671875,819.721923828125,-1,-1,1,-1,-1,-1
373,4,258.87652587890625,819.6627197265625,-1,-1,1,-1,-1,-1
374,4,223.3905029296875,826.761962890625,-1,-1,1,-1,-1,-1
375,4,180.79043579101562,826.4171142578125,-1,-1,1,-1,-1,-1
376,4,145.18679809570312,833.790283203125,-1,-1,1,-1,-1,-1
377,4,102.72669219970703,833.556396484375,-1,-1,1,-1,-1,-1
378,4,67.29369354248047,840.882080078125,-1,-1,1,-1,-1,-1
466,5,1168.9039306640625,670.6846923828125,-1,-1,1,-1,-1,-1
467,5,1133.2259521484375,670.4775390625,-1,-1,1,-1,-1,-1
468,5,1090.6904296875,677.79345703125,-1,-1,1,-1,-1,-1
469,5,1048.0379638671875,677.4840698242188,-1,-1,1,-1,-1,-1
470,5,1005.4971923828125,677.5350952148438,-1,-1,1,-1,-1,-1
471,5,955.7554931640625,677.39306640625,-1,-1,1,-1,-1,-1
472,5,906.0817260742188,677.3443603515625,-1,-1,1,-1,-1,-1
473,5,849.3060302734375,677.2918090820312,-1,-1,1,-1,-1,-1
474,5,799.57275390625,684.8134765625,-1,-1,1,-1,-1,-1
475,5,742.59716796875,684.6187744140625,-1,-1,1,-1,-1,-1
476,5,692.8268432617188,691.6181640625,-1,-1,1,-1,-1,-1
477,5,636.008544921875,698.856689453125,-1,-1,1,-1,-1,-1
478,5,579.3224487304688,713.1962280273438,-1,-1,1,-1,-1,-1
480,5,465.6654968261719,741.987548828125,-1,-1,1,-1,-1,-1
482,5,337.68927001953125,763.1641845703125,-1,-1,1,-1,-1,-1
490,6,849.189697265625,606.5093994140625,-1,-1,1,-1,-1,-1
492,6,756.644775390625,635.2191162109375,-1,-1,1,-1,-1,-1
493,6,727.937255859375,677.9288330078125,-1,-1,1,-1,-1,-1
494,6,657.2816162109375,649.2564697265625,-1,-1,1,-1,-1,-1
495,6,600.3538208007812,642.2222900390625,-1,-1,1,-1,-1,-1
496,6,550.5087890625,642.3021240234375,-1,-1,1,-1,-1,-1
498,6,436.6510009765625,649.5015869140625,-1,-1,1,-1,-1,-1
499,6,387.05914306640625,649.3799438476562,-1,-1,1,-1,-1,-1
499,7,1296.411865234375,798.3798217773438,-1,-1,1,-1,-1,-1
500,7,1253.90869140625,791.1941528320312,-1,-1,1,-1,-1,-1
501,7,1218.3372802734375,791.2987060546875,-1,-1,1,-1,-1,-1
502,7,1175.80029296875,791.07763671875,-1,-1,1,-1,-1,-1
503,7,1140.1611328125,784.0125732421875,-1,-1,1,-1,-1,-1
504,7,1104.706787109375,784.0108032226562,-1,-1,1,-1,-1,-1
505,7,1062.0587158203125,791.0570678710938,-1,-1,1,-1,-1,-1
506,7,1033.49462890625,784.0457763671875,-1,-1,1,-1,-1,-1
507,7,990.923583984375,783.9713134765625,-1,-1,1,-1,-1,-1
508,7,955.2911376953125,783.976806640625,-1,-1,1,-1,-1,-1
509,7,919.9061279296875,783.990966796875,-1,-1,1,-1,-1,-1
510,7,877.3035888671875,784.0919189453125,-1,-1,1,-1,-1,-1
511,7,834.5570068359375,784.0308227539062,-1,-1,1,-1,-1,-1
512,7,791.9930419921875,784.1912841796875,-1,-1,1,-1,-1,-1
513,7,749.386474609375,784.1484985351562,-1,-1,1,-1,-1,-1
514,7,706.76220703125,777.2542724609375,-1,-1,1,-1,-1,-1
515,7,664.083984375,777.3416137695312,-1,-1,1,-1,-1,-1
516,7,621.6142578125,784.2915649414062,-1,-1,1,-1,-1,-1
517,7,578.7626953125,784.2365112304688,-1,-1,1,-1,-1,-1
518,7,536.23828125,791.4459228515625,-1,-1,1,-1,-1,-1
519,7,493.53411865234375,798.56201171875,-1,-1,1,-1,-1,-1
520,7,450.9093017578125,798.4486083984375,-1,-1,1,-1,-1,-1
521,7,408.29412841796875,805.6619873046875,-1,-1,1,-1,-1,-1
522,7,365.66839599609375,805.4752197265625,-1,-1,1,-1,-1,-1
523,7,315.9583740234375,805.5322265625,-1,-1,1,-1,-1,-1
524,7,258.91363525390625,805.530517578125,-1,-1,1,-1,-1,-1
525,7,209.26614379882812,805.4862060546875,-1,-1,1,-1,-1,-1
526,7,159.45059204101562,805.52294921875,-1,-1,1,-1,-1,-1
527,7,109.768798828125,805.487548828125,-1,-1,1,-1,-1,-1
535,8,1744.2001953125,770.0174560546875,-1,-1,1,-1,-1,-1
542,8,1516.77880859375,734.206787109375,-1,-1,1,-1,-1,-1
543,8,1481.22021484375,727.1698608398438,-1,-1,1,-1,-1,-1
544,8,1452.6600341796875,727.37255859375,-1,-1,1,-1,-1,-1
546,8,1388.969970703125,712.9117431640625,-1,-1,1,-1,-1,-1
548,8,1332.1619873046875,705.7567138671875,-1,-1,1,-1,-1,-1
550,8,1275.3031005859375,698.56298828125,-1,-1,1,-1,-1,-1
551,8,1246.8819580078125,698.5789794921875,-1,-1,1,-1,-1,-1
552,8,1225.434814453125,691.541015625,-1,-1,1,-1,-1,-1
553,8,1190.09130859375,691.6322631835938,-1,-1,1,-1,-1,-1
554,8,1161.57958984375,691.6943359375,-1,-1,1,-1,-1,-1
555,8,1133.171142578125,691.66015625,-1,-1,1,-1,-1,-1
556,8,1097.6551513671875,691.5178833007812,-1,-1,1,-1,-1,-1
557,8,1069.21435546875,691.6615600585938,-1,-1,1,-1,-1,-1
558,8,1033.657958984375,691.7208251953125,-1,-1,1,-1,-1,-1
559,8,991.0015258789062,691.77783203125,-1,-1,1,-1,-1,-1
560,8,941.1075439453125,691.904052734375,-1,-1,1,-1,-1,-1
560,9,1225.698486328125,485.80303955078125,-1,-1,1,-1,-1,-1
561,8,891.3070678710938,684.6456298828125,-1,-1,1,-1,-1,-1
561,9,1225.73828125,485.74267578125,-1,-1,1,-1,-1,-1
562,8,841.7110595703125,684.7322998046875,-1,-1,1,-1,-1,-1
562,9,1218.60205078125,485.5380859375,-1,-1,1,-1,-1,-1
563,8,792.10986328125,684.765625,-1,-1,1,-1,-1,-1
563,9,1218.350830078125,492.9810791015625,-1,-1,1,-1,-1,-1
564,8,735.1834716796875,691.9083251953125,-1,-1,1,-1,-1,-1
564,9,1175.4501953125,563.535400390625,-1,-1,1,-1,-1,-1
565,9,1204.2451171875,499.93963623046875,-1,-1,1,-1,-1,-1
566,9,1154.28662109375,570.6126708984375,-1,-1,1,-1,-1,-1
567,9,1197.238525390625,506.96514892578125,-1,-1,1,-1,-1,-1
568,9,1190.14306640625,514.2240600585938,-1,-1,1,-1,-1,-1
569,9,1175.8055419921875,528.4754638671875,-1,-1,1,-1,-1,-1
569,10,1125.770751953125,592.090087890625,-1,-1,1,-1,-1,-1
570,9,1168.865478515625,535.3134155273438,-1,-1,1,-1,-1,-1
570,10,1111.466064453125,606.4613037109375,-1,-1,1,-1,-1,-1
571,9,1161.648193359375,549.5546264648438,-1,-1,1,-1,-1,-1
571,10,1090.133056640625,613.385986328125,-1,-1,1,-1,-1,-1
572,9,1140.2476806640625,564.05810546875,-1,-1,1,-1,-1,-1
572,10,1075.98388671875,627.761474609375,-1,-1,1,-1,-1,-1
573,9,1126.074951171875,578.1810302734375,-1,-1,1,-1,-1,-1
573,10,1061.7728271484375,649.2738037109375,-1,-1,1,-1,-1,-1
574,9,1111.8837890625,585.10400390625,-1,-1,1,-1,-1,-1
574,10,1033.433349609375,656.05322265625,-1,-1,1,-1,-1,-1
575,9,1090.585205078125,599.453857421875,-1,-1,1,-1,-1,-1
575,10,1012.0615234375,670.3699951171875,-1,-1,1,-1,-1,-1
575,11,1133.0380859375,557.0103149414062,-1,-1,1,-1,-1,-1
576,11,1111.965087890625,571.0955810546875,-1,-1,1,-1,-1,-1
577,9,1040.806884765625,620.7259521484375,-1,-1,1,-1,-1,-1
578,9,1012.4660034179688,628.0079345703125,-1,-1,1,-1,-1,-1
579,9,984.02490234375,642.0443725585938,-1,-1,1,-1,-1,-1
580,9,962.8497314453125,649.080810546875,-1,-1,1,-1,-1,-1
580,10,870.1114501953125,720.392578125,-1,-1,1,-1,-1,-1
580,11,1005.3721923828125,613.6243896484375,-1,-1,1,-1,-1,-1
581,9,934.408935546875,656.1777954101562,-1,-1,1,-1,-1,-1
582,9,906.017578125,663.2967529296875,-1,-1,1,-1,-1,-1
582,11,955.5771484375,627.7550048828125,-1,-1,1,-1,-1,-1
583,9,877.6143798828125,670.5029296875,-1,-1,1,-1,-1,-1
584,9,849.223876953125,670.5563354492188,-1,-1,1,-1,-1,-1
584,10,749.466552734375,741.330322265625,-1,-1,1,-1,-1,-1
585,9,820.7967529296875,677.5491333007812,-1,-1,1,-1,-1,-1
585,10,713.6931762695312,748.6851806640625,-1,-1,1,-1,-1,-1
586,9,792.35693359375,677.51953125,-1,-1,1,-1,-1,-1
587,9,763.9293212890625,684.7127685546875,-1,-1,1,-1,-1,-1
587,10,649.7891235351562,755.5601806640625,-1,-1,1,-1,-1,-1
589,9,707.1229248046875,691.5672607421875,-1,-1,1,-1,-1,-1
589,11,756.759765625,656.3460693359375,-1,-1,1,-1,-1,-1
590,9,664.414306640625,698.9993896484375,-1,-1,1,-1,-1,-1
590,10,536.275634765625,770.1076049804688,-1,-1,1,-1,-1,-1
590,11,728.3955078125,656.236083984375,-1,-1,1,-1,-1,-1
591,9,628.824951171875,698.8130493164062,-1,-1,1,-1,-1,-1
591,11,685.5780029296875,663.49072265625,-1,-1,1,-1,-1,-1
592,9,593.452880859375,705.9627075195312,-1,-1,1,-1,-1,-1
592,11,649.8458251953125,663.4620361328125,-1,-1,1,-1,-1,-1
593,9,557.9496459960938,705.720703125,-1,-1,1,-1,-1,-1
593,11,614.5377197265625,670.4007568359375,-1,-1,1,-1,-1,-1
594,9,515.0970458984375,705.923095703125,-1,-1,1,-1,-1,-1
594,11,578.8948364257812,670.148193359375,-1,-1,1,-1,-1,-1
595,9,472.39801025390625,712.8001708984375,-1,-1,1,-1,-1,-1
595,11,536.3458251953125,677.2978515625,-1,-1,1,-1,-1,-1
596,9,429.7607727050781,719.958251953125,-1,-1,1,-1,-1,-1
596,11,493.56744384765625,684.6235961914062,-1,-1,1,-1,-1,-1
597,11,450.9639587402344,684.55029296875,-1,-1,1,-1,-1,-1
598,11,408.3082580566406,691.4615478515625,-1,-1,1,-1,-1,-1
603,12,1452.392822265625,628.5416259765625,-1,-1,1,-1,-1,-1
604,12,1416.7359619140625,635.34326171875,-1,-1,1,-1,-1,-1
605,12,1367.0552978515625,635.4950561523438,-1,-1,1,-1,-1,-1
606,12,1338.6580810546875,635.458251953125,-1,-1,1,-1,-1,-1
607,12,1303.1822509765625,635.346435546875,-1,-1,1,-1,-1,-1
608,12,1267.603271484375,628.0723266601562,-1,-1,1,-1,-1,-1
609,12,1239.21630859375,635.12890625,-1,-1,1,-1,-1,-1
610,12,1203.8665771484375,613.5510864257812,-1,-1,1,-1,-1,-1
611,12,1175.568359375,613.5623779296875,-1,-1,1,-1,-1,-1
1029,13,1310.697509765625,492.92041015625,-1,-1,1,-1,-1,-1
1030,13,1289.1748046875,492.99053955078125,-1,-1,1,-1,-1,-1
1031,13,1267.97314453125,485.6143493652344,-1,-1,1,-1,-1,-1
1032,13,1239.49462890625,485.53277587890625,-1,-1,1,-1,-1,-1
1033,13,1218.349609375,485.5738525390625,-1,-1,1,-1,-1,-1
1034,13,1189.9013671875,485.6553955078125,-1,-1,1,-1,-1,-1
1035,13,1161.597412109375,485.44573974609375,-1,-1,1,-1,-1,-1
1036,13,1140.319580078125,485.411865234375,-1,-1,1,-1,-1,-1
1037,13,1104.7900390625,485.47662353515625,-1,-1,1,-1,-1,-1
1038,13,1076.309814453125,485.5203857421875,-1,-1,1,-1,-1,-1
1042,13,955.4280395507812,464.2674255371094,-1,-1,1,-1,-1,-1
1043,13,919.8099975585938,464.26611328125,-1,-1,1,-1,-1,-1
1044,13,877.2694702148438,457.25885009765625,-1,-1,1,-1,-1,-1
1046,13,798.9835815429688,450.3658142089844,-1,-1,1,-1,-1,-1
1271,14,550.264404296875,635.1109619140625,-1,-1,1,-1,-1,-1
1276,14,450.79022216796875,628.0679931640625,-1,-1,1,-1,-1,-1
1284,14,308.7477111816406,628.132568359375,-1,-1,1,-1,-1,-1
1288,14,251.89175415039062,628.0513916015625,-1,-1,1,-1,-1,-1
1289,14,244.77468872070312,635.1884765625,-1,-1,1,-1,-1,-1
1290,14,237.60153198242188,635.238037109375,-1,-1,1,-1,-1,-1
1291,14,230.67449951171875,628.2166748046875,-1,-1,1,-1,-1,-1
1292,14,216.389892578125,628.0888671875,-1,-1,1,-1,-1,-1
1293,14,216.41517639160156,628.1126708984375,-1,-1,1,-1,-1,-1
1294,14,209.30307006835938,628.1367797851562,-1,-1,1,-1,-1,-1
1295,14,202.17645263671875,628.1119384765625,-1,-1,1,-1,-1,-1
1296,14,195.12161254882812,628.0235595703125,-1,-1,1,-1,-1,-1
1297,14,180.8701171875,628.1759033203125,-1,-1,1,-1,-1,-1
1298,14,173.7261962890625,628.16259765625,-1,-1,1,-1,-1,-1
1299,14,166.61517333984375,628.2373046875,-1,-1,1,-1,-1,-1
1300,14,152.41192626953125,628.0988159179688,-1,-1,1,-1,-1,-1
1301,14,145.3369140625,621.0038452148438,-1,-1,1,-1,-1,-1
1302,14,131.04624938964844,620.9863891601562,-1,-1,1,-1,-1,-1
1303,14,116.87617492675781,621.0284423828125,-1,-1,1,-1,-1,-1
1304,14,95.59072875976562,620.9346313476562,-1,-1,1,-1,-1,-1
1305,14,81.27268981933594,620.9345092773438,-1,-1,1,-1,-1,-1
1306,14,67.1048355102539,620.9722900390625,-1,-1,1,-1,-1,-1
1307,14,45.968257904052734,620.943115234375,-1,-1,1,-1,-1,-1
1580,15,1701.47412109375,663.2958374023438,-1,-1,1,-1,-1,-1
1582,15,1673.0877685546875,670.5661010742188,-1,-1,1,-1,-1,-1
1584,15,1644.79443359375,670.5924072265625,-1,-1,1,-1,-1,-1
1587,15,1616.25732421875,663.2183837890625,-1,-1,1,-1,-1,-1
1589,15,1594.9599609375,656.3468017578125,-1,-1,1,-1,-1,-1
1592,15,1566.63427734375,641.8486938476562,-1,-1,1,-1,-1,-1
1603,15,1488.271484375,641.9231567382812,-1,-1,1,-1,-1,-1
1605,15,1452.670654296875,649.0599365234375,-1,-1,1,-1,-1,-1
1606,15,1438.592041015625,649.072021484375,-1,-1,1,-1,-1,-1
1607,15,1417.10107421875,656.360107421875,-1,-1,1,-1,-1,-1
1608,15,1402.9415283203125,663.3350830078125,-1,-1,1,-1,-1,-1
1609,15,1381.6378173828125,663.321044921875,-1,-1,1,-1,-1,-1
1610,15,1367.419921875,670.5235595703125,-1,-1,1,-1,-1,-1
1611,15,1346.1561279296875,670.3660888671875,-1,-1,1,-1,-1,-1
1612,15,1324.799560546875,677.6348876953125,-1,-1,1,-1,-1,-1
1613,15,1303.542236328125,677.4908447265625,-1,-1,1,-1,-1,-1
1614,15,1282.19921875,684.7069091796875,-1,-1,1,-1,-1,-1
1615,15,1267.92138671875,691.646240234375,-1,-1,1,-1,-1,-1
1616,15,1246.716064453125,691.5369873046875,-1,-1,1,-1,-1,-1
1617,15,1225.459228515625,698.7205810546875,-1,-1,1,-1,-1,-1
1618,15,1204.0263671875,705.91064453125,-1,-1,1,-1,-1,-1
1619,15,1182.775634765625,705.7748413085938,-1,-1,1,-1,-1,-1
1620,15,1168.464111328125,713.0783081054688,-1,-1,1,-1,-1,-1
1621,15,1147.14111328125,712.8438720703125,-1,-1,1,-1,-1,-1
1622,15,1125.9610595703125,712.8463134765625,-1,-1,1,-1,-1,-1
1623,15,1104.637451171875,712.8446044921875,-1,-1,1,-1,-1,-1
1624,15,1083.166015625,720.1097412109375,-1,-1,1,-1,-1,-1
1625,15,1068.97998046875,719.9296875,-1,-1,1,-1,-1,-1
1626,15,1047.6348876953125,712.779296875,-1,-1,1,-1,-1,-1
1627,15,1019.3900756835938,712.9451904296875,-1,-1,1,-1,-1,-1
1628,15,1005.08544921875,712.7724609375,-1,-1,1,-1,-1,-1
1629,15,983.8199462890625,712.9818115234375,-1,-1,1,-1,-1,-1
1630,15,962.5201416015625,712.8232421875,-1,-1,1,-1,-1,-1
1631,15,941.0615234375,713.1151123046875,-1,-1,1,-1,-1,-1
1632,15,919.7711181640625,713.1322021484375,-1,-1,1,-1,-1,-1
1634,15,884.3623046875,705.738525390625,-1,-1,1,-1,-1,-1
1636,15,848.690673828125,705.7120971679688,-1,-1,1,-1,-1,-1
1637,15,827.5428466796875,705.72021484375,-1,-1,1,-1,-1,-1
1638,15,806.28662109375,705.82568359375,-1,-1,1,-1,-1,-1
1643,15,706.7779541015625,705.848388671875,-1,-1,1,-1,-1,-1
1644,15,692.5712890625,705.887451171875,-1,-1,1,-1,-1,-1
1646,15,649.8648681640625,698.5752563476562,-1,-1,1,-1,-1,-1
1647,15,621.5530395507812,698.713623046875,-1,-1,1,-1,-1,-1
1649,15,564.689697265625,691.6100463867188,-1,-1,1,-1,-1,-1
1651,15,514.8225708007812,684.6190795898438,-1,-1,1,-1,-1,-1
1652,15,479.519775390625,677.143798828125,-1,-1,1,-1,-1,-1
1653,15,450.88665771484375,670.113525390625,-1,-1,1,-1,-1,-1
1656,15,344.51068115234375,663.1439208984375,-1,-1,1,-1,-1,-1
1862,16,1033.546142578125,506.5860290527344,-1,-1,1,-1,-1,-1
1864,16,1012.0799560546875,520.87353515625,-1,-1,1,-1,-1,-1
1865,16,1012.06298828125,507.0118408203125,-1,-1,1,-1,-1,-1
1866,16,998.0526123046875,507.18475341796875,-1,-1,1,-1,-1,-1
1867,16,983.7987060546875,514.3641967773438,-1,-1,1,-1,-1,-1
1868,16,969.484130859375,521.4248046875,-1,-1,1,-1,-1,-1
1870,16,955.3460083007812,528.6006469726562,-1,-1,1,-1,-1,-1
1871,16,941.1146240234375,535.802490234375,-1,-1,1,-1,-1,-1
1875,16,912.6956787109375,549.7398681640625,-1,-1,1,-1,-1,-1
1877,16,891.3851318359375,556.8177490234375,-1,-1,1,-1,-1,-1
1880,16,869.97412109375,563.9814453125,-1,-1,1,-1,-1,-1
1881,16,863.1456909179688,571.3193359375,-1,-1,1,-1,-1,-1
1882,16,855.9805297851562,571.3779296875,-1,-1,1,-1,-1,-1
1883,16,848.8662719726562,571.3626098632812,-1,-1,1,-1,-1,-1
1884,16,841.7734375,571.2493896484375,-1,-1,1,-1,-1,-1
1885,16,834.783447265625,578.4195556640625,-1,-1,1,-1,-1,-1
1887,16,813.441650390625,571.3320922851562,-1,-1,1,-1,-1,-1
1888,16,806.179931640625,571.1900634765625,-1,-1,1,-1,-1,-1
1889,16,799.1697998046875,564.1754150390625,-1,-1,1,-1,-1,-1
1890,16,799.1611938476562,571.3201904296875,-1,-1,1,-1,-1,-1
1891,16,799.2470703125,564.2040405273438,-1,-1,1,-1,-1,-1
1892,16,799.1349487304688,571.339599609375,-1,-1,1,-1,-1,-1
1893,16,799.230712890625,571.4447021484375,-1,-1,1,-1,-1,-1
1894,16,791.959716796875,571.3323364257812,-1,-1,1,-1,-1,-1
1895,16,791.961181640625,571.2376708984375,-1,-1,1,-1,-1,-1
1896,16,792.1571655273438,571.2740478515625,-1,-1,1,-1,-1,-1
1897,16,792.1434326171875,578.6087646484375,-1,-1,1,-1,-1,-1
1898,16,784.8487548828125,578.6028442382812,-1,-1,1,-1,-1,-1
1899,16,784.7443237304688,578.5423583984375,-1,-1,1,-1,-1,-1
1901,16,784.9027099609375,571.2529296875,-1,-1,1,-1,-1,-1
1902,16,777.6700439453125,571.21484375,-1,-1,1,-1,-1,-1
1903,16,777.5604248046875,571.243408203125,-1,-1,1,-1,-1,-1
1904,16,777.6385498046875,571.284912109375,-1,-1,1,-1,-1,-1
1920,16,756.0423583984375,549.9605102539062,-1,-1,1,-1,-1,-1
1927,16,735.0794067382812,564.0656127929688,-1,-1,1,-1,-1,-1
1932,16,699.27734375,571.26708984375,-1,-1,1,-1,-1,-1
1948,17,1409.831787109375,301.16259765625,-1,-1,1,-1,-1,-1
1949,17,1388.6412353515625,293.985595703125,-1,-1,1,-1,-1,-1
1951,17,1352.75048828125,293.9197692871094,-1,-1,1,-1,-1,-1
1953,17,1310.301025390625,286.9281311035156,-1,-1,1,-1,-1,-1
1955,17,1267.730224609375,279.6667785644531,-1,-1,1,-1,-1,-1
1959,17,1196.682861328125,265.55999755859375,-1,-1,1,-1,-1,-1
1960,16,287.56292724609375,464.5340881347656,-1,-1,1,-1,-1,-1
1960,17,1175.242919921875,265.3955383300781,-1,-1,1,-1,-1,-1
1961,17,1161.108642578125,258.4548645019531,-1,-1,1,-1,-1,-1
1962,17,1139.7650146484375,258.3880310058594,-1,-1,1,-1,-1,-1
1963,17,1125.717041015625,258.3269958496094,-1,-1,1,-1,-1,-1
1964,17,1104.4189453125,251.3779296875,-1,-1,1,-1,-1,-1
1965,17,1090.189208984375,251.38363647460938,-1,-1,1,-1,-1,-1
1966,17,1075.94140625,251.3671875,-1,-1,1,-1,-1,-1
1967,17,1054.736572265625,251.136962890625,-1,-1,1,-1,-1,-1
1968,17,1040.413818359375,251.23895263671875,-1,-1,1,-1,-1,-1
1969,17,1026.3935546875,251.12136840820312,-1,-1,1,-1,-1,-1
1970,17,1011.9276123046875,251.18313598632812,-1,-1,1,-1,-1,-1
1972,17,983.4337158203125,251.2635498046875,-1,-1,1,-1,-1,-1
1973,17,969.264404296875,251.29981994628906,-1,-1,1,-1,-1,-1
1974,17,962.0438842773438,251.2698974609375,-1,-1,1,-1,-1,-1
1992,17,735.06396484375,187.31039428710938,-1,-1,1,-1,-1,-1
1993,17,713.736083984375,187.32534790039062,-1,-1,1,-1,-1,-1
1994,17,692.2015380859375,187.25587463378906,-1,-1,1,-1,-1,-1
1995,17,678.1738891601562,180.1007080078125,-1,-1,1,-1,-1,-1
1996,17,628.4974365234375,215.75802612304688,-1,-1,1,-1,-1,-1
2008,17,401.35498046875,123.34091186523438,-1,-1,1,-1,-1,-1
2017,17,188.04611206054688,151.55535888671875,-1,-1,1,-1,-1,-1
2018,17,159.58045959472656,151.84381103515625,-1,-1,1,-1,-1,-1
2019,17,124.0731201171875,158.8949737548828,-1,-1,1,-1,-1,-1
2020,17,95.67522430419922,158.92465209960938,-1,-1,1,-1,-1,-1
2277,18,1552.0130615234375,698.803955078125,-1,-1,1,-1,-1,-1
2280,18,1459.863037109375,691.7388916015625,-1,-1,1,-1,-1,-1
2283,18,1367.140869140625,684.814208984375,-1,-1,1,-1,-1,-1
2284,18,1331.769287109375,684.6199951171875,-1,-1,1,-1,-1,-1
2285,18,1296.158935546875,684.7537841796875,-1,-1,1,-1,-1,-1
2286,18,1260.7183837890625,684.6022338867188,-1,-1,1,-1,-1,-1
2287,18,1225.2347412109375,684.6032104492188,-1,-1,1,-1,-1,-1
2288,18,1189.72021484375,684.7442626953125,-1,-1,1,-1,-1,-1
2289,18,1154.0546875,691.974365234375,-1,-1,1,-1,-1,-1
2290,18,1118.521484375,691.8617553710938,-1,-1,1,-1,-1,-1
2291,18,1090.02734375,699.0181884765625,-1,-1,1,-1,-1,-1
2293,18,1011.9676513671875,706.2514038085938,-1,-1,1,-1,-1,-1
2294,18,976.6771240234375,705.9603881835938,-1,-1,1,-1,-1,-1
2295,18,933.55712890625,705.950439453125,-1,-1,1,-1,-1,-1
2296,18,891.001953125,713.3270263671875,-1,-1,1,-1,-1,-1
2297,18,834.19775390625,713.0469970703125,-1,-1,1,-1,-1,-1
2298,18,798.6409912109375,720.2059326171875,-1,-1,1,-1,-1,-1
2299,18,756.2415771484375,720.1658325195312,-1,-1,1,-1,-1,-1
2299,19,1346.2421875,720.2996826171875,-1,-1,1,-1,-1,-1
2300,18,720.5438842773438,720.169189453125,-1,-1,1,-1,-1,-1
2300,19,1310.61181640625,719.9976806640625,-1,-1,1,-1,-1,-1
2301,18,678.1270751953125,727.3350830078125,-1,-1,1,-1,-1,-1
2302,18,635.0831298828125,727.3018188476562,-1,-1,1,-1,-1,-1
2302,19,1246.791015625,727.3150634765625,-1,-1,1,-1,-1,-1
2303,19,1211.164794921875,727.4898071289062,-1,-1,1,-1,-1,-1
2304,18,550.01513671875,734.5125732421875,-1,-1,1,-1,-1,-1
2305,19,1147.23291015625,734.384033203125,-1,-1,1,-1,-1,-1
2306,18,457.5391845703125,741.6129760742188,-1,-1,1,-1,-1,-1
2306,19,1111.72021484375,734.2068481445312,-1,-1,1,-1,-1,-1
2307,19,1076.299072265625,734.4151000976562,-1,-1,1,-1,-1,-1
2308,19,1047.57666015625,741.5823974609375,-1,-1,1,-1,-1,-1
2309,19,1012.0442504882812,741.45947265625,-1,-1,1,-1,-1,-1
2319,19,699.5103149414062,741.4412841796875,-1,-1,1,-1,-1,-1
2320,19,663.876708984375,741.48876953125,-1,-1,1,-1,-1,-1
2322,19,585.965087890625,734.669921875,-1,-1,1,-1,-1,-1
2323,19,550.3847045898438,734.6190185546875,-1,-1,1,-1,-1,-1
2324,19,507.88128662109375,734.572021484375,-1,-1,1,-1,-1,-1
2791,20,1197.0859375,727.2803955078125,-1,-1,1,-1,-1,-1
2796,20,1026.5716552734375,727.154052734375,-1,-1,1,-1,-1,-1
2798,20,941.091552734375,727.1401977539062,-1,-1,1,-1,-1,-1
2802,20,756.3431396484375,720.0926513671875,-1,-1,1,-1,-1,-1
2805,20,628.6328125,684.5720825195312,-1,-1,1,-1,-1,-1
2808,20,493.6398620605469,684.5952758789062,-1,-1,1,-1,-1,-1
2809,20,444.0838317871094,691.7376708984375,-1,-1,1,-1,-1,-1
2810,20,394.40301513671875,691.5385131835938,-1,-1,1,-1,-1,-1
2811,20,344.4898681640625,698.812744140625,-1,-1,1,-1,-1,-1
2812,20,294.6978454589844,705.8902587890625,-1,-1,1,-1,-1,-1
2971,21,1048.02783203125,755.584228515625,-1,-1,1,-1,-1,-1
2972,21,1012.6156005859375,762.843505859375,-1,-1,1,-1,-1,-1
2973,21,976.8624267578125,762.575439453125,-1,-1,1,-1,-1,-1
2974,21,941.3953857421875,755.4925537109375,-1,-1,1,-1,-1,-1
2975,21,912.98779296875,755.7514038085938,-1,-1,1,-1,-1,-1
2976,21,877.3931884765625,748.527099609375,-1,-1,1,-1,-1,-1
2977,21,841.907958984375,748.7171630859375,-1,-1,1,-1,-1,-1
2978,21,820.8403930664062,748.4815673828125,-1,-1,1,-1,-1,-1
2979,21,777.576904296875,734.4935302734375,-1,-1,1,-1,-1,-1
2980,21,749.216796875,741.809814453125,-1,-1,1,-1,-1,-1
2981,21,720.96337890625,741.6848754882812,-1,-1,1,-1,-1,-1
2982,21,678.2745971679688,734.4712524414062,-1,-1,1,-1,-1,-1
2983,21,650.2001953125,734.3091430664062,-1,-1,1,-1,-1,-1
2984,21,607.1383056640625,741.707275390625,-1,-1,1,-1,-1,-1
2985,21,564.6241455078125,734.5054321289062,-1,-1,1,-1,-1,-1
2986,21,514.837890625,727.1896362304688,-1,-1,1,-1,-1,-1
2987,21,465.089599609375,720.2210693359375,-1,-1,1,-1,-1,-1
2990,21,330.3731994628906,741.3802490234375,-1,-1,1,-1,-1,-1
3155,22,1587.6951904296875,677.482421875,-1,-1,1,-1,-1,-1
3156,22,1573.69384765625,677.6132202148438,-1,-1,1,-1,-1,-1
3157,22,1545.149169921875,677.3436279296875,-1,-1,1,-1,-1,-1
3158,22,1530.87744140625,677.1630859375,-1,-1,1,-1,-1,-1
3162,22,1466.37255859375,670.3922119140625,-1,-1,1,-1,-1,-1
3163,22,1452.42626953125,670.321533203125,-1,-1,1,-1,-1,-1
3164,22,1431.091796875,670.3902587890625,-1,-1,1,-1,-1,-1
3165,22,1416.931396484375,663.3349609375,-1,-1,1,-1,-1,-1
3166,22,1402.7874755859375,663.4716796875,-1,-1,1,-1,-1,-1
3167,22,1388.433349609375,656.1431884765625,-1,-1,1,-1,-1,-1
3175,22,1296.0645751953125,649.826416015625,-1,-1,1,-1,-1,-1
3180,22,1210.7716064453125,627.9254760742188,-1,-1,1,-1,-1,-1
3182,22,1168.103515625,621.0777587890625,-1,-1,1,-1,-1,-1
3183,22,1139.637939453125,613.931884765625,-1,-1,1,-1,-1,-1
3184,22,1118.3360595703125,614.15625,-1,-1,1,-1,-1,-1
3185,22,1090.07568359375,614.4403686523438,-1,-1,1,-1,-1,-1
3187,22,1047.4605712890625,606.9718017578125,-1,-1,1,-1,-1,-1
3193,22,919.7691650390625,621.32861328125,-1,-1,1,-1,-1,-1
3194,22,891.527587890625,613.797119140625,-1,-1,1,-1,-1,-1
3195,22,870.2518310546875,613.94775390625,-1,-1,1,-1,-1,-1
3196,22,841.47900390625,613.9917602539062,-1,-1,1,-1,-1,-1
3197,22,820.5781860351562,613.9367065429688,-1,-1,1,-1,-1,-1
3198,22,791.9669189453125,614.044921875,-1,-1,1,-1,-1,-1
3199,22,763.418212890625,621.0438232421875,-1,-1,1,-1,-1,-1
3200,22,741.914306640625,620.9437255859375,-1,-1,1,-1,-1,-1
3201,22,713.7392578125,621.0357666015625,-1,-1,1,-1,-1,-1
3202,22,685.4044189453125,620.8502197265625,-1,-1,1,-1,-1,-1
3203,22,656.9857788085938,620.9631958007812,-1,-1,1,-1,-1,-1
3204,22,635.8380126953125,620.9632568359375,-1,-1,1,-1,-1,-1
3207,22,536.1007690429688,613.968505859375,-1,-1,1,-1,-1,-1
3208,22,500.38983154296875,613.9813232421875,-1,-1,1,-1,-1,-1
4173,23,1380.9388427734375,593.06396484375,-1,-1,1,-1,-1,-1
4175,23,1345.432373046875,592.9657592773438,-1,-1,1,-1,-1,-1
4176,23,1324.114990234375,585.921875,-1,-1,1,-1,-1,-1
4177,23,1296.28271484375,585.6001586914062,-1,-1,1,-1,-1,-1
4178,23,1275.0125732421875,585.58056640625,-1,-1,1,-1,-1,-1
4179,23,1246.140869140625,585.7533569335938,-1,-1,1,-1,-1,-1
4181,23,1175.479736328125,585.61767578125,-1,-1,1,-1,-1,-1
4182,23,1132.96484375,578.5240478515625,-1,-1,1,-1,-1,-1
4183,23,1090.0849609375,578.6240234375,-1,-1,1,-1,-1,-1
4185,23,1019.169677734375,578.60400390625,-1,-1,1,-1,-1,-1
4186,23,976.4624633789062,578.5401611328125,-1,-1,1,-1,-1,-1
4187,23,940.81884765625,585.7380981445312,-1,-1,1,-1,-1,-1
4187,24,1318.020751953125,627.719482421875,-1,-1,1,-1,-1,-1
4188,23,905.3343505859375,585.5,-1,-1,1,-1,-1,-1
4188,24,1275.3367919921875,627.8348388671875,-1,-1,1,-1,-1,-1
4189,24,1239.44287109375,628.1251220703125,-1,-1,1,-1,-1,-1
4190,24,1203.82861328125,635.1138916015625,-1,-1,1,-1,-1,-1
4191,23,777.65380859375,599.56298828125,-1,-1,1,-1,-1,-1
4191,24,1153.9407958984375,635.1919555664062,-1,-1,1,-1,-1,-1
4196,24,1047.8294677734375,741.3433837890625,-1,-1,1,-1,-1,-1
4201,24,827.6708984375,755.705810546875,-1,-1,1,-1,-1,-1
4202,24,777.7955322265625,762.8023681640625,-1,-1,1,-1,-1,-1
4203,24,735.2579345703125,769.9134521484375,-1,-1,1,-1,-1,-1
4204,24,685.5149536132812,777.0193481445312,-1,-1,1,-1,-1,-1
4205,24,628.6961669921875,783.9674072265625,-1,-1,1,-1,-1,-1
4206,24,571.8493041992188,783.9578247070312,-1,-1,1,-1,-1,-1
4207,24,514.92041015625,784.1083984375,-1,-1,1,-1,-1,-1
4208,24,451.13482666015625,776.85791015625,-1,-1,1,-1,-1,-1
4209,24,372.96044921875,776.8621826171875,-1,-1,1,-1,-1,-1
4211,24,216.7989501953125,755.8272705078125,-1,-1,1,-1,-1,-1
4212,24,124.31940460205078,748.5310668945312,-1,-1,1,-1,-1,-1
4296,25,1054.834228515625,755.703125,-1,-1,1,-1,-1,-1
4302,25,799.1722412109375,770.0262451171875,-1,-1,1,-1,-1,-1
4304,25,671.3823852539062,762.9288330078125,-1,-1,1,-1,-1,-1
4305,25,629.1448364257812,769.8543701171875,-1,-1,1,-1,-1,-1
4307,25,529.56298828125,769.7947998046875,-1,-1,1,-1,-1,-1
4308,25,479.9598388671875,776.95654296875,-1,-1,1,-1,-1,-1
4309,25,422.91448974609375,777.1419677734375,-1,-1,1,-1,-1,-1
4310,25,365.9185791015625,777.0252685546875,-1,-1,1,-1,-1,-1
4312,25,245.04193115234375,777.322998046875,-1,-1,1,-1,-1,-1
4314,26,1033.388427734375,798.65283203125,-1,-1,1,-1,-1,-1
4315,26,1004.6834716796875,791.7667846679688,-1,-1,1,-1,-1,-1
4316,26,941.1712646484375,798.731201171875,-1,-1,1,-1,-1,-1
4317,26,891.2158203125,798.7462158203125,-1,-1,1,-1,-1,-1
4318,26,841.3935546875,798.8348999023438,-1,-1,1,-1,-1,-1
4327,26,443.4591064453125,848.1045532226562,-1,-1,1,-1,-1,-1
4328,26,379.8701477050781,855.289794921875,-1,-1,1,-1,-1,-1
4329,26,316.0742492675781,862.30859375,-1,-1,1,-1,-1,-1
4330,26,294.63067626953125,861.9873046875,-1,-1,1,-1,-1,-1
4396,27,1062.087158203125,762.708251953125,-1,-1,1,-1,-1,-1
4399,27,976.7280883789062,769.9027099609375,-1,-1,1,-1,-1,-1
4401,27,912.6260986328125,769.7659912109375,-1,-1,1,-1,-1,-1
4402,27,884.2760620117188,769.7064208984375,-1,-1,1,-1,-1,-1
4405,27,784.937255859375,776.9410400390625,-1,-1,1,-1,-1,-1
4406,27,749.3135986328125,776.8861083984375,-1,-1,1,-1,-1,-1
4407,27,713.9029541015625,776.9930419921875,-1,-1,1,-1,-1,-1
4412,27,550.4205322265625,769.9456787109375,-1,-1,1,-1,-1,-1
4560,28,1232.427734375,862.5423583984375,-1,-1,1,-1,-1,-1
4562,28,1182.67578125,862.56005859375,-1,-1,1,-1,-1,-1
4563,28,1154.22802734375,862.5020751953125,-1,-1,1,-1,-1,-1
4564,28,1118.50634765625,855.3731689453125,-1,-1,1,-1,-1,-1
4565,28,1090.125244140625,848.0790405273438,-1,-1,1,-1,-1,-1
4566,28,1068.8359375,855.4483642578125,-1,-1,1,-1,-1,-1
4567,28,1040.49462890625,848.469970703125,-1,-1,1,-1,-1,-1
4576,28,713.7859497070312,841.1658935546875,-1,-1,1,-1,-1,-1
4577,28,656.792236328125,819.8011474609375,-1,-1,1,-1,-1,-1
4578,28,642.6632690429688,841.22998046875,-1,-1,1,-1,-1,-1
4579,28,578.6865844726562,819.6000366210938,-1,-1,1,-1,-1,-1
4580,28,564.55712890625,841.1971435546875,-1,-1,1,-1,-1,-1
4581,28,521.7628173828125,841.2769775390625,-1,-1,1,-1,-1,-1
4890,29,1388.724853515625,706.0458984375,-1,-1,1,-1,-1,-1
4890,30,1857.76220703125,620.884521484375,-1,-1,1,-1,-1,-1
4891,30,1843.375244140625,621.0694580078125,-1,-1,1,-1,-1,-1
4892,30,1836.530517578125,613.6290893554688,-1,-1,1,-1,-1,-1
4893,30,1829.33544921875,620.8648681640625,-1,-1,1,-1,-1,-1
4894,30,1822.083251953125,627.9793090820312,-1,-1,1,-1,-1,-1
4895,30,1808.0050048828125,620.6757202148438,-1,-1,1,-1,-1,-1
4896,30,1800.83984375,620.4990234375,-1,-1,1,-1,-1,-1
4897,30,1786.595458984375,620.6612548828125,-1,-1,1,-1,-1,-1
4898,30,1779.353271484375,627.912109375,-1,-1,1,-1,-1,-1
4899,30,1765.267578125,627.97412109375,-1,-1,1,-1,-1,-1
4900,30,1758.2979736328125,628.0452270507812,-1,-1,1,-1,-1,-1
4901,29,1133.232177734375,727.1695556640625,-1,-1,1,-1,-1,-1
4901,30,1758.228515625,635.159423828125,-1,-1,1,-1,-1,-1
4902,29,1111.719482421875,734.47412109375,-1,-1,1,-1,-1,-1
4902,30,1758.3016357421875,635.04638671875,-1,-1,1,-1,-1,-1
4903,29,1083.2255859375,734.5772705078125,-1,-1,1,-1,-1,-1
4903,30,1751.140625,642.2694091796875,-1,-1,1,-1,-1,-1
4904,30,1744.14208984375,642.4003295898438,-1,-1,1,-1,-1,-1
4905,29,955.524658203125,705.981201171875,-1,-1,1,-1,-1,-1
4905,30,1737.04638671875,642.32861328125,-1,-1,1,-1,-1,-1
4906,29,934.1483154296875,705.9063720703125,-1,-1,1,-1,-1,-1
4906,30,1729.901611328125,642.2513427734375,-1,-1,1,-1,-1,-1
4907,29,905.7011108398438,705.8054809570312,-1,-1,1,-1,-1,-1
4907,30,1722.85693359375,642.2455444335938,-1,-1,1,-1,-1,-1
4908,29,877.30615234375,705.96337890625,-1,-1,1,-1,-1,-1
4908,30,1708.59619140625,642.3589477539062,-1,-1,1,-1,-1,-1
4909,30,1701.626220703125,642.4313354492188,-1,-1,1,-1,-1,-1
4910,30,1687.388916015625,642.447509765625,-1,-1,1,-1,-1,-1
4911,30,1680.2100830078125,635.093505859375,-1,-1,1,-1,-1,-1
4912,30,1673.125,635.2034912109375,-1,-1,1,-1,-1,-1
4913,30,1658.9837646484375,635.2357177734375,-1,-1,1,-1,-1,-1
4914,30,1644.6571044921875,627.7833251953125,-1,-1,1,-1,-1,-1
4915,30,1630.570068359375,627.96728515625,-1,-1,1,-1,-1,-1
4916,30,1616.304931640625,628.0452880859375,-1,-1,1,-1,-1,-1
4917,30,1602.0400390625,628.1336669921875,-1,-1,1,-1,-1,-1
4918,30,1587.8375244140625,620.7001953125,-1,-1,1,-1,-1,-1
4919,30,1573.69775390625,620.8944702148438,-1,-1,1,-1,-1,-1
4920,30,1559.37353515625,621.144775390625,-1,-1,1,-1,-1,-1
4921,30,1545.230712890625,621.0431518554688,-1,-1,1,-1,-1,-1
4922,30,1531.00634765625,613.641845703125,-1,-1,1,-1,-1,-1
4923,30,1516.763916015625,621.0775146484375,-1,-1,1,-1,-1,-1
4924,30,1495.348388671875,620.962158203125,-1,-1,1,-1,-1,-1
4925,30,1481.223876953125,621.0140380859375,-1,-1,1,-1,-1,-1
4925,31,1573.488525390625,556.4027099609375,-1,-1,1,-1,-1,-1
4926,30,1459.923583984375,620.9048461914062,-1,-1,1,-1,-1,-1
4926,31,1559.465576171875,563.562255859375,-1,-1,1,-1,-1,-1
4927,30,1445.80615234375,620.8162841796875,-1,-1,1,-1,-1,-1
4928,30,1431.6146240234375,620.7860717773438,-1,-1,1,-1,-1,-1
4928,31,1523.7596435546875,556.2499389648438,-1,-1,1,-1,-1,-1
4929,30,1410.138427734375,628.1683959960938,-1,-1,1,-1,-1,-1
4930,30,1395.8203125,628.1921997070312,-1,-1,1,-1,-1,-1
4931,30,1381.765869140625,628.2415161132812,-1,-1,1,-1,-1,-1
4932,30,1360.379638671875,628.1561889648438,-1,-1,1,-1,-1,-1
4933,30,1346.2840576171875,628.112060546875,-1,-1,1,-1,-1,-1
4934,30,1324.9246826171875,628.119873046875,-1,-1,1,-1,-1,-1
4935,30,1310.753662109375,628.161865234375,-1,-1,1,-1,-1,-1
4936,30,1296.548583984375,628.1585693359375,-1,-1,1,-1,-1,-1
4937,30,1275.166259765625,628.1069946289062,-1,-1,1,-1,-1,-1
4938,30,1260.9674072265625,628.1660766601562,-1,-1,1,-1,-1,-1
4939,30,1246.7764892578125,628.0963134765625,-1,-1,1,-1,-1,-1
4940,30,1225.4273681640625,628.0829467773438,-1,-1,1,-1,-1,-1
4941,30,1211.2647705078125,628.0278930664062,-1,-1,1,-1,-1,-1
4942,30,1197.04052734375,628.062255859375,-1,-1,1,-1,-1,-1
4943,30,1182.80224609375,628.1046752929688,-1,-1,1,-1,-1,-1
4944,30,1168.614990234375,628.2293090820312,-1,-1,1,-1,-1,-1
4945,30,1154.3687744140625,628.1478881835938,-1,-1,1,-1,-1,-1
4946,30,1133.08251953125,621.0092163085938,-1,-1,1,-1,-1,-1
4946,32,835.0118408203125,343.4771728515625,-1,-1,1,-1,-1,-1
4947,30,1118.8426513671875,621.1233520507812,-1,-1,1,-1,-1,-1
4947,32,813.7110595703125,343.30560302734375,-1,-1,1,-1,-1,-1
4948,30,1104.604736328125,621.2305297851562,-1,-1,1,-1,-1,-1
4948,32,806.4237060546875,343.7170715332031,-1,-1,1,-1,-1,-1
4949,30,1090.512451171875,613.7592163085938,-1,-1,1,-1,-1,-1
4949,31,1211.102783203125,613.5068359375,-1,-1,1,-1,-1,-1
4949,32,792.4791870117188,343.38726806640625,-1,-1,1,-1,-1,-1
4950,30,1076.274658203125,613.8511962890625,-1,-1,1,-1,-1,-1
4950,32,778.167236328125,336.47576904296875,-1,-1,1,-1,-1,-1
4951,30,1062.0919189453125,614.0089111328125,-1,-1,1,-1,-1,-1
4951,32,770.9859619140625,336.3320617675781,-1,-1,1,-1,-1,-1
4952,30,1047.869384765625,606.56201171875,-1,-1,1,-1,-1,-1
4952,32,756.6663818359375,329.47723388671875,-1,-1,1,-1,-1,-1
4953,30,1033.7757568359375,606.7864990234375,-1,-1,1,-1,-1,-1
4954,30,1012.361083984375,606.94140625,-1,-1,1,-1,-1,-1
4954,32,728.5872802734375,321.7504577636719,-1,-1,1,-1,-1,-1
4955,30,998.1820068359375,599.5826416015625,-1,-1,1,-1,-1,-1
4956,30,983.9380493164062,599.7093505859375,-1,-1,1,-1,-1,-1
4957,30,969.6669921875,599.7044067382812,-1,-1,1,-1,-1,-1
4958,30,955.5053100585938,592.4453735351562,-1,-1,1,-1,-1,-1
4958,32,678.4877319335938,307.8659362792969,-1,-1,1,-1,-1,-1
4959,30,941.3009643554688,592.62353515625,-1,-1,1,-1,-1,-1
4959,32,664.386962890625,308.1409912109375,-1,-1,1,-1,-1,-1
4960,30,926.9901123046875,585.1651611328125,-1,-1,1,-1,-1,-1
4960,32,650.1259765625,307.9017639160156,-1,-1,1,-1,-1,-1
4961,30,905.727783203125,585.341064453125,-1,-1,1,-1,-1,-1
4962,30,891.5308837890625,585.465087890625,-1,-1,1,-1,-1,-1
4962,31,1026.493896484375,585.2953491210938,-1,-1,1,-1,-1,-1
4962,32,621.4769287109375,300.7179870605469,-1,-1,1,-1,-1,-1
4963,30,877.34130859375,585.447265625,-1,-1,1,-1,-1,-1
4963,31,1012.3416748046875,585.2066650390625,-1,-1,1,-1,-1,-1
4963,32,607.3299560546875,300.89483642578125,-1,-1,1,-1,-1,-1
4964,30,863.0911865234375,585.4075927734375,-1,-1,1,-1,-1,-1
4964,31,998.2291259765625,585.117431640625,-1,-1,1,-1,-1,-1
4965,30,848.9277954101562,585.36181640625,-1,-1,1,-1,-1,-1
4966,30,834.599853515625,585.3695678710938,-1,-1,1,-1,-1,-1
4966,32,571.8271484375,308.21075439453125,-1,-1,1,-1,-1,-1
4967,30,827.5133056640625,592.6412353515625,-1,-1,1,-1,-1,-1
4968,30,813.256103515625,592.6148681640625,-1,-1,1,-1,-1,-1
4968,32,564.801025390625,308.0394592285156,-1,-1,1,-1,-1,-1
4969,30,806.22314453125,592.6279296875,-1,-1,1,-1,-1,-1
4969,32,557.7792358398438,308.139892578125,-1,-1,1,-1,-1,-1
4970,30,799.0850219726562,592.5283203125,-1,-1,1,-1,-1,-1
4971,30,792.0086669921875,592.3863525390625,-1,-1,1,-1,-1,-1
4971,31,934.0973510742188,592.3126220703125,-1,-1,1,-1,-1,-1
4972,30,777.648193359375,599.8436279296875,-1,-1,1,-1,-1,-1
4972,31,919.8489990234375,592.4403076171875,-1,-1,1,-1,-1,-1
4973,30,770.7392578125,599.720458984375,-1,-1,1,-1,-1,-1
4973,31,912.6563720703125,599.59033203125,-1,-1,1,-1,-1,-1
4974,30,756.4390258789062,599.615478515625,-1,-1,1,-1,-1,-1
4974,31,898.4188232421875,599.558349609375,-1,-1,1,-1,-1,-1
4974,32,529.4021606445312,315.37298583984375,-1,-1,1,-1,-1,-1
4975,30,749.352294921875,606.7916259765625,-1,-1,1,-1,-1,-1
4975,31,891.4112548828125,599.3941040039062,-1,-1,1,-1,-1,-1
4976,30,735.1417236328125,606.9494018554688,-1,-1,1,-1,-1,-1
4977,30,728.1029052734375,606.8291625976562,-1,-1,1,-1,-1,-1
4977,31,870.0389404296875,606.7111206054688,-1,-1,1,-1,-1,-1
4978,30,713.8589477539062,606.7945556640625,-1,-1,1,-1,-1,-1
4978,32,500.86358642578125,329.3935546875,-1,-1,1,-1,-1,-1
4979,30,706.7041015625,606.563232421875,-1,-1,1,-1,-1,-1
4979,32,494.0012512207031,329.31787109375,-1,-1,1,-1,-1,-1
4980,30,692.528076171875,606.725830078125,-1,-1,1,-1,-1,-1
4981,30,678.2898559570312,606.73193359375,-1,-1,1,-1,-1,-1
4981,32,479.5339050292969,336.2933349609375,-1,-1,1,-1,-1,-1
4982,30,671.1668701171875,606.6566162109375,-1,-1,1,-1,-1,-1
4982,32,472.31439208984375,336.40753173828125,-1,-1,1,-1,-1,-1
4983,30,656.970703125,614.0584716796875,-1,-1,1,-1,-1,-1
4983,32,465.334228515625,336.54522705078125,-1,-1,1,-1,-1,-1
4984,30,649.8980102539062,613.8902587890625,-1,-1,1,-1,-1,-1
4984,32,458.25177001953125,336.4875793457031,-1,-1,1,-1,-1,-1
4985,30,635.65576171875,613.9749755859375,-1,-1,1,-1,-1,-1
4986,30,621.513671875,613.9813842773438,-1,-1,1,-1,-1,-1
4986,32,437.01068115234375,336.4512634277344,-1,-1,1,-1,-1,-1
4987,30,614.3367919921875,613.929443359375,-1,-1,1,-1,-1,-1
4987,32,436.92132568359375,343.80096435546875,-1,-1,1,-1,-1,-1
4988,30,607.2332153320312,613.9188232421875,-1,-1,1,-1,-1,-1
4989,30,593.11083984375,613.6785888671875,-1,-1,1,-1,-1,-1
4989,32,422.6751708984375,343.634033203125,-1,-1,1,-1,-1,-1
4990,30,578.8755493164062,613.8426513671875,-1,-1,1,-1,-1,-1
4990,32,415.71636962890625,343.671630859375,-1,-1,1,-1,-1,-1
4991,30,564.58056640625,621.10400390625,-1,-1,1,-1,-1,-1
4991,32,401.4437561035156,343.5924072265625,-1,-1,1,-1,-1,-1
4992,30,550.3693237304688,621.2365112304688,-1,-1,1,-1,-1,-1
4992,32,394.37005615234375,343.5383605957031,-1,-1,1,-1,-1,-1
4993,30,536.2569580078125,613.719482421875,-1,-1,1,-1,-1,-1
4994,30,521.9600830078125,613.876708984375,-1,-1,1,-1,-1,-1
4995,30,500.73468017578125,606.7842407226562,-1,-1,1,-1,-1,-1
4996,30,486.4720153808594,606.8886108398438,-1,-1,1,-1,-1,-1
4997,30,472.1583251953125,606.8902587890625,-1,-1,1,-1,-1,-1
4998,30,465.1845397949219,599.5960693359375,-1,-1,1,-1,-1,-1
4999,30,443.7026062011719,599.824951171875,-1,-1,1,-1,-1,-1
5000,30,429.23052978515625,599.522216796875,-1,-1,1,-1,-1,-1
5001,30,415.324462890625,592.5863037109375,-1,-1,1,-1,-1,-1
5002,30,401.2778625488281,585.2916259765625,-1,-1,1,-1,-1,-1
5003,30,379.94683837890625,585.4497680664062,-1,-1,1,-1,-1,-1
5004,30,365.65740966796875,585.441650390625,-1,-1,1,-1,-1,-1
5005,30,344.37103271484375,578.0933837890625,-1,-1,1,-1,-1,-1
5006,30,323.19293212890625,578.1444702148438,-1,-1,1,-1,-1,-1
5007,30,301.68511962890625,578.215576171875,-1,-1,1,-1,-1,-1
5008,30,287.54815673828125,577.9825439453125,-1,-1,1,-1,-1,-1
5008,31,436.87664794921875,570.82763671875,-1,-1,1,-1,-1,-1
5009,30,266.1287841796875,585.48193359375,-1,-1,1,-1,-1,-1
5010,30,244.8260498046875,585.4982299804688,-1,-1,1,-1,-1,-1
5011,30,223.54986572265625,585.455078125,-1,-1,1,-1,-1,-1
5012,30,202.18515014648438,585.4105224609375,-1,-1,1,-1,-1,-1
5013,30,180.95748901367188,585.328369140625,-1,-1,1,-1,-1,-1
5014,30,152.54489135742188,585.304443359375,-1,-1,1,-1,-1,-1
5015,30,131.03652954101562,578.0570068359375,-1,-1,1,-1,-1,-1
5016,30,109.80462646484375,578.1735229492188,-1,-1,1,-1,-1,-1
5017,30,81.46637725830078,578.29248046875,-1,-1,1,-1,-1,-1
5017,31,280.1109619140625,493.1609191894531,-1,-1,1,-1,-1,-1
5018,30,60.21169662475586,578.4366455078125,-1,-1,1,-1,-1,-1
5018,31,258.8636779785156,493.18182373046875,-1,-1,1,-1,-1,-1
5068,33,1772.499755859375,798.2879638671875,-1,-1,1,-1,-1,-1
5069,33,1758.29248046875,798.2330322265625,-1,-1,1,-1,-1,-1
5070,33,1743.9473876953125,798.2601318359375,-1,-1,1,-1,-1,-1
5071,33,1729.9417724609375,798.1224365234375,-1,-1,1,-1,-1,-1
5072,33,1708.730224609375,798.0618896484375,-1,-1,1,-1,-1,-1
5073,33,1694.5521240234375,798.0693359375,-1,-1,1,-1,-1,-1
5074,33,1680.180419921875,798.2236328125,-1,-1,1,-1,-1,-1
5075,33,1658.945556640625,798.3434448242188,-1,-1,1,-1,-1,-1
5076,33,1637.591796875,798.2130126953125,-1,-1,1,-1,-1,-1
5077,33,1623.19970703125,798.1612548828125,-1,-1,1,-1,-1,-1
5078,33,1609.26123046875,798.3233032226562,-1,-1,1,-1,-1,-1
5079,33,1587.9566650390625,798.0255126953125,-1,-1,1,-1,-1,-1
5080,33,1566.609619140625,791.056884765625,-1,-1,1,-1,-1,-1
5081,33,1545.346923828125,791.1484375,-1,-1,1,-1,-1,-1
5082,33,1516.975830078125,790.9243774414062,-1,-1,1,-1,-1,-1
5083,33,1502.83984375,790.8743896484375,-1,-1,1,-1,-1,-1
5084,33,1481.410400390625,784.0078125,-1,-1,1,-1,-1,-1
5085,33,1459.9775390625,784.0234375,-1,-1,1,-1,-1,-1
5086,33,1445.72607421875,783.8653564453125,-1,-1,1,-1,-1,-1
5087,33,1424.11181640625,776.9923706054688,-1,-1,1,-1,-1,-1
5088,33,1402.9921875,776.7500610351562,-1,-1,1,-1,-1,-1
5089,33,1374.575439453125,776.8280029296875,-1,-1,1,-1,-1,-1
5090,33,1353.098388671875,769.7484130859375,-1,-1,1,-1,-1,-1
5091,33,1331.724365234375,769.7193603515625,-1,-1,1,-1,-1,-1
5092,33,1317.674560546875,769.7286987304688,-1,-1,1,-1,-1,-1
5093,33,1296.12158203125,762.7200317382812,-1,-1,1,-1,-1,-1
5094,33,1274.939208984375,762.7332153320312,-1,-1,1,-1,-1,-1
5095,33,1246.6104736328125,762.79638671875,-1,-1,1,-1,-1,-1
5096,33,1224.899658203125,755.9046630859375,-1,-1,1,-1,-1,-1
5097,33,1203.71923828125,755.8169555664062,-1,-1,1,-1,-1,-1
5098,33,1182.41796875,755.7227783203125,-1,-1,1,-1,-1,-1
5099,33,1161.17333984375,755.5836181640625,-1,-1,1,-1,-1,-1
5100,33,1132.81689453125,755.5262451171875,-1,-1,1,-1,-1,-1
5101,33,1111.3896484375,755.5272216796875,-1,-1,1,-1,-1,-1
5102,33,1082.967041015625,755.5588989257812,-1,-1,1,-1,-1,-1
5103,33,1061.79736328125,755.6651000976562,-1,-1,1,-1,-1,-1
5105,33,1011.7813720703125,748.5474853515625,-1,-1,1,-1,-1,-1
5106,33,983.4598388671875,748.55615234375,-1,-1,1,-1,-1,-1
5107,33,962.33203125,748.554443359375,-1,-1,1,-1,-1,-1
5111,33,869.8719482421875,741.7353515625,-1,-1,1,-1,-1,-1
5112,33,841.791748046875,741.685791015625,-1,-1,1,-1,-1,-1
5114,33,791.7694091796875,734.4176025390625,-1,-1,1,-1,-1,-1
5115,33,763.518798828125,734.38134765625,-1,-1,1,-1,-1,-1
5116,33,734.8952026367188,727.1796875,-1,-1,1,-1,-1,-1
5117,33,713.4088134765625,727.278564453125,-1,-1,1,-1,-1,-1
5118,33,685.3203125,727.1494140625,-1,-1,1,-1,-1,-1
5119,33,657.1043701171875,727.334716796875,-1,-1,1,-1,-1,-1
5120,33,635.5865478515625,720.1046142578125,-1,-1,1,-1,-1,-1
5121,33,607.02197265625,719.9564819335938,-1,-1,1,-1,-1,-1
5122,33,585.7127075195312,720.0362548828125,-1,-1,1,-1,-1,-1
5123,33,557.4061279296875,719.9523315429688,-1,-1,1,-1,-1,-1
5124,33,521.89501953125,720.1754760742188,-1,-1,1,-1,-1,-1
5125,33,493.5518798828125,720.1446533203125,-1,-1,1,-1,-1,-1
5126,33,472.29876708984375,720.0564575195312,-1,-1,1,-1,-1,-1
5127,33,443.77398681640625,720.2017822265625,-1,-1,1,-1,-1,-1
5128,33,415.4048156738281,720.2433471679688,-1,-1,1,-1,-1,-1
5129,33,387.2345886230469,720.1934204101562,-1,-1,1,-1,-1,-1
5130,33,358.5914306640625,720.11376953125,-1,-1,1,-1,-1,-1
5131,33,330.4940490722656,720.1100463867188,-1,-1,1,-1,-1,-1
5132,33,309.04168701171875,720.1325073242188,-1,-1,1,-1,-1,-1
5133,33,280.4029235839844,720.0604248046875,-1,-1,1,-1,-1,-1
5134,33,252.07888793945312,720.2828369140625,-1,-1,1,-1,-1,-1
5244,34,1716.3189697265625,535.2100830078125,-1,-1,1,-1,-1,-1
5246,34,1751.163818359375,464.43701171875,-1,-1,1,-1,-1,-1
5248,34,1652.1832275390625,535.4599609375,-1,-1,1,-1,-1,-1
5249,34,1637.9365234375,535.4776000976562,-1,-1,1,-1,-1,-1
5250,34,1623.788818359375,535.3984985351562,-1,-1,1,-1,-1,-1
5252,34,1595.13916015625,535.467041015625,-1,-1,1,-1,-1,-1
5254,34,1573.5386962890625,535.3883056640625,-1,-1,1,-1,-1,-1
5256,34,1538.0687255859375,542.4060668945312,-1,-1,1,-1,-1,-1
5257,34,1523.773193359375,542.5609741210938,-1,-1,1,-1,-1,-1
5258,34,1509.7373046875,549.427978515625,-1,-1,1,-1,-1,-1
5259,34,1495.3140869140625,549.5174560546875,-1,-1,1,-1,-1,-1
5260,34,1481.2366943359375,549.52880859375,-1,-1,1,-1,-1,-1
5261,34,1473.999267578125,549.5888671875,-1,-1,1,-1,-1,-1
5262,34,1459.78955078125,549.5553588867188,-1,-1,1,-1,-1,-1
5263,34,1445.51220703125,549.5980834960938,-1,-1,1,-1,-1,-1
5264,34,1431.279541015625,556.5869140625,-1,-1,1,-1,-1,-1
5265,34,1424.037353515625,556.532958984375,-1,-1,1,-1,-1,-1
5268,34,1402.78369140625,556.589599609375,-1,-1,1,-1,-1,-1
5269,34,1402.8697509765625,549.6661987304688,-1,-1,1,-1,-1,-1
5270,34,1388.69970703125,556.8129272460938,-1,-1,1,-1,-1,-1
5279,34,1317.63134765625,549.8399047851562,-1,-1,1,-1,-1,-1
5280,34,1303.296142578125,549.7042236328125,-1,-1,1,-1,-1,-1
5281,34,1296.3165283203125,556.710693359375,-1,-1,1,-1,-1,-1
5282,34,1289.1646728515625,556.62353515625,-1,-1,1,-1,-1,-1
5283,34,1282.01123046875,556.662109375,-1,-1,1,-1,-1,-1
5283,35,1118.8883056640625,649.30859375,-1,-1,1,-1,-1,-1
5284,34,1274.9903564453125,556.8330078125,-1,-1,1,-1,-1,-1
5284,35,1104.60498046875,649.2518310546875,-1,-1,1,-1,-1,-1
5285,34,1260.66015625,556.5648193359375,-1,-1,1,-1,-1,-1
5285,35,1090.451171875,649.2078857421875,-1,-1,1,-1,-1,-1
5286,34,1253.625732421875,556.8294677734375,-1,-1,1,-1,-1,-1
5286,35,1076.02294921875,642.1358642578125,-1,-1,1,-1,-1,-1
5287,34,1246.397705078125,557.0778198242188,-1,-1,1,-1,-1,-1
5287,35,1061.899658203125,642.2404174804688,-1,-1,1,-1,-1,-1
5288,34,1239.29345703125,556.5979614257812,-1,-1,1,-1,-1,-1
5289,35,1033.571044921875,635.027587890625,-1,-1,1,-1,-1,-1
5291,34,1210.97021484375,542.7001953125,-1,-1,1,-1,-1,-1
5292,34,1197.0550537109375,542.3406982421875,-1,-1,1,-1,-1,-1
5294,34,1182.634521484375,535.4655151367188,-1,-1,1,-1,-1,-1
5319,35,593.4381103515625,542.5302734375,-1,-1,1,-1,-1,-1
5320,35,565.1758422851562,542.588134765625,-1,-1,1,-1,-1,-1
5321,35,529.470947265625,542.6043090820312,-1,-1,1,-1,-1,-1
5322,35,515.35400390625,542.6668090820312,-1,-1,1,-1,-1,-1
5323,35,487.02325439453125,549.689697265625,-1,-1,1,-1,-1,-1
5324,35,465.71978759765625,549.7455444335938,-1,-1,1,-1,-1,-1
5325,35,444.32073974609375,549.7542114257812,-1,-1,1,-1,-1,-1
