8,1,635.3609619140625,699.284423828125,-1,-1,1,-1,-1,-1
9,1,656.8670654296875,706.1975708007812,-1,-1,1,-1,-1,-1
10,1,678.3529052734375,713.111572265625,-1,-1,1,-1,-1,-1
11,1,706.898193359375,712.9781494140625,-1,-1,1,-1,-1,-1
16,1,827.7545166015625,727.2745971679688,-1,-1,1,-1,-1,-1
18,1,877.4517822265625,727.15283203125,-1,-1,1,-1,-1,-1
19,1,898.8710327148438,727.3665771484375,-1,-1,1,-1,-1,-1
20,1,920.1793212890625,720.1865234375,-1,-1,1,-1,-1,-1
21,1,948.36962890625,727.491943359375,-1,-1,1,-1,-1,-1
22,1,969.848876953125,720.21923828125,-1,-1,1,-1,-1,-1
23,1,998.1861572265625,713.2242431640625,-1,-1,1,-1,-1,-1
24,1,1026.524658203125,713.5601806640625,-1,-1,1,-1,-1,-1
25,1,1062.0179443359375,713.3893432617188,-1,-1,1,-1,-1,-1
26,1,1090.5623779296875,706.26611328125,-1,-1,1,-1,-1,-1
27,1,1118.934326171875,706.28173828125,-1,-1,1,-1,-1,-1
73,2,948.2467041015625,649.1934814453125,-1,-1,1,-1,-1,-1
76,2,983.771240234375,641.9366455078125,-1,-1,1,-1,-1,-1
77,2,990.772216796875,642.10205078125,-1,-1,1,-1,-1,-1
78,2,1005.1353759765625,635.060546875,-1,-1,1,-1,-1,-1
80,2,1040.5234375,627.9099731445312,-1,-1,1,-1,-1,-1
83,2,1104.602294921875,613.6214599609375,-1,-1,1,-1,-1,-1
84,2,1125.86572265625,606.4627685546875,-1,-1,1,-1,-1,-1
86,2,1175.6173095703125,606.6148681640625,-1,-1,1,-1,-1,-1
87,2,1204.013916015625,606.6412963867188,-1,-1,1,-1,-1,-1
88,2,1232.443115234375,606.8529052734375,-1,-1,1,-1,-1,-1
89,2,1260.8377685546875,613.8900756835938,-1,-1,1,-1,-1,-1
90,2,1289.3172607421875,613.7042236328125,-1,-1,1,-1,-1,-1
91,2,1317.85400390625,613.8974609375,-1,-1,1,-1,-1,-1
92,2,1353.39794921875,613.8880615234375,-1,-1,1,-1,-1,-1
93,2,1381.855224609375,620.8795166015625,-1,-1,1,-1,-1,-1
94,2,1410.158447265625,628.06103515625,-1,-1,1,-1,-1,-1
95,2,1445.787353515625,627.9329833984375,-1,-1,1,-1,-1,-1
96,2,1474.20703125,635.1348876953125,-1,-1,1,-1,-1,-1
97,2,1509.70849609375,635.308837890625,-1,-1,1,-1,-1,-1
98,2,1538.1572265625,642.402099609375,-1,-1,1,-1,-1,-1
99,2,1566.5045166015625,649.6171875,-1,-1,1,-1,-1,-1
100,2,1602.11767578125,649.510986328125,-1,-1,1,-1,-1,-1
101,2,1637.6826171875,656.6414184570312,-1,-1,1,-1,-1,-1
123,3,422.6119689941406,705.944091796875,-1,-1,1,-1,-1,-1
125,3,465.28955078125,698.7525634765625,-1,-1,1,-1,-1,-1
126,3,486.5638427734375,698.8008422851562,-1,-1,1,-1,-1,-1
127,3,507.9400634765625,698.7413330078125,-1,-1,1,-1,-1,-1
128,3,529.1148681640625,698.90478515625,-1,-1,1,-1,-1,-1
129,3,550.3079833984375,705.7147216796875,-1,-1,1,-1,-1,-1
130,3,564.5706787109375,705.8739013671875,-1,-1,1,-1,-1,-1
131,3,585.9472045898438,705.8941650390625,-1,-1,1,-1,-1,-1
132,3,600.17431640625,705.9268798828125,-1,-1,1,-1,-1,-1
133,3,614.3035278320312,698.9518432617188,-1,-1,1,-1,-1,-1
134,3,621.262451171875,691.55810546875,-1,-1,1,-1,-1,-1
135,3,635.506591796875,691.283447265625,-1,-1,1,-1,-1,-1
136,3,656.8345947265625,684.2581787109375,-1,-1,1,-1,-1,-1
137,3,670.9622802734375,684.274169921875,-1,-1,1,-1,-1,-1
138,3,678.0478515625,684.309326171875,-1,-1,1,-1,-1,-1
139,3,692.3154296875,684.3511962890625,-1,-1,1,-1,-1,-1
139,4,1289.9674072265625,664.5670776367188,-1,-1,1,-1,-1,-1
140,3,699.268798828125,677.2733154296875,-1,-1,1,-1,-1,-1
140,4,1304.02880859375,664.471923828125,-1,-1,1,-1,-1,-1
141,3,706.3883666992188,677.2509155273438,-1,-1,1,-1,-1,-1
142,3,706.49951171875,677.15234375,-1,-1,1,-1,-1,-1
143,3,713.65087890625,684.2994384765625,-1,-1,1,-1,-1,-1
144,3,713.4000244140625,684.204345703125,-1,-1,1,-1,-1,-1
145,3,713.2774047851562,691.653564453125,-1,-1,1,-1,-1,-1
146,3,713.4262084960938,698.6864013671875,-1,-1,1,-1,-1,-1
147,3,713.3016967773438,705.9490966796875,-1,-1,1,-1,-1,-1
148,3,713.2857055664062,713.0498046875,-1,-1,1,-1,-1,-1
149,3,713.3575439453125,713.018310546875,-1,-1,1,-1,-1,-1
150,3,713.3993530273438,720.1414794921875,-1,-1,1,-1,-1,-1
151,3,713.590576171875,720.126953125,-1,-1,1,-1,-1,-1
152,3,713.6422119140625,720.194091796875,-1,-1,1,-1,-1,-1
153,3,713.6424560546875,727.1337890625,-1,-1,1,-1,-1,-1
153,4,1439.440673828125,707.2586669921875,-1,-1,1,-1,-1,-1
154,3,713.8228759765625,727.21533203125,-1,-1,1,-1,-1,-1
154,4,1439.227294921875,707.5498046875,-1,-1,1,-1,-1,-1
155,3,706.7711181640625,734.0821533203125,-1,-1,1,-1,-1,-1
156,3,706.676513671875,734.3037109375,-1,-1,1,-1,-1,-1
156,4,1439.335693359375,707.1889038085938,-1,-1,1,-1,-1,-1
157,3,706.7374267578125,741.4146728515625,-1,-1,1,-1,-1,-1
158,3,706.6072998046875,741.5677490234375,-1,-1,1,-1,-1,-1
159,3,713.7305297851562,748.635498046875,-1,-1,1,-1,-1,-1
160,3,713.849609375,748.6112060546875,-1,-1,1,-1,-1,-1
160,4,1453.6875,721.4393920898438,-1,-1,1,-1,-1,-1
161,3,720.996826171875,748.67138671875,-1,-1,1,-1,-1,-1
162,3,728.169677734375,755.7255859375,-1,-1,1,-1,-1,-1
163,3,742.2877197265625,762.8519287109375,-1,-1,1,-1,-1,-1
164,3,749.2570190429688,762.991455078125,-1,-1,1,-1,-1,-1
165,3,763.5216674804688,770.2357177734375,-1,-1,1,-1,-1,-1
166,3,770.6409912109375,770.15771484375,-1,-1,1,-1,-1,-1
166,4,1510.7724609375,735.6644287109375,-1,-1,1,-1,-1,-1
167,3,784.818359375,770.2891845703125,-1,-1,1,-1,-1,-1
168,3,784.8790893554688,770.1396484375,-1,-1,1,-1,-1,-1
169,3,799.5076904296875,770.168701171875,-1,-1,1,-1,-1,-1
170,3,806.5574340820312,770.2503662109375,-1,-1,1,-1,-1,-1
171,3,820.78955078125,770.2745361328125,-1,-1,1,-1,-1,-1
172,3,834.6415405273438,763.0885009765625,-1,-1,1,-1,-1,-1
173,3,856.0791015625,763.2001953125,-1,-1,1,-1,-1,-1
174,3,870.2783203125,763.0726928710938,-1,-1,1,-1,-1,-1
175,3,891.775634765625,763.1571655273438,-1,-1,1,-1,-1,-1
176,3,898.7734375,756.1478271484375,-1,-1,1,-1,-1,-1
177,3,919.9158325195312,748.814697265625,-1,-1,1,-1,-1,-1
178,3,934.1743774414062,749.028076171875,-1,-1,1,-1,-1,-1
179,3,955.5949096679688,741.6283569335938,-1,-1,1,-1,-1,-1
180,3,983.9014892578125,741.7928466796875,-1,-1,1,-1,-1,-1
181,3,1005.2684936523438,741.8392333984375,-1,-1,1,-1,-1,-1
182,3,1026.4295654296875,734.96923828125,-1,-1,1,-1,-1,-1
183,3,1062.0750732421875,727.4202880859375,-1,-1,1,-1,-1,-1
184,3,1083.19384765625,727.572265625,-1,-1,1,-1,-1,-1
185,3,1111.75341796875,727.8004150390625,-1,-1,1,-1,-1,-1
186,3,1140.042724609375,720.6035766601562,-1,-1,1,-1,-1,-1
187,3,1161.4482421875,713.1375732421875,-1,-1,1,-1,-1,-1
188,3,1182.818115234375,706.0914306640625,-1,-1,1,-1,-1,-1
189,3,1211.142333984375,706.03759765625,-1,-1,1,-1,-1,-1
190,3,1239.658447265625,706.0831298828125,-1,-1,1,-1,-1,-1
191,3,1268.1038818359375,706.1022338867188,-1,-1,1,-1,-1,-1
192,3,1289.24755859375,705.97607421875,-1,-1,1,-1,-1,-1
193,3,1303.3828125,706.00927734375,-1,-1,1,-1,-1,-1
194,3,1331.64794921875,706.3614501953125,-1,-1,1,-1,-1,-1
195,3,1353.173583984375,706.1405029296875,-1,-1,1,-1,-1,-1
196,3,1374.4990234375,706.3530883789062,-1,-1,1,-1,-1,-1
197,3,1395.648193359375,698.8233642578125,-1,-1,1,-1,-1,-1
198,3,1430.789794921875,698.977294921875,-1,-1,1,-1,-1,-1
199,3,1459.498291015625,692.0145263671875,-1,-1,1,-1,-1,-1
200,3,1480.95263671875,684.6416015625,-1,-1,1,-1,-1,-1
201,3,1495.424072265625,684.6727294921875,-1,-1,1,-1,-1,-1
204,3,1566.282958984375,677.4881591796875,-1,-1,1,-1,-1,-1
205,3,1587.4332275390625,677.6339111328125,-1,-1,1,-1,-1,-1
206,3,1608.904052734375,677.5103759765625,-1,-1,1,-1,-1,-1
207,3,1637.2470703125,677.6200561523438,-1,-1,1,-1,-1,-1
230,5,1396.0728759765625,158.74331665039062,-1,-1,1,-1,-1,-1
231,5,1396.1949462890625,151.49435424804688,-1,-1,1,-1,-1,-1
232,5,1395.8603515625,151.77572631835938,-1,-1,1,-1,-1,-1
233,5,1402.9879150390625,151.82667541503906,-1,-1,1,-1,-1,-1
235,5,1403.05322265625,137.73985290527344,-1,-1,1,-1,-1,-1
331,6,443.70001220703125,564.3175048828125,-1,-1,1,-1,-1,-1
332,6,457.77264404296875,564.3109130859375,-1,-1,1,-1,-1,-1
333,6,465.0777587890625,557.044189453125,-1,-1,1,-1,-1,-1
334,6,472.12152099609375,563.9688720703125,-1,-1,1,-1,-1,-1
335,6,486.2026062011719,564.1163330078125,-1,-1,1,-1,-1,-1
336,6,493.35443115234375,564.0637817382812,-1,-1,1,-1,-1,-1
337,6,500.55340576171875,564.1467895507812,-1,-1,1,-1,-1,-1
338,6,514.58056640625,571.1500854492188,-1,-1,1,-1,-1,-1
339,6,528.7674560546875,571.2022094726562,-1,-1,1,-1,-1,-1
340,6,543.1605224609375,571.3701171875,-1,-1,1,-1,-1,-1
341,6,564.4426879882812,578.17724609375,-1,-1,1,-1,-1,-1
342,6,578.5894165039062,578.2923583984375,-1,-1,1,-1,-1,-1
343,6,599.914306640625,578.0791015625,-1,-1,1,-1,-1,-1
344,6,621.31298828125,578.2351684570312,-1,-1,1,-1,-1,-1
345,6,642.5660400390625,585.0133056640625,-1,-1,1,-1,-1,-1
346,6,671.084716796875,585.072998046875,-1,-1,1,-1,-1,-1
347,6,692.4676513671875,585.1643676757812,-1,-1,1,-1,-1,-1
348,6,713.6646728515625,585.2200927734375,-1,-1,1,-1,-1,-1
349,6,728.134033203125,592.1393432617188,-1,-1,1,-1,-1,-1
350,6,749.2698364257812,592.237548828125,-1,-1,1,-1,-1,-1
351,6,770.689208984375,592.3390502929688,-1,-1,1,-1,-1,-1
352,6,784.9344482421875,592.2361450195312,-1,-1,1,-1,-1,-1
353,6,806.1461181640625,592.0732421875,-1,-1,1,-1,-1,-1
354,6,820.3818359375,592.28955078125,-1,-1,1,-1,-1,-1
355,6,834.643310546875,592.1565551757812,-1,-1,1,-1,-1,-1
356,6,848.89794921875,592.1400146484375,-1,-1,1,-1,-1,-1
357,6,863.0513916015625,585.1886596679688,-1,-1,1,-1,-1,-1
358,6,877.355224609375,592.2044067382812,-1,-1,1,-1,-1,-1
359,6,891.52587890625,592.2186279296875,-1,-1,1,-1,-1,-1
360,6,898.5888671875,592.2353515625,-1,-1,1,-1,-1,-1
361,6,905.7938842773438,592.248779296875,-1,-1,1,-1,-1,-1
362,6,912.732177734375,592.291748046875,-1,-1,1,-1,-1,-1
363,6,926.9296875,592.2994384765625,-1,-1,1,-1,-1,-1
364,6,934.1204833984375,599.3694458007812,-1,-1,1,-1,-1,-1
365,6,941.10498046875,599.4073486328125,-1,-1,1,-1,-1,-1
366,6,941.2291259765625,606.3663330078125,-1,-1,1,-1,-1,-1
367,6,955.501953125,606.5309448242188,-1,-1,1,-1,-1,-1
368,6,962.461669921875,606.6331787109375,-1,-1,1,-1,-1,-1
369,6,969.5899658203125,613.6212158203125,-1,-1,1,-1,-1,-1
370,6,983.7457275390625,613.638671875,-1,-1,1,-1,-1,-1
371,6,990.7811889648438,620.6141967773438,-1,-1,1,-1,-1,-1
372,6,997.9961547851562,620.6867065429688,-1,-1,1,-1,-1,-1
373,6,1005.1409301757812,620.7384033203125,-1,-1,1,-1,-1,-1
374,6,1019.2509765625,620.734375,-1,-1,1,-1,-1,-1
375,6,1026.3369140625,620.7233276367188,-1,-1,1,-1,-1,-1
376,6,1040.6671142578125,620.7071533203125,-1,-1,1,-1,-1,-1
377,6,1054.881591796875,620.570068359375,-1,-1,1,-1,-1,-1
378,6,1061.859130859375,620.6873779296875,-1,-1,1,-1,-1,-1
379,6,1076.110107421875,613.7662353515625,-1,-1,1,-1,-1,-1
380,6,1090.30078125,613.8167724609375,-1,-1,1,-1,-1,-1
381,6,1104.3525390625,620.609619140625,-1,-1,1,-1,-1,-1
383,6,1132.943115234375,613.8358154296875,-1,-1,1,-1,-1,-1
384,6,1146.876708984375,613.5389404296875,-1,-1,1,-1,-1,-1
385,6,1161.3951416015625,606.7540283203125,-1,-1,1,-1,-1,-1
386,6,1182.727783203125,606.499267578125,-1,-1,1,-1,-1,-1
390,6,1246.547607421875,599.34521484375,-1,-1,1,-1,-1,-1
396,6,1353.186767578125,592.326416015625,-1,-1,1,-1,-1,-1
398,6,1395.9041748046875,585.4442138671875,-1,-1,1,-1,-1,-1
400,6,1438.5023193359375,585.4950561523438,-1,-1,1,-1,-1,-1
401,6,1459.72607421875,585.4529418945312,-1,-1,1,-1,-1,-1
415,7,1133.771484375,989.6177978515625,-1,-1,1,-1,-1,-1
418,7,1311.1932373046875,975.6695556640625,-1,-1,1,-1,-1,-1
419,7,1367.922119140625,961.47900390625,-1,-1,1,-1,-1,-1
420,7,1424.7706298828125,953.932861328125,-1,-1,1,-1,-1,-1
421,7,1488.410400390625,954.1787109375,-1,-1,1,-1,-1,-1
422,7,1545.2421875,947.0308227539062,-1,-1,1,-1,-1,-1
462,8,1772.8310546875,435.854248046875,-1,-1,1,-1,-1,-1
463,8,1787.1583251953125,435.86712646484375,-1,-1,1,-1,-1,-1
464,8,1808.653076171875,436.11114501953125,-1,-1,1,-1,-1,-1
465,8,1829.8134765625,436.2186584472656,-1,-1,1,-1,-1,-1
501,9,657.2124633789062,180.52511596679688,-1,-1,1,-1,-1,-1
567,10,727.8782958984375,769.9193115234375,-1,-1,1,-1,-1,-1
569,10,749.1355590820312,762.8941650390625,-1,-1,1,-1,-1,-1
573,10,791.9439697265625,755.849609375,-1,-1,1,-1,-1,-1
574,10,806.10791015625,755.805419921875,-1,-1,1,-1,-1,-1
575,10,820.26611328125,755.571533203125,-1,-1,1,-1,-1,-1
576,10,820.3236083984375,755.81494140625,-1,-1,1,-1,-1,-1
578,10,841.6929931640625,755.820068359375,-1,-1,1,-1,-1,-1
587,10,955.3130493164062,734.6451416015625,-1,-1,1,-1,-1,-1
591,10,1047.67626953125,713.2283935546875,-1,-1,1,-1,-1,-1
592,10,1068.9964599609375,713.2474365234375,-1,-1,1,-1,-1,-1
593,10,1090.291259765625,706.09814453125,-1,-1,1,-1,-1,-1
594,10,1118.66943359375,713.241455078125,-1,-1,1,-1,-1,-1
595,10,1147.088623046875,713.1585083007812,-1,-1,1,-1,-1,-1
605,11,1303.888671875,88.15980529785156,-1,-1,1,-1,-1,-1
607,9,1602.41748046875,166.22064208984375,-1,-1,1,-1,-1,-1
607,12,1850.848388671875,45.062381744384766,-1,-1,1,-1,-1,-1
608,9,1616.4747314453125,166.1571044921875,-1,-1,1,-1,-1,-1
608,12,1857.969482421875,52.43145751953125,-1,-1,1,-1,-1,-1
609,12,1865.23828125,52.21770095825195,-1,-1,1,-1,-1,-1
611,11,1396.531005859375,94.93598175048828,-1,-1,1,-1,-1,-1
614,11,1439.311767578125,87.82777404785156,-1,-1,1,-1,-1,-1
615,11,1453.558837890625,87.8194580078125,-1,-1,1,-1,-1,-1
616,9,1737.373046875,159.07867431640625,-1,-1,1,-1,-1,-1
616,11,1467.68701171875,87.67401123046875,-1,-1,1,-1,-1,-1
617,9,1751.538330078125,151.78350830078125,-1,-1,1,-1,-1,-1
617,11,1474.640380859375,80.9044189453125,-1,-1,1,-1,-1,-1
619,11,1503.002685546875,73.8607406616211,-1,-1,1,-1,-1,-1
621,9,1787.012939453125,73.51792907714844,-1,-1,1,-1,-1,-1
621,11,1531.476318359375,59.44716262817383,-1,-1,1,-1,-1,-1
647,13,315.985107421875,507.32196044921875,-1,-1,1,-1,-1,-1
649,13,358.8688049316406,507.415771484375,-1,-1,1,-1,-1,-1
649,14,593.0628662109375,727.1309814453125,-1,-1,1,-1,-1,-1
652,13,415.7739562988281,514.5242919921875,-1,-1,1,-1,-1,-1
653,13,436.90606689453125,514.4388427734375,-1,-1,1,-1,-1,-1
654,13,458.332763671875,514.4813842773438,-1,-1,1,-1,-1,-1
655,13,479.5799560546875,514.4583740234375,-1,-1,1,-1,-1,-1
656,13,501.0102844238281,507.2967224121094,-1,-1,1,-1,-1,-1
657,13,522.3441162109375,507.33209228515625,-1,-1,1,-1,-1,-1
658,13,536.4417724609375,507.27569580078125,-1,-1,1,-1,-1,-1
659,13,557.7952880859375,507.4569396972656,-1,-1,1,-1,-1,-1
660,13,572.0068359375,507.50677490234375,-1,-1,1,-1,-1,-1
660,14,813.3055419921875,741.2783203125,-1,-1,1,-1,-1,-1
661,13,586.3525390625,500.2386474609375,-1,-1,1,-1,-1,-1
662,13,600.4738159179688,500.40740966796875,-1,-1,1,-1,-1,-1
662,14,849.0927734375,741.2298583984375,-1,-1,1,-1,-1,-1
663,13,621.7551879882812,493.29852294921875,-1,-1,1,-1,-1,-1
663,14,877.4383544921875,741.2316284179688,-1,-1,1,-1,-1,-1
664,13,643.195556640625,486.11065673828125,-1,-1,1,-1,-1,-1
664,14,898.7352905273438,734.1775512695312,-1,-1,1,-1,-1,-1
665,13,664.341552734375,486.198486328125,-1,-1,1,-1,-1,-1
665,14,920.1024169921875,727.13427734375,-1,-1,1,-1,-1,-1
666,13,678.5862426757812,479.167236328125,-1,-1,1,-1,-1,-1
666,14,948.5301513671875,720.0759887695312,-1,-1,1,-1,-1,-1
667,13,700.0357666015625,472.14013671875,-1,-1,1,-1,-1,-1
667,14,970.0255126953125,720.0423583984375,-1,-1,1,-1,-1,-1
668,13,721.1785888671875,464.84771728515625,-1,-1,1,-1,-1,-1
669,13,742.58984375,457.6829833984375,-1,-1,1,-1,-1,-1
670,13,756.851806640625,457.7681579589844,-1,-1,1,-1,-1,-1
671,13,777.9879150390625,450.70904541015625,-1,-1,1,-1,-1,-1
671,14,1062.2513427734375,698.7342529296875,-1,-1,1,-1,-1,-1
672,13,792.285888671875,443.67877197265625,-1,-1,1,-1,-1,-1
672,14,1083.5035400390625,691.674560546875,-1,-1,1,-1,-1,-1
673,13,813.55859375,436.5030212402344,-1,-1,1,-1,-1,-1
674,13,827.7976684570312,429.37677001953125,-1,-1,1,-1,-1,-1
674,14,1118.9541015625,684.422119140625,-1,-1,1,-1,-1,-1
675,13,842.084716796875,429.49127197265625,-1,-1,1,-1,-1,-1
675,14,1140.28125,677.404296875,-1,-1,1,-1,-1,-1
676,13,856.40771484375,422.3466796875,-1,-1,1,-1,-1,-1
676,14,1154.405517578125,677.4827270507812,-1,-1,1,-1,-1,-1
677,13,877.3482666015625,422.3092956542969,-1,-1,1,-1,-1,-1
677,14,1175.85888671875,677.4111938476562,-1,-1,1,-1,-1,-1
678,13,891.763671875,422.42303466796875,-1,-1,1,-1,-1,-1
678,14,1197.142578125,677.4989013671875,-1,-1,1,-1,-1,-1
679,13,913.064697265625,415.11431884765625,-1,-1,1,-1,-1,-1
679,14,1218.448974609375,677.4044189453125,-1,-1,1,-1,-1,-1
680,13,927.4410400390625,415.1947326660156,-1,-1,1,-1,-1,-1
680,14,1240.113525390625,684.4966430664062,-1,-1,1,-1,-1,-1
681,13,941.6520385742188,415.1881103515625,-1,-1,1,-1,-1,-1
681,14,1254.277099609375,684.3916625976562,-1,-1,1,-1,-1,-1
682,13,955.6475219726562,422.4150695800781,-1,-1,1,-1,-1,-1
682,14,1275.479736328125,684.62939453125,-1,-1,1,-1,-1,-1
683,13,969.884521484375,422.417724609375,-1,-1,1,-1,-1,-1
683,14,1289.7979736328125,691.5645141601562,-1,-1,1,-1,-1,-1
684,13,984.1573486328125,422.3997497558594,-1,-1,1,-1,-1,-1
684,14,1310.95458984375,691.673583984375,-1,-1,1,-1,-1,-1
685,13,998.4136962890625,422.2059326171875,-1,-1,1,-1,-1,-1
686,13,1005.3139038085938,429.3851013183594,-1,-1,1,-1,-1,-1
687,13,1012.5499267578125,429.375244140625,-1,-1,1,-1,-1,-1
688,13,1026.7998046875,429.3941650390625,-1,-1,1,-1,-1,-1
689,13,1041.0413818359375,429.3311767578125,-1,-1,1,-1,-1,-1
690,13,1047.817626953125,436.47747802734375,-1,-1,1,-1,-1,-1
691,13,1062.2242431640625,436.51361083984375,-1,-1,1,-1,-1,-1
692,13,1076.643310546875,436.42669677734375,-1,-1,1,-1,-1,-1
693,13,1090.747802734375,443.67071533203125,-1,-1,1,-1,-1,-1
694,13,1097.7647705078125,443.463134765625,-1,-1,1,-1,-1,-1
695,13,1112.19384765625,443.4886779785156,-1,-1,1,-1,-1,-1
696,13,1126.435791015625,443.47247314453125,-1,-1,1,-1,-1,-1
697,13,1147.60791015625,443.4630432128906,-1,-1,1,-1,-1,-1
698,13,1161.737548828125,443.4117431640625,-1,-1,1,-1,-1,-1
699,13,1176.0853271484375,450.76763916015625,-1,-1,1,-1,-1,-1
700,13,1197.40576171875,450.6864929199219,-1,-1,1,-1,-1,-1
701,13,1218.69677734375,450.5691223144531,-1,-1,1,-1,-1,-1
702,13,1240.144287109375,450.6344909667969,-1,-1,1,-1,-1,-1
703,13,1261.36279296875,450.5599060058594,-1,-1,1,-1,-1,-1
704,13,1282.9476318359375,450.67425537109375,-1,-1,1,-1,-1,-1
705,13,1303.90625,457.7811279296875,-1,-1,1,-1,-1,-1
706,13,1325.3992919921875,457.879638671875,-1,-1,1,-1,-1,-1
707,13,1346.848388671875,457.8424072265625,-1,-1,1,-1,-1,-1
708,13,1368.0819091796875,457.8135986328125,-1,-1,1,-1,-1,-1
709,13,1389.077392578125,464.97235107421875,-1,-1,1,-1,-1,-1
710,13,1410.58203125,464.8739318847656,-1,-1,1,-1,-1,-1
711,13,1431.8602294921875,464.6521301269531,-1,-1,1,-1,-1,-1
712,13,1453.086669921875,464.56805419921875,-1,-1,1,-1,-1,-1
713,13,1481.6787109375,464.6226806640625,-1,-1,1,-1,-1,-1
714,13,1502.8140869140625,471.8284912109375,-1,-1,1,-1,-1,-1
715,13,1524.155517578125,471.767822265625,-1,-1,1,-1,-1,-1
795,15,387.13677978515625,741.3460693359375,-1,-1,1,-1,-1,-1
799,15,443.8081970214844,748.625732421875,-1,-1,1,-1,-1,-1
801,15,479.368408203125,741.4212036132812,-1,-1,1,-1,-1,-1
802,15,500.8046569824219,748.5030517578125,-1,-1,1,-1,-1,-1
804,15,536.357177734375,748.545166015625,-1,-1,1,-1,-1,-1
805,15,557.71484375,748.4775390625,-1,-1,1,-1,-1,-1
806,15,585.9041748046875,755.494384765625,-1,-1,1,-1,-1,-1
807,15,607.3697509765625,755.4798583984375,-1,-1,1,-1,-1,-1
808,15,621.57080078125,748.5733642578125,-1,-1,1,-1,-1,-1
809,15,642.890869140625,748.5869140625,-1,-1,1,-1,-1,-1
810,15,664.0568237304688,748.699462890625,-1,-1,1,-1,-1,-1
819,15,990.9745483398438,769.8428344726562,-1,-1,1,-1,-1,-1
820,15,1033.693359375,769.8609619140625,-1,-1,1,-1,-1,-1
821,15,1076.288818359375,777.0670166015625,-1,-1,1,-1,-1,-1
822,15,1118.8310546875,776.97314453125,-1,-1,1,-1,-1,-1
823,15,1168.680908203125,776.86328125,-1,-1,1,-1,-1,-1
824,15,1211.175537109375,784.0872192382812,-1,-1,1,-1,-1,-1
825,15,1261.0693359375,791.156005859375,-1,-1,1,-1,-1,-1
826,15,1310.5352783203125,790.8505859375,-1,-1,1,-1,-1,-1
827,15,1360.390380859375,798.2296142578125,-1,-1,1,-1,-1,-1
829,15,1474.20654296875,812.42431640625,-1,-1,1,-1,-1,-1
830,15,1531.1669921875,819.65478515625,-1,-1,1,-1,-1,-1
832,15,1666.0089111328125,833.7320556640625,-1,-1,1,-1,-1,-1
833,15,1730.222900390625,840.82080078125,-1,-1,1,-1,-1,-1
849,16,820.0504150390625,542.7149658203125,-1,-1,1,-1,-1,-1
850,16,834.364990234375,542.7155151367188,-1,-1,1,-1,-1,-1
852,16,869.960693359375,549.8482666015625,-1,-1,1,-1,-1,-1
853,16,883.9337768554688,556.88916015625,-1,-1,1,-1,-1,-1
897,17,656.80908203125,414.8349914550781,-1,-1,1,-1,-1,-1
899,17,678.28564453125,436.05926513671875,-1,-1,1,-1,-1,-1
900,17,692.509521484375,436.4661865234375,-1,-1,1,-1,-1,-1
901,17,706.640380859375,443.4420166015625,-1,-1,1,-1,-1,-1
902,17,713.78759765625,443.45941162109375,-1,-1,1,-1,-1,-1
903,17,727.9774169921875,443.53564453125,-1,-1,1,-1,-1,-1
905,17,749.30517578125,450.29644775390625,-1,-1,1,-1,-1,-1
906,17,756.4537353515625,450.3377685546875,-1,-1,1,-1,-1,-1
907,17,770.6590576171875,450.43914794921875,-1,-1,1,-1,-1,-1
908,17,777.8609619140625,450.52398681640625,-1,-1,1,-1,-1,-1
909,17,784.936767578125,450.628173828125,-1,-1,1,-1,-1,-1
910,17,791.9090576171875,450.697265625,-1,-1,1,-1,-1,-1
911,17,799.08447265625,450.51812744140625,-1,-1,1,-1,-1,-1
912,17,806.2490234375,450.66375732421875,-1,-1,1,-1,-1,-1
913,17,813.3067016601562,457.7066650390625,-1,-1,1,-1,-1,-1
914,17,820.5670166015625,464.488037109375,-1,-1,1,-1,-1,-1
915,17,827.5817260742188,464.8941955566406,-1,-1,1,-1,-1,-1
916,17,834.621337890625,471.9677734375,-1,-1,1,-1,-1,-1
917,17,841.723388671875,478.76629638671875,-1,-1,1,-1,-1,-1
918,17,841.7279052734375,485.882080078125,-1,-1,1,-1,-1,-1
919,17,848.8773193359375,486.0548095703125,-1,-1,1,-1,-1,-1
920,17,855.975830078125,493.3064270019531,-1,-1,1,-1,-1,-1
921,17,862.94482421875,500.2950439453125,-1,-1,1,-1,-1,-1
922,17,870.1130981445312,507.3120422363281,-1,-1,1,-1,-1,-1
923,17,884.3194580078125,514.423583984375,-1,-1,1,-1,-1,-1
924,17,891.5224609375,521.5828857421875,-1,-1,1,-1,-1,-1
926,17,912.8289794921875,535.7703247070312,-1,-1,1,-1,-1,-1
927,17,920.0447387695312,542.893310546875,-1,-1,1,-1,-1,-1
928,17,934.2384033203125,549.6227416992188,-1,-1,1,-1,-1,-1
929,17,941.197998046875,556.8016357421875,-1,-1,1,-1,-1,-1
930,17,948.49365234375,557.08056640625,-1,-1,1,-1,-1,-1
931,17,955.3729248046875,563.637939453125,-1,-1,1,-1,-1,-1
932,17,962.7857666015625,564.074462890625,-1,-1,1,-1,-1,-1
933,17,969.6317138671875,570.9083251953125,-1,-1,1,-1,-1,-1
934,17,976.9693603515625,571.2403564453125,-1,-1,1,-1,-1,-1
935,17,984.0450439453125,571.2498168945312,-1,-1,1,-1,-1,-1
936,17,991.104736328125,571.1552124023438,-1,-1,1,-1,-1,-1
937,17,1005.3568725585938,578.150634765625,-1,-1,1,-1,-1,-1
938,17,1012.439453125,578.2393188476562,-1,-1,1,-1,-1,-1
939,17,1019.62744140625,578.35986328125,-1,-1,1,-1,-1,-1
940,17,1033.8482666015625,578.2190551757812,-1,-1,1,-1,-1,-1
941,17,1040.89794921875,578.1995849609375,-1,-1,1,-1,-1,-1
942,17,1055.10888671875,578.2296142578125,-1,-1,1,-1,-1,-1
943,17,1062.2484130859375,578.2105712890625,-1,-1,1,-1,-1,-1
944,17,1076.4869384765625,578.260009765625,-1,-1,1,-1,-1,-1
945,17,1090.633544921875,578.0501098632812,-1,-1,1,-1,-1,-1
946,17,1097.7728271484375,578.26806640625,-1,-1,1,-1,-1,-1
947,17,1111.99755859375,578.564208984375,-1,-1,1,-1,-1,-1
948,17,1119.138916015625,578.6661376953125,-1,-1,1,-1,-1,-1
949,17,1126.2490234375,585.5372924804688,-1,-1,1,-1,-1,-1
950,17,1133.3726806640625,585.6229248046875,-1,-1,1,-1,-1,-1
951,17,1140.451171875,585.625,-1,-1,1,-1,-1,-1
952,17,1147.607666015625,585.569580078125,-1,-1,1,-1,-1,-1
953,17,1154.7572021484375,585.513916015625,-1,-1,1,-1,-1,-1
954,17,1161.804443359375,578.4307861328125,-1,-1,1,-1,-1,-1
955,17,1168.7734375,578.6141357421875,-1,-1,1,-1,-1,-1
956,17,1175.8797607421875,578.6233520507812,-1,-1,1,-1,-1,-1
957,17,1183.0289306640625,578.6150512695312,-1,-1,1,-1,-1,-1
958,17,1190.1773681640625,578.375244140625,-1,-1,1,-1,-1,-1
959,17,1197.18701171875,571.3223876953125,-1,-1,1,-1,-1,-1
960,17,1204.341064453125,571.5684814453125,-1,-1,1,-1,-1,-1
961,17,1218.564697265625,571.548583984375,-1,-1,1,-1,-1,-1
962,17,1225.644287109375,571.44189453125,-1,-1,1,-1,-1,-1
963,17,1239.85107421875,564.4407958984375,-1,-1,1,-1,-1,-1
964,17,1246.883056640625,564.3888549804688,-1,-1,1,-1,-1,-1
965,17,1261.198974609375,564.3642578125,-1,-1,1,-1,-1,-1
966,17,1275.38525390625,557.06689453125,-1,-1,1,-1,-1,-1
967,17,1289.62353515625,557.4600830078125,-1,-1,1,-1,-1,-1
968,17,1303.877197265625,557.2628173828125,-1,-1,1,-1,-1,-1
969,17,1325.0828857421875,550.2142333984375,-1,-1,1,-1,-1,-1
970,17,1339.432373046875,550.2659912109375,-1,-1,1,-1,-1,-1
971,17,1360.79248046875,542.8157348632812,-1,-1,1,-1,-1,-1
972,17,1374.80224609375,542.7471313476562,-1,-1,1,-1,-1,-1
973,17,1388.9853515625,543.0067138671875,-1,-1,1,-1,-1,-1
974,17,1403.406494140625,543.1424560546875,-1,-1,1,-1,-1,-1
975,17,1417.5313720703125,543.1942749023438,-1,-1,1,-1,-1,-1
976,17,1431.779052734375,543.1585083007812,-1,-1,1,-1,-1,-1
977,17,1452.94970703125,543.1144409179688,-1,-1,1,-1,-1,-1
978,17,1467.1705322265625,542.9556274414062,-1,-1,1,-1,-1,-1
979,17,1481.4869384765625,543.0289306640625,-1,-1,1,-1,-1,-1
980,17,1495.7548828125,543.037841796875,-1,-1,1,-1,-1,-1
981,17,1509.855224609375,543.031982421875,-1,-1,1,-1,-1,-1
982,17,1524.149169921875,535.7215576171875,-1,-1,1,-1,-1,-1
983,17,1531.30615234375,543.108154296875,-1,-1,1,-1,-1,-1
984,17,1545.432373046875,542.8697509765625,-1,-1,1,-1,-1,-1
985,17,1552.56494140625,542.9541625976562,-1,-1,1,-1,-1,-1
986,17,1559.5736083984375,542.852294921875,-1,-1,1,-1,-1,-1
987,17,1566.599365234375,542.815185546875,-1,-1,1,-1,-1,-1
988,17,1566.8011474609375,550.0809326171875,-1,-1,1,-1,-1,-1
989,17,1573.7666015625,550.0556640625,-1,-1,1,-1,-1,-1
990,17,1573.79248046875,550.0253295898438,-1,-1,1,-1,-1,-1
991,17,1573.78955078125,550.0528564453125,-1,-1,1,-1,-1,-1
992,17,1573.8330078125,550.06591796875,-1,-1,1,-1,-1,-1
993,17,1573.827880859375,549.8546752929688,-1,-1,1,-1,-1,-1
994,17,1573.779541015625,557.1646118164062,-1,-1,1,-1,-1,-1
995,17,1573.9302978515625,557.193359375,-1,-1,1,-1,-1,-1
996,17,1573.838623046875,557.1458740234375,-1,-1,1,-1,-1,-1
997,17,1580.7958984375,557.1484375,-1,-1,1,-1,-1,-1
998,17,1595.01513671875,557.372802734375,-1,-1,1,-1,-1,-1
999,17,1609.194580078125,550.012451171875,-1,-1,1,-1,-1,-1
1000,17,1630.665283203125,550.0599365234375,-1,-1,1,-1,-1,-1
1001,17,1644.796142578125,543.0068359375,-1,-1,1,-1,-1,-1
1002,17,1666.05859375,542.90966796875,-1,-1,1,-1,-1,-1
1003,17,1687.326416015625,535.8818969726562,-1,-1,1,-1,-1,-1
1004,17,1715.8651123046875,535.861328125,-1,-1,1,-1,-1,-1
1005,17,1744.249267578125,528.7628173828125,-1,-1,1,-1,-1,-1
1006,17,1765.5196533203125,528.6968383789062,-1,-1,1,-1,-1,-1
1007,17,1793.86962890625,528.7040405273438,-1,-1,1,-1,-1,-1
1008,17,1822.2088623046875,528.6574096679688,-1,-1,1,-1,-1,-1
1009,17,1850.6693115234375,528.5670776367188,-1,-1,1,-1,-1,-1
1010,17,1879.109130859375,528.4072265625,-1,-1,1,-1,-1,-1
1060,18,1104.583251953125,748.8114013671875,-1,-1,1,-1,-1,-1
1061,18,1168.69140625,749.055908203125,-1,-1,1,-1,-1,-1
1062,18,1225.6279296875,756.0791625976562,-1,-1,1,-1,-1,-1
1062,19,223.13401794433594,350.92608642578125,-1,-1,1,-1,-1,-1
1064,19,393.9320068359375,336.6112060546875,-1,-1,1,-1,-1,-1
1065,19,535.84814453125,351.03277587890625,-1,-1,1,-1,-1,-1
1066,19,628.6698608398438,357.97222900390625,-1,-1,1,-1,-1,-1
1067,19,720.8133544921875,372.24609375,-1,-1,1,-1,-1,-1
1068,19,813.4041137695312,372.16986083984375,-1,-1,1,-1,-1,-1
1071,19,1104.7041015625,378.9339904785156,-1,-1,1,-1,-1,-1
1103,20,1502.6778564453125,756.0555419921875,-1,-1,1,-1,-1,-1
1108,20,1630.209228515625,784.534423828125,-1,-1,1,-1,-1,-1
1109,20,1658.6639404296875,791.538818359375,-1,-1,1,-1,-1,-1
1241,21,607.1035766601562,407.43206787109375,-1,-1,1,-1,-1,-1
1242,21,614.2830810546875,407.39984130859375,-1,-1,1,-1,-1,-1
1247,21,642.9361572265625,414.516357421875,-1,-1,1,-1,-1,-1
1249,22,948.2227783203125,833.9312744140625,-1,-1,1,-1,-1,-1
1250,21,664.3031005859375,414.46954345703125,-1,-1,1,-1,-1,-1
1250,22,962.366455078125,826.51904296875,-1,-1,1,-1,-1,-1
1251,22,976.801513671875,826.1727905273438,-1,-1,1,-1,-1,-1
1252,21,657.287109375,400.393310546875,-1,-1,1,-1,-1,-1
1252,22,990.8985595703125,826.24169921875,-1,-1,1,-1,-1,-1
1253,22,1012.249755859375,826.3345336914062,-1,-1,1,-1,-1,-1
1255,21,706.7236938476562,400.356201171875,-1,-1,1,-1,-1,-1
1256,22,1061.9697265625,819.2067260742188,-1,-1,1,-1,-1,-1
1260,21,763.4598388671875,386.3330383300781,-1,-1,1,-1,-1,-1
1262,21,777.955322265625,379.1928405761719,-1,-1,1,-1,-1,-1
1264,21,813.5114135742188,372.1844482421875,-1,-1,1,-1,-1,-1
1268,21,891.6270751953125,358.1214599609375,-1,-1,1,-1,-1,-1
1272,21,962.7005004882812,357.942138671875,-1,-1,1,-1,-1,-1
1275,21,1026.71728515625,351.025146484375,-1,-1,1,-1,-1,-1
1279,21,1118.9627685546875,329.4906921386719,-1,-1,1,-1,-1,-1
1281,21,1154.5283203125,322.3094482421875,-1,-1,1,-1,-1,-1
1282,21,1183.161865234375,315.2515563964844,-1,-1,1,-1,-1,-1
1286,23,202.2772216796875,741.6090087890625,-1,-1,1,-1,-1,-1
1287,23,230.6756591796875,734.4803466796875,-1,-1,1,-1,-1,-1
1302,23,642.923828125,734.4290771484375,-1,-1,1,-1,-1,-1
1303,23,664.20263671875,734.1617431640625,-1,-1,1,-1,-1,-1
1304,23,692.561279296875,734.0828857421875,-1,-1,1,-1,-1,-1
1578,24,834.5169677734375,449.8172912597656,-1,-1,1,-1,-1,-1
1579,24,848.7642822265625,442.7596435546875,-1,-1,1,-1,-1,-1
1580,24,876.998046875,443.0650329589844,-1,-1,1,-1,-1,-1
1582,24,905.7508544921875,429.0142517089844,-1,-1,1,-1,-1,-1
1583,24,926.9456787109375,421.5638427734375,-1,-1,1,-1,-1,-1
1584,24,948.3621826171875,414.721435546875,-1,-1,1,-1,-1,-1
1585,24,962.59814453125,415.01531982421875,-1,-1,1,-1,-1,-1
1586,24,984.0047607421875,407.8524169921875,-1,-1,1,-1,-1,-1
1587,24,1005.2376708984375,400.791015625,-1,-1,1,-1,-1,-1
1588,24,1026.6488037109375,399.9725646972656,-1,-1,1,-1,-1,-1
1589,24,1041.019775390625,393.09173583984375,-1,-1,1,-1,-1,-1
1594,24,1119.0533447265625,365.2076416015625,-1,-1,1,-1,-1,-1
1595,24,1126.161865234375,364.90386962890625,-1,-1,1,-1,-1,-1
1613,24,1481.468994140625,336.58502197265625,-1,-1,1,-1,-1,-1
1613,25,138.50534057617188,499.9835510253906,-1,-1,1,-1,-1,-1
1615,25,209.51724243164062,507.0721435546875,-1,-1,1,-1,-1,-1
1617,25,273.34368896484375,514.2860717773438,-1,-1,1,-1,-1,-1
1618,25,309.02191162109375,521.1951904296875,-1,-1,1,-1,-1,-1
1621,25,401.27056884765625,528.384765625,-1,-1,1,-1,-1,-1
1624,25,486.50201416015625,535.4788818359375,-1,-1,1,-1,-1,-1
1626,25,543.4321899414062,535.4385986328125,-1,-1,1,-1,-1,-1
1633,25,727.933349609375,556.3642578125,-1,-1,1,-1,-1,-1
1634,25,756.162353515625,556.577392578125,-1,-1,1,-1,-1,-1
1637,25,841.2940063476562,556.9578247070312,-1,-1,1,-1,-1,-1
1638,25,869.898193359375,564.0208129882812,-1,-1,1,-1,-1,-1
1640,25,926.927978515625,563.6544189453125,-1,-1,1,-1,-1,-1
1642,25,983.5853271484375,563.8003540039062,-1,-1,1,-1,-1,-1
1644,25,1040.3134765625,571.1280517578125,-1,-1,1,-1,-1,-1
1645,25,1068.4921875,571.2013549804688,-1,-1,1,-1,-1,-1
1646,25,1097.00634765625,571.11279296875,-1,-1,1,-1,-1,-1
1647,25,1125.591552734375,571.16259765625,-1,-1,1,-1,-1,-1
1648,25,1154.129638671875,563.8431396484375,-1,-1,1,-1,-1,-1
1649,25,1182.568359375,563.77197265625,-1,-1,1,-1,-1,-1
1650,25,1211.104736328125,563.6596069335938,-1,-1,1,-1,-1,-1
1653,25,1296.367431640625,549.5889892578125,-1,-1,1,-1,-1,-1
1654,25,1324.768310546875,549.5083618164062,-1,-1,1,-1,-1,-1
1714,26,202.19943237304688,557.217041015625,-1,-1,1,-1,-1,-1
1715,26,237.83645629882812,557.160400390625,-1,-1,1,-1,-1,-1
1716,26,273.4205017089844,557.06494140625,-1,-1,1,-1,-1,-1
1717,26,301.85400390625,557.259521484375,-1,-1,1,-1,-1,-1
1718,26,337.5084228515625,564.331298828125,-1,-1,1,-1,-1,-1
1719,26,365.6407165527344,564.3034057617188,-1,-1,1,-1,-1,-1
1720,26,401.39263916015625,571.4339599609375,-1,-1,1,-1,-1,-1
1721,26,429.6243591308594,571.17529296875,-1,-1,1,-1,-1,-1
1722,26,457.9918212890625,578.3868408203125,-1,-1,1,-1,-1,-1
1723,26,479.41058349609375,578.4322509765625,-1,-1,1,-1,-1,-1
1724,26,507.9910888671875,585.6072998046875,-1,-1,1,-1,-1,-1
1725,26,536.13916015625,585.4212646484375,-1,-1,1,-1,-1,-1
1726,26,557.744873046875,585.6536254882812,-1,-1,1,-1,-1,-1
1727,26,586.0948486328125,592.6943359375,-1,-1,1,-1,-1,-1
1728,26,614.4818725585938,592.619384765625,-1,-1,1,-1,-1,-1
1729,26,642.981201171875,592.632080078125,-1,-1,1,-1,-1,-1
1730,26,664.554443359375,599.7457275390625,-1,-1,1,-1,-1,-1
1731,26,685.6571044921875,599.701904296875,-1,-1,1,-1,-1,-1
1732,26,713.83154296875,592.5151977539062,-1,-1,1,-1,-1,-1
1733,26,735.349853515625,592.672607421875,-1,-1,1,-1,-1,-1
1734,26,756.708740234375,592.8408813476562,-1,-1,1,-1,-1,-1
1735,26,785.2039794921875,592.6549072265625,-1,-1,1,-1,-1,-1
1736,26,806.08056640625,585.3489379882812,-1,-1,1,-1,-1,-1
1737,26,827.73828125,585.5189208984375,-1,-1,1,-1,-1,-1
1738,26,849.0550537109375,585.4047241210938,-1,-1,1,-1,-1,-1
1739,26,870.2005615234375,578.274169921875,-1,-1,1,-1,-1,-1
1740,26,891.6144409179688,578.3978271484375,-1,-1,1,-1,-1,-1
1741,26,905.94677734375,578.4619750976562,-1,-1,1,-1,-1,-1
1742,26,927.167724609375,578.4708862304688,-1,-1,1,-1,-1,-1
1743,26,955.5849609375,578.271240234375,-1,-1,1,-1,-1,-1
1744,26,976.898193359375,578.3599853515625,-1,-1,1,-1,-1,-1
1745,26,998.16796875,578.3575439453125,-1,-1,1,-1,-1,-1
1746,26,1026.5673828125,571.283203125,-1,-1,1,-1,-1,-1
1747,26,1054.906982421875,571.150390625,-1,-1,1,-1,-1,-1
1748,26,1083.24853515625,563.9337158203125,-1,-1,1,-1,-1,-1
1749,26,1111.783203125,564.076416015625,-1,-1,1,-1,-1,-1
1750,26,1147.206787109375,563.9996337890625,-1,-1,1,-1,-1,-1
1751,26,1175.845703125,564.074462890625,-1,-1,1,-1,-1,-1
1752,26,1204.25732421875,564.095458984375,-1,-1,1,-1,-1,-1
1753,26,1239.738037109375,564.0523681640625,-1,-1,1,-1,-1,-1
1754,26,1275.2587890625,564.0238037109375,-1,-1,1,-1,-1,-1
1755,26,1303.63916015625,564.0745849609375,-1,-1,1,-1,-1,-1
1755,27,401.6174621582031,670.0052490234375,-1,-1,1,-1,-1,-1
1756,26,1339.14892578125,564.0074462890625,-1,-1,1,-1,-1,-1
1757,27,465.37933349609375,663.030029296875,-1,-1,1,-1,-1,-1
1758,27,500.98101806640625,662.9481201171875,-1,-1,1,-1,-1,-1
1759,27,529.4962158203125,655.6864624023438,-1,-1,1,-1,-1,-1
1760,27,564.9017333984375,655.6646728515625,-1,-1,1,-1,-1,-1
1761,27,600.4451293945312,655.85107421875,-1,-1,1,-1,-1,-1
1761,28,308.9698486328125,677.056884765625,-1,-1,1,-1,-1,-1
1762,27,628.8536376953125,655.7635498046875,-1,-1,1,-1,-1,-1
1762,28,337.4384765625,676.971435546875,-1,-1,1,-1,-1,-1
1763,27,664.365966796875,662.8154296875,-1,-1,1,-1,-1,-1
1763,28,372.939453125,676.970947265625,-1,-1,1,-1,-1,-1
1764,26,1616.3154296875,571.3582763671875,-1,-1,1,-1,-1,-1
1764,27,699.8824462890625,662.9853515625,-1,-1,1,-1,-1,-1
1764,28,408.45855712890625,684.6990966796875,-1,-1,1,-1,-1,-1
1765,27,728.2318725585938,662.9607543945312,-1,-1,1,-1,-1,-1
1765,28,429.63116455078125,676.9354248046875,-1,-1,1,-1,-1,-1
1766,26,1694.520263671875,571.2657470703125,-1,-1,1,-1,-1,-1
1766,27,763.649658203125,663.0325317382812,-1,-1,1,-1,-1,-1
1766,28,458.2127990722656,676.8841552734375,-1,-1,1,-1,-1,-1
1767,27,792.209228515625,662.9873046875,-1,-1,1,-1,-1,-1
1767,28,486.44781494140625,684.3384399414062,-1,-1,1,-1,-1,-1
1768,26,1765.8017578125,578.2696533203125,-1,-1,1,-1,-1,-1
1768,27,827.9196166992188,670.1038818359375,-1,-1,1,-1,-1,-1
1768,28,514.8375854492188,684.3101806640625,-1,-1,1,-1,-1,-1
1769,26,1801.08935546875,585.443115234375,-1,-1,1,-1,-1,-1
1769,27,856.2206420898438,670.1063232421875,-1,-1,1,-1,-1,-1
1769,28,543.3193359375,684.1796264648438,-1,-1,1,-1,-1,-1
1770,27,891.63720703125,677.1535034179688,-1,-1,1,-1,-1,-1
1770,28,571.8256225585938,684.0863037109375,-1,-1,1,-1,-1,-1
1771,26,1879.3214111328125,585.19677734375,-1,-1,1,-1,-1,-1
1771,27,920.2191162109375,669.9799194335938,-1,-1,1,-1,-1,-1
1771,28,600.19482421875,684.2293701171875,-1,-1,1,-1,-1,-1
1772,27,948.60791015625,677.1468505859375,-1,-1,1,-1,-1,-1
1772,28,628.5970458984375,684.309814453125,-1,-1,1,-1,-1,-1
1772,29,1083.18798828125,635.0404663085938,-1,-1,1,-1,-1,-1
1773,27,984.0969848632812,677.213623046875,-1,-1,1,-1,-1,-1
1773,28,657.1199951171875,691.7842407226562,-1,-1,1,-1,-1,-1
1774,27,1012.5012817382812,677.1083374023438,-1,-1,1,-1,-1,-1
1774,28,685.44189453125,691.5887451171875,-1,-1,1,-1,-1,-1
1774,29,1133.144775390625,634.97509765625,-1,-1,1,-1,-1,-1
1774,30,1360.461669921875,307.8992919921875,-1,-1,1,-1,-1,-1
1775,28,706.8154907226562,691.4013671875,-1,-1,1,-1,-1,-1
1775,30,1388.958984375,307.83203125,-1,-1,1,-1,-1,-1
1776,27,1076.271728515625,684.3829956054688,-1,-1,1,-1,-1,-1
1776,28,742.259033203125,698.9436645507812,-1,-1,1,-1,-1,-1
1776,30,1417.3271484375,307.90618896484375,-1,-1,1,-1,-1,-1
1777,28,770.585693359375,698.7535400390625,-1,-1,1,-1,-1,-1
1778,28,799.2083740234375,698.6434326171875,-1,-1,1,-1,-1,-1
1779,28,827.6357421875,698.5182495117188,-1,-1,1,-1,-1,-1
1779,29,1225.300048828125,677.799072265625,-1,-1,1,-1,-1,-1
1780,28,863.0401611328125,705.7894287109375,-1,-1,1,-1,-1,-1
1780,30,1538.0328369140625,315.10308837890625,-1,-1,1,-1,-1,-1
1781,28,891.5440673828125,705.5545043945312,-1,-1,1,-1,-1,-1
1781,30,1566.5419921875,315.014892578125,-1,-1,1,-1,-1,-1
1782,28,927.19482421875,713.0724487304688,-1,-1,1,-1,-1,-1
1782,30,1602.166748046875,314.96246337890625,-1,-1,1,-1,-1,-1
1783,28,955.506591796875,712.8604736328125,-1,-1,1,-1,-1,-1
1784,27,1360.0244140625,698.8345947265625,-1,-1,1,-1,-1,-1
1785,27,1381.579833984375,691.7362060546875,-1,-1,1,-1,-1,-1
1785,28,1019.7213134765625,720.1378173828125,-1,-1,1,-1,-1,-1
1786,28,1055.0850830078125,720.052490234375,-1,-1,1,-1,-1,-1
1787,27,1445.640869140625,706.0548095703125,-1,-1,1,-1,-1,-1
1787,28,1083.5472412109375,727.2425537109375,-1,-1,1,-1,-1,-1
1788,28,1118.9222412109375,727.0674438476562,-1,-1,1,-1,-1,-1
1789,27,1523.6021728515625,713.0111694335938,-1,-1,1,-1,-1,-1
1789,28,1140.32861328125,727.4661865234375,-1,-1,1,-1,-1,-1
1790,28,1183.124267578125,727.3572998046875,-1,-1,1,-1,-1,-1
1791,28,1218.7030029296875,734.410400390625,-1,-1,1,-1,-1,-1
1792,28,1254.3212890625,734.38720703125,-1,-1,1,-1,-1,-1
1793,28,1289.5751953125,734.251708984375,-1,-1,1,-1,-1,-1
1794,28,1317.962646484375,734.1566772460938,-1,-1,1,-1,-1,-1
1802,28,1609.50634765625,734.5372314453125,-1,-1,1,-1,-1,-1
1803,28,1645.1636962890625,734.5538330078125,-1,-1,1,-1,-1,-1
1841,31,1218.15869140625,635.0606689453125,-1,-1,1,-1,-1,-1
1842,31,1232.3779296875,642.60595703125,-1,-1,1,-1,-1,-1
1844,31,1281.952392578125,642.2296142578125,-1,-1,1,-1,-1,-1
1846,31,1324.666748046875,642.3782958984375,-1,-1,1,-1,-1,-1
1897,32,436.5953369140625,656.36572265625,-1,-1,1,-1,-1,-1
1898,32,429.30877685546875,663.368408203125,-1,-1,1,-1,-1,-1
1899,32,422.3374938964844,663.5010986328125,-1,-1,1,-1,-1,-1
1901,32,415.2715148925781,670.561279296875,-1,-1,1,-1,-1,-1
1902,32,415.2984619140625,670.3734130859375,-1,-1,1,-1,-1,-1
1906,32,408.197265625,670.50048828125,-1,-1,1,-1,-1,-1
1908,32,408.20489501953125,670.587890625,-1,-1,1,-1,-1,-1
1909,32,408.1019287109375,670.5350952148438,-1,-1,1,-1,-1,-1
1910,32,408.0531005859375,670.4560546875,-1,-1,1,-1,-1,-1
1911,32,415.2184143066406,670.3118286132812,-1,-1,1,-1,-1,-1
1912,32,415.33197021484375,670.3694458007812,-1,-1,1,-1,-1,-1
1913,32,415.14642333984375,670.5857543945312,-1,-1,1,-1,-1,-1
1914,32,422.24578857421875,670.51708984375,-1,-1,1,-1,-1,-1
1915,32,429.4930114746094,670.5804443359375,-1,-1,1,-1,-1,-1
1916,32,436.66680908203125,670.41064453125,-1,-1,1,-1,-1,-1
1917,32,443.58258056640625,677.6924438476562,-1,-1,1,-1,-1,-1
1918,32,450.6943359375,685.051025390625,-1,-1,1,-1,-1,-1
1919,32,457.9000244140625,684.6863403320312,-1,-1,1,-1,-1,-1
1920,32,472.19073486328125,691.7215576171875,-1,-1,1,-1,-1,-1
1921,32,486.2818908691406,699.3792724609375,-1,-1,1,-1,-1,-1
1922,32,500.7078857421875,698.96826171875,-1,-1,1,-1,-1,-1
1923,32,521.7653198242188,706.2738037109375,-1,-1,1,-1,-1,-1
1924,32,536.0611572265625,706.2320556640625,-1,-1,1,-1,-1,-1
1925,32,550.2730102539062,706.3102416992188,-1,-1,1,-1,-1,-1
1926,32,564.523193359375,699.0411376953125,-1,-1,1,-1,-1,-1
1927,32,578.6231689453125,706.2713623046875,-1,-1,1,-1,-1,-1
1928,32,599.9273681640625,706.1195678710938,-1,-1,1,-1,-1,-1
1929,32,614.1469116210938,713.4239501953125,-1,-1,1,-1,-1,-1
1930,32,635.5968017578125,713.38037109375,-1,-1,1,-1,-1,-1
1931,32,649.7356567382812,706.281982421875,-1,-1,1,-1,-1,-1
1932,32,671.0006713867188,699.2747802734375,-1,-1,1,-1,-1,-1
1933,32,678.171630859375,684.7811279296875,-1,-1,1,-1,-1,-1
1934,32,692.2154541015625,677.849365234375,-1,-1,1,-1,-1,-1
1935,32,706.4854736328125,670.7750244140625,-1,-1,1,-1,-1,-1
1936,32,727.921630859375,663.5691528320312,-1,-1,1,-1,-1,-1
1937,32,742.1123046875,656.5338745117188,-1,-1,1,-1,-1,-1
1938,32,749.2559204101562,649.4727783203125,-1,-1,1,-1,-1,-1
1939,32,756.4194946289062,642.419189453125,-1,-1,1,-1,-1,-1
1940,32,763.4412841796875,635.3250732421875,-1,-1,1,-1,-1,-1
1941,32,770.6455078125,621.085205078125,-1,-1,1,-1,-1,-1
1942,32,770.509033203125,614.051025390625,-1,-1,1,-1,-1,-1
1943,32,784.790283203125,614.0396728515625,-1,-1,1,-1,-1,-1
1944,32,791.7957763671875,614.150390625,-1,-1,1,-1,-1,-1
1945,32,798.859130859375,614.1720581054688,-1,-1,1,-1,-1,-1
1946,32,813.04931640625,614.1417236328125,-1,-1,1,-1,-1,-1
1947,32,820.1589965820312,614.1685791015625,-1,-1,1,-1,-1,-1
1948,32,827.312744140625,614.1747436523438,-1,-1,1,-1,-1,-1
1949,32,841.7474365234375,614.1597900390625,-1,-1,1,-1,-1,-1
1950,32,848.745849609375,621.2552490234375,-1,-1,1,-1,-1,-1
1951,32,848.7991943359375,621.0482177734375,-1,-1,1,-1,-1,-1
1952,32,848.8524169921875,621.0925903320312,-1,-1,1,-1,-1,-1
1953,32,855.85888671875,628.4515380859375,-1,-1,1,-1,-1,-1
1954,32,855.8656005859375,628.3885498046875,-1,-1,1,-1,-1,-1
1955,32,855.8305053710938,621.107666015625,-1,-1,1,-1,-1,-1
1956,32,862.865234375,621.1964111328125,-1,-1,1,-1,-1,-1
1957,32,863.176025390625,621.38037109375,-1,-1,1,-1,-1,-1
1958,32,863.0823974609375,614.1982421875,-1,-1,1,-1,-1,-1
1959,32,870.2726440429688,614.2635498046875,-1,-1,1,-1,-1,-1
1960,32,877.18408203125,607.0582275390625,-1,-1,1,-1,-1,-1
1961,32,884.3016357421875,606.968994140625,-1,-1,1,-1,-1,-1
1962,32,891.4629516601562,607.0855102539062,-1,-1,1,-1,-1,-1
1963,32,898.74462890625,606.92578125,-1,-1,1,-1,-1,-1
1964,32,905.759033203125,599.893798828125,-1,-1,1,-1,-1,-1
1965,32,920.0164794921875,599.9141845703125,-1,-1,1,-1,-1,-1
1966,32,941.0772705078125,606.980712890625,-1,-1,1,-1,-1,-1
1967,32,955.6322021484375,607.1400146484375,-1,-1,1,-1,-1,-1
1968,32,969.699951171875,606.97509765625,-1,-1,1,-1,-1,-1
1969,32,991.08935546875,614.1439208984375,-1,-1,1,-1,-1,-1
1970,32,1012.4198608398438,614.1644287109375,-1,-1,1,-1,-1,-1
1971,32,1033.791015625,614.292236328125,-1,-1,1,-1,-1,-1
1972,32,1055.139892578125,614.1942138671875,-1,-1,1,-1,-1,-1
1973,32,1076.350830078125,621.3133544921875,-1,-1,1,-1,-1,-1
1974,32,1097.5958251953125,628.3238525390625,-1,-1,1,-1,-1,-1
1975,32,1119.0162353515625,642.5986938476562,-1,-1,1,-1,-1,-1
1976,32,1140.4139404296875,656.7008056640625,-1,-1,1,-1,-1,-1
1977,32,1161.7213134765625,670.7747802734375,-1,-1,1,-1,-1,-1
1978,32,1190.0152587890625,685.00341796875,-1,-1,1,-1,-1,-1
1979,32,1218.2864990234375,699.408447265625,-1,-1,1,-1,-1,-1
1980,32,1239.6492919921875,713.4942626953125,-1,-1,1,-1,-1,-1
1981,32,1275.32958984375,727.8828735351562,-1,-1,1,-1,-1,-1
1982,32,1310.8956298828125,749.12890625,-1,-1,1,-1,-1,-1
1983,32,1360.438232421875,763.335693359375,-1,-1,1,-1,-1,-1
1984,32,1403.3067626953125,763.3956298828125,-1,-1,1,-1,-1,-1
1985,32,1438.707275390625,756.287841796875,-1,-1,1,-1,-1,-1
1986,32,1474.189453125,749.192626953125,-1,-1,1,-1,-1,-1
1987,32,1516.8876953125,741.8790283203125,-1,-1,1,-1,-1,-1
1988,32,1552.2940673828125,727.646240234375,-1,-1,1,-1,-1,-1
1989,32,1595.0084228515625,720.563232421875,-1,-1,1,-1,-1,-1
1990,32,1644.525390625,706.0633544921875,-1,-1,1,-1,-1,-1
1991,32,1694.455322265625,699.0528564453125,-1,-1,1,-1,-1,-1
1992,32,1751.283203125,684.701416015625,-1,-1,1,-1,-1,-1
1993,32,1793.966552734375,698.9769287109375,-1,-1,1,-1,-1,-1
1994,32,1858.001708984375,706.1727294921875,-1,-1,1,-1,-1,-1
2056,33,59.93789291381836,606.51611328125,-1,-1,1,-1,-1,-1
2057,33,81.41142272949219,606.5524291992188,-1,-1,1,-1,-1,-1
2058,33,102.71293640136719,606.452880859375,-1,-1,1,-1,-1,-1
2059,33,117.0444107055664,606.618896484375,-1,-1,1,-1,-1,-1
2060,33,138.17689514160156,606.6029052734375,-1,-1,1,-1,-1,-1
2061,33,159.57723999023438,606.5147705078125,-1,-1,1,-1,-1,-1
2062,33,173.82583618164062,606.550537109375,-1,-1,1,-1,-1,-1
2063,33,195.11146545410156,606.5628662109375,-1,-1,1,-1,-1,-1
2064,33,216.2938232421875,606.4332885742188,-1,-1,1,-1,-1,-1
2065,33,237.65036010742188,613.710205078125,-1,-1,1,-1,-1,-1
2066,33,258.91986083984375,613.7877197265625,-1,-1,1,-1,-1,-1
2067,33,287.3270263671875,613.6898803710938,-1,-1,1,-1,-1,-1
2068,33,308.7553405761719,613.5580444335938,-1,-1,1,-1,-1,-1
2069,33,330.1336669921875,613.4873657226562,-1,-1,1,-1,-1,-1
2070,33,344.36090087890625,613.589111328125,-1,-1,1,-1,-1,-1
2070,34,1026.9759521484375,748.3231201171875,-1,-1,1,-1,-1,-1
2071,33,358.58013916015625,613.476806640625,-1,-1,1,-1,-1,-1
2071,34,1055.587890625,748.3212280273438,-1,-1,1,-1,-1,-1
2072,33,372.7887268066406,613.72998046875,-1,-1,1,-1,-1,-1
2072,34,1090.931396484375,741.5732421875,-1,-1,1,-1,-1,-1
2073,33,386.8951416015625,613.7752685546875,-1,-1,1,-1,-1,-1
2073,34,1111.72998046875,748.29443359375,-1,-1,1,-1,-1,-1
2073,35,500.955078125,719.5543823242188,-1,-1,1,-1,-1,-1
2074,33,401.28887939453125,606.5565795898438,-1,-1,1,-1,-1,-1
2074,34,1140.001708984375,748.367431640625,-1,-1,1,-1,-1,-1
2074,35,515.3382568359375,719.2432861328125,-1,-1,1,-1,-1,-1
2075,33,415.46978759765625,606.5249633789062,-1,-1,1,-1,-1,-1
2075,34,1175.563232421875,741.5235595703125,-1,-1,1,-1,-1,-1
2075,35,529.5361328125,719.5177612304688,-1,-1,1,-1,-1,-1
2076,33,436.665283203125,606.6131591796875,-1,-1,1,-1,-1,-1
2076,34,1203.96484375,748.3421630859375,-1,-1,1,-1,-1,-1
2076,35,550.4664306640625,719.6514892578125,-1,-1,1,-1,-1,-1
2077,33,458.073974609375,606.6325073242188,-1,-1,1,-1,-1,-1
2077,34,1239.8272705078125,741.3118896484375,-1,-1,1,-1,-1,-1
2077,35,571.9703369140625,712.5064697265625,-1,-1,1,-1,-1,-1
2078,33,472.20062255859375,606.8477783203125,-1,-1,1,-1,-1,-1
2078,34,1268.1920166015625,741.356201171875,-1,-1,1,-1,-1,-1
2078,35,593.4639282226562,726.5847778320312,-1,-1,1,-1,-1,-1
2079,33,493.47967529296875,606.8233642578125,-1,-1,1,-1,-1,-1
2079,34,1303.265380859375,755.38623046875,-1,-1,1,-1,-1,-1
2079,35,614.656494140625,719.5955200195312,-1,-1,1,-1,-1,-1
2080,33,514.9534301757812,606.593505859375,-1,-1,1,-1,-1,-1
2080,34,1338.695068359375,762.6438598632812,-1,-1,1,-1,-1,-1
2080,35,643.0653686523438,726.6109619140625,-1,-1,1,-1,-1,-1
2081,33,543.251220703125,613.7716064453125,-1,-1,1,-1,-1,-1
2082,33,557.42578125,620.9041748046875,-1,-1,1,-1,-1,-1
2083,33,578.7950439453125,628.0101928710938,-1,-1,1,-1,-1,-1
2083,35,699.97119140625,755.2291259765625,-1,-1,1,-1,-1,-1
2084,33,585.7471923828125,635.333984375,-1,-1,1,-1,-1,-1
2085,33,607.3319702148438,634.9664916992188,-1,-1,1,-1,-1,-1
2085,35,735.5040283203125,769.112548828125,-1,-1,1,-1,-1,-1
2086,33,628.4414672851562,642.134521484375,-1,-1,1,-1,-1,-1
2087,33,642.872314453125,642.0997314453125,-1,-1,1,-1,-1,-1
2088,33,664.1810913085938,649.336181640625,-1,-1,1,-1,-1,-1
2089,33,685.1824951171875,656.57275390625,-1,-1,1,-1,-1,-1
2090,33,706.62646484375,656.444580078125,-1,-1,1,-1,-1,-1
2091,33,734.9276123046875,663.5711669921875,-1,-1,1,-1,-1,-1
2092,33,756.448486328125,663.4180908203125,-1,-1,1,-1,-1,-1
2093,33,770.74560546875,663.370361328125,-1,-1,1,-1,-1,-1
2093,35,848.71044921875,869.8070068359375,-1,-1,1,-1,-1,-1
2094,33,791.9942626953125,670.6376953125,-1,-1,1,-1,-1,-1
2095,33,813.3388671875,670.6127319335938,-1,-1,1,-1,-1,-1
2096,33,827.625732421875,670.4818115234375,-1,-1,1,-1,-1,-1
2097,33,848.8079833984375,663.5543212890625,-1,-1,1,-1,-1,-1
2098,33,863.2208251953125,656.3382568359375,-1,-1,1,-1,-1,-1
2099,33,877.3807373046875,649.1209716796875,-1,-1,1,-1,-1,-1
2100,33,898.58740234375,641.9467163085938,-1,-1,1,-1,-1,-1
2101,33,920.061279296875,634.9418334960938,-1,-1,1,-1,-1,-1
2102,33,948.4536743164062,635.109130859375,-1,-1,1,-1,-1,-1
2104,33,998.0888671875,627.997314453125,-1,-1,1,-1,-1,-1
2104,36,130.92837524414062,763.1764526367188,-1,-1,1,-1,-1,-1
2105,33,1026.4410400390625,620.7928466796875,-1,-1,1,-1,-1,-1
2105,36,145.2064971923828,755.9647827148438,-1,-1,1,-1,-1,-1
2106,33,1054.92431640625,613.812255859375,-1,-1,1,-1,-1,-1
2106,36,166.65968322753906,755.985107421875,-1,-1,1,-1,-1,-1
2107,33,1090.527587890625,613.8644409179688,-1,-1,1,-1,-1,-1
2108,33,1125.9454345703125,606.7935180664062,-1,-1,1,-1,-1,-1
2109,33,1154.34033203125,599.4866943359375,-1,-1,1,-1,-1,-1
2111,33,1218.397216796875,599.4483642578125,-1,-1,1,-1,-1,-1
2112,33,1253.792236328125,592.3220825195312,-1,-1,1,-1,-1,-1
2113,33,1289.5478515625,599.5626220703125,-1,-1,1,-1,-1,-1
2114,33,1332.12451171875,599.5650024414062,-1,-1,1,-1,-1,-1
2114,36,457.9420166015625,741.1279296875,-1,-1,1,-1,-1,-1
2115,33,1367.739501953125,599.336181640625,-1,-1,1,-1,-1,-1
2115,36,507.69830322265625,741.4681396484375,-1,-1,1,-1,-1,-1
2116,33,1410.4683837890625,599.4301147460938,-1,-1,1,-1,-1,-1
2117,33,1452.98681640625,606.46044921875,-1,-1,1,-1,-1,-1
2118,33,1502.5399169921875,613.6428833007812,-1,-1,1,-1,-1,-1
2119,33,1538.1810302734375,620.6634521484375,-1,-1,1,-1,-1,-1
2120,33,1587.9833984375,627.92236328125,-1,-1,1,-1,-1,-1
2121,33,1630.730712890625,627.8023681640625,-1,-1,1,-1,-1,-1
2122,33,1673.338134765625,635.00439453125,-1,-1,1,-1,-1,-1
2123,33,1715.8302001953125,642.0682373046875,-1,-1,1,-1,-1,-1
2126,33,1857.900634765625,648.6969604492188,-1,-1,1,-1,-1,-1
2156,37,1360.578369140625,904.346923828125,-1,-1,1,-1,-1,-1
2157,37,1403.132080078125,904.6530151367188,-1,-1,1,-1,-1,-1
2158,37,1445.88818359375,904.5728759765625,-1,-1,1,-1,-1,-1
2159,37,1488.30908203125,904.7054443359375,-1,-1,1,-1,-1,-1
2160,37,1537.8580322265625,904.919189453125,-1,-1,1,-1,-1,-1
2161,37,1594.856689453125,897.6810913085938,-1,-1,1,-1,-1,-1
2162,37,1651.4395751953125,904.8336791992188,-1,-1,1,-1,-1,-1
2163,37,1701.162353515625,904.9072265625,-1,-1,1,-1,-1,-1
2190,38,1304.17626953125,804.7785034179688,-1,-1,1,-1,-1,-1
2191,38,1332.5,826.092529296875,-1,-1,1,-1,-1,-1
2192,38,1375.045166015625,833.0322875976562,-1,-1,1,-1,-1,-1
2193,38,1417.38427734375,840.123291015625,-1,-1,1,-1,-1,-1
2194,38,1459.8687744140625,840.1978759765625,-1,-1,1,-1,-1,-1
2195,38,1502.667236328125,826.171630859375,-1,-1,1,-1,-1,-1
2196,38,1552.617431640625,819.109619140625,-1,-1,1,-1,-1,-1
2197,38,1595.105224609375,840.71142578125,-1,-1,1,-1,-1,-1
2199,39,450.54473876953125,600.5654296875,-1,-1,1,-1,-1,-1
2200,39,478.85760498046875,593.21826171875,-1,-1,1,-1,-1,-1
2203,39,550.9473266601562,627.769287109375,-1,-1,1,-1,-1,-1
2204,39,578.8818359375,613.840576171875,-1,-1,1,-1,-1,-1
2205,39,600.0542602539062,613.7943115234375,-1,-1,1,-1,-1,-1
2206,39,649.9185791015625,564.0520629882812,-1,-1,1,-1,-1,-1
2208,39,706.6959228515625,549.8602294921875,-1,-1,1,-1,-1,-1
2326,40,1040.523681640625,485.948486328125,-1,-1,1,-1,-1,-1
2327,40,1061.6168212890625,500.1595764160156,-1,-1,1,-1,-1,-1
2328,40,1097.185546875,486.06591796875,-1,-1,1,-1,-1,-1
2333,41,1026.03955078125,578.6602783203125,-1,-1,1,-1,-1,-1
2334,41,1047.6162109375,557.5472412109375,-1,-1,1,-1,-1,-1
2335,41,1068.87255859375,571.2752685546875,-1,-1,1,-1,-1,-1
2336,41,1090.226318359375,543.2485961914062,-1,-1,1,-1,-1,-1
2337,41,1104.4666748046875,550.3695068359375,-1,-1,1,-1,-1,-1
2338,41,1118.7093505859375,543.4114379882812,-1,-1,1,-1,-1,-1
2350,41,1310.2669677734375,528.4774169921875,-1,-1,1,-1,-1,-1
2356,41,1452.244873046875,542.9225463867188,-1,-1,1,-1,-1,-1
2358,41,1487.81103515625,549.8330078125,-1,-1,1,-1,-1,-1
2360,41,1523.555908203125,564.04296875,-1,-1,1,-1,-1,-1
2362,41,1559.29296875,578.245849609375,-1,-1,1,-1,-1,-1
2412,42,550.4266967773438,727.43408203125,-1,-1,1,-1,-1,-1
2413,42,586.137451171875,720.435791015625,-1,-1,1,-1,-1,-1
2414,42,607.1360473632812,706.16015625,-1,-1,1,-1,-1,-1
2415,42,628.32666015625,699.054931640625,-1,-1,1,-1,-1,-1
2416,42,656.7742919921875,684.6529541015625,-1,-1,1,-1,-1,-1
2417,42,678.21923828125,677.6458740234375,-1,-1,1,-1,-1,-1
2423,42,884.2205810546875,627.924072265625,-1,-1,1,-1,-1,-1
2424,42,933.9681396484375,635.0897827148438,-1,-1,1,-1,-1,-1
2425,42,976.5466918945312,642.2821655273438,-1,-1,1,-1,-1,-1
2426,42,1019.0672607421875,649.60400390625,-1,-1,1,-1,-1,-1
2427,42,1061.731689453125,656.633056640625,-1,-1,1,-1,-1,-1
2428,42,1097.425537109375,656.1893310546875,-1,-1,1,-1,-1,-1
2429,42,1132.786865234375,663.4078369140625,-1,-1,1,-1,-1,-1
2430,42,1161.15771484375,663.370849609375,-1,-1,1,-1,-1,-1
2431,42,1196.63916015625,677.6207885742188,-1,-1,1,-1,-1,-1
2432,42,1232.277587890625,691.7035522460938,-1,-1,1,-1,-1,-1
2433,42,1267.92919921875,698.6448364257812,-1,-1,1,-1,-1,-1
2434,42,1310.79052734375,705.6121826171875,-1,-1,1,-1,-1,-1
2434,43,202.26904296875,429.12042236328125,-1,-1,1,-1,-1,-1
2437,43,415.6440124511719,485.8784484863281,-1,-1,1,-1,-1,-1
2439,43,564.4053344726562,521.3933715820312,-1,-1,1,-1,-1,-1
2440,43,614.1582641601562,549.7943115234375,-1,-1,1,-1,-1,-1
2441,43,677.7674560546875,564.1683349609375,-1,-1,1,-1,-1,-1
2442,43,727.779052734375,571.587890625,-1,-1,1,-1,-1,-1
2443,43,763.6211547851562,571.140869140625,-1,-1,1,-1,-1,-1
2444,43,812.9539794921875,585.6593627929688,-1,-1,1,-1,-1,-1
2445,43,869.8048095703125,599.6256103515625,-1,-1,1,-1,-1,-1
2446,43,926.3743286132812,599.9594116210938,-1,-1,1,-1,-1,-1
2447,43,969.3723754882812,599.8535766601562,-1,-1,1,-1,-1,-1
2448,43,1025.9976806640625,628.3135986328125,-1,-1,1,-1,-1,-1
2449,43,1097.2423095703125,642.20458984375,-1,-1,1,-1,-1,-1
2449,44,443.6834716796875,421.64556884765625,-1,-1,1,-1,-1,-1
2450,43,1154.1246337890625,670.7486572265625,-1,-1,1,-1,-1,-1
2450,44,493.55072021484375,450.19122314453125,-1,-1,1,-1,-1,-1
2451,43,1218.1435546875,691.640869140625,-1,-1,1,-1,-1,-1
2451,44,536.156982421875,471.46142578125,-1,-1,1,-1,-1,-1
2452,43,1260.2789306640625,706.114990234375,-1,-1,1,-1,-1,-1
2452,44,571.7490234375,493.10772705078125,-1,-1,1,-1,-1,-1
2453,43,1303.19384765625,720.4384765625,-1,-1,1,-1,-1,-1
2453,44,606.9764404296875,507.3760070800781,-1,-1,1,-1,-1,-1
2454,43,1352.8406982421875,734.8818359375,-1,-1,1,-1,-1,-1
2454,44,656.5614013671875,521.6139526367188,-1,-1,1,-1,-1,-1
2455,43,1403.1407470703125,741.729248046875,-1,-1,1,-1,-1,-1
2455,44,678.03955078125,542.6932373046875,-1,-1,1,-1,-1,-1
2456,43,1459.9765625,734.4454956054688,-1,-1,1,-1,-1,-1
2456,44,720.611328125,549.6461791992188,-1,-1,1,-1,-1,-1
2457,43,1509.896728515625,734.3187255859375,-1,-1,1,-1,-1,-1
2457,44,756.17431640625,549.8062133789062,-1,-1,1,-1,-1,-1
2458,43,1552.4029541015625,727.380859375,-1,-1,1,-1,-1,-1
2458,44,806.2283935546875,542.7313842773438,-1,-1,1,-1,-1,-1
2459,43,1595.22998046875,727.2342529296875,-1,-1,1,-1,-1,-1
2459,44,834.130126953125,557.0275268554688,-1,-1,1,-1,-1,-1
2460,43,1616.35595703125,741.3515014648438,-1,-1,1,-1,-1,-1
2460,44,870.052001953125,556.9588623046875,-1,-1,1,-1,-1,-1
2461,44,912.8544921875,571.0035400390625,-1,-1,1,-1,-1,-1
2462,44,955.240478515625,578.3495483398438,-1,-1,1,-1,-1,-1
2463,44,990.4478759765625,571.1882934570312,-1,-1,1,-1,-1,-1
2464,44,976.290283203125,592.5045166015625,-1,-1,1,-1,-1,-1
2467,44,1175.782958984375,549.5872802734375,-1,-1,1,-1,-1,-1
2468,44,1232.3564453125,585.4580078125,-1,-1,1,-1,-1,-1
2469,44,1289.1947021484375,571.0682373046875,-1,-1,1,-1,-1,-1
2474,45,1686.9210205078125,592.5048217773438,-1,-1,1,-1,-1,-1
2475,45,1765.4951171875,578.1459350585938,-1,-1,1,-1,-1,-1
2476,45,1822.03955078125,571.0315551757812,-1,-1,1,-1,-1,-1
2477,45,1850.6519775390625,599.8394775390625,-1,-1,1,-1,-1,-1
2477,46,1183.1044921875,592.47509765625,-1,-1,1,-1,-1,-1
2478,45,1864.583740234375,606.9901123046875,-1,-1,1,-1,-1,-1
2478,46,1239.696533203125,620.3485107421875,-1,-1,1,-1,-1,-1
2479,46,1310.7081298828125,620.2767333984375,-1,-1,1,-1,-1,-1
2479,47,564.6288452148438,677.4765014648438,-1,-1,1,-1,-1,-1
2480,46,1388.887451171875,606.17626953125,-1,-1,1,-1,-1,-1
2480,47,628.4248046875,656.3370971679688,-1,-1,1,-1,-1,-1
2481,46,1453.593994140625,592.3134765625,-1,-1,1,-1,-1,-1
2482,46,1517.3291015625,599.5400390625,-1,-1,1,-1,-1,-1
2483,46,1588.38623046875,592.3089599609375,-1,-1,1,-1,-1,-1
2483,47,777.2582397460938,685.1434326171875,-1,-1,1,-1,-1,-1
2484,47,841.25439453125,670.809814453125,-1,-1,1,-1,-1,-1
2485,47,891.3456420898438,691.8632202148438,-1,-1,1,-1,-1,-1
2486,47,940.6548461914062,699.197998046875,-1,-1,1,-1,-1,-1
2487,47,997.6718139648438,706.1864013671875,-1,-1,1,-1,-1,-1
2488,47,1047.083251953125,713.2172241210938,-1,-1,1,-1,-1,-1
2489,47,1097.267822265625,699.026123046875,-1,-1,1,-1,-1,-1
2490,47,1140.080078125,699.1236572265625,-1,-1,1,-1,-1,-1
2491,47,1168.659912109375,699.4360961914062,-1,-1,1,-1,-1,-1
2492,47,1225.6007080078125,692.2552490234375,-1,-1,1,-1,-1,-1
2493,47,1324.582275390625,691.792236328125,-1,-1,1,-1,-1,-1
2494,47,1339.1884765625,692.4947509765625,-1,-1,1,-1,-1,-1
2495,47,1403.53759765625,684.7608642578125,-1,-1,1,-1,-1,-1
2497,47,1544.969970703125,649.4305419921875,-1,-1,1,-1,-1,-1
2533,48,372.5789794921875,748.446533203125,-1,-1,1,-1,-1,-1
2534,48,408.1590576171875,755.6234130859375,-1,-1,1,-1,-1,-1
2535,48,458.0063171386719,755.57568359375,-1,-1,1,-1,-1,-1
2536,48,500.4350891113281,755.4581909179688,-1,-1,1,-1,-1,-1
2537,48,550.132568359375,762.696533203125,-1,-1,1,-1,-1,-1
2538,48,593.0881958007812,776.807861328125,-1,-1,1,-1,-1,-1
2539,48,642.7759399414062,784.1383056640625,-1,-1,1,-1,-1,-1
2540,48,692.3604736328125,776.9987182617188,-1,-1,1,-1,-1,-1
2541,48,734.9281005859375,791.130615234375,-1,-1,1,-1,-1,-1
2550,48,1325.103759765625,918.83984375,-1,-1,1,-1,-1,-1
2550,49,407.66009521484375,478.7934875488281,-1,-1,1,-1,-1,-1
2551,49,464.72430419921875,542.53173828125,-1,-1,1,-1,-1,-1
2552,49,486.33599853515625,549.3013305664062,-1,-1,1,-1,-1,-1
2553,49,514.8897705078125,549.3678588867188,-1,-1,1,-1,-1,-1
2554,49,550.4569091796875,549.3212890625,-1,-1,1,-1,-1,-1
2555,49,592.7408447265625,549.4336547851562,-1,-1,1,-1,-1,-1
2556,49,635.5413208007812,556.657958984375,-1,-1,1,-1,-1,-1
2557,49,664.1453247070312,556.2756958007812,-1,-1,1,-1,-1,-1
2558,49,699.740234375,556.353271484375,-1,-1,1,-1,-1,-1
2559,49,728.036865234375,570.713134765625,-1,-1,1,-1,-1,-1
2560,49,756.0205078125,570.9254150390625,-1,-1,1,-1,-1,-1
2561,49,777.342041015625,570.693603515625,-1,-1,1,-1,-1,-1
2562,49,798.6560668945312,570.9478759765625,-1,-1,1,-1,-1,-1
2563,49,827.1785888671875,585.220703125,-1,-1,1,-1,-1,-1
2564,49,855.4141845703125,592.2694091796875,-1,-1,1,-1,-1,-1
2565,49,890.9468994140625,606.3953247070312,-1,-1,1,-1,-1,-1
2565,50,1097.6817626953125,741.9852294921875,-1,-1,1,-1,-1,-1
2566,49,926.5042724609375,599.3076171875,-1,-1,1,-1,-1,-1
2567,49,955.0941772460938,613.4947509765625,-1,-1,1,-1,-1,-1
2567,50,1182.846435546875,756.8997192382812,-1,-1,1,-1,-1,-1
2568,49,997.423828125,628.008056640625,-1,-1,1,-1,-1,-1
2568,50,1211.3524169921875,764.2320556640625,-1,-1,1,-1,-1,-1
2569,49,1040.0621337890625,642.091064453125,-1,-1,1,-1,-1,-1
2570,49,1082.93017578125,656.328369140625,-1,-1,1,-1,-1,-1
2571,49,1146.795166015625,670.6218872070312,-1,-1,1,-1,-1,-1
2572,49,1204.010986328125,670.4228515625,-1,-1,1,-1,-1,-1
2573,49,1253.524658203125,677.6831665039062,-1,-1,1,-1,-1,-1
2573,50,1502.4716796875,813.7681884765625,-1,-1,1,-1,-1,-1
2574,49,1310.1065673828125,677.7720947265625,-1,-1,1,-1,-1,-1
2574,50,1565.9783935546875,848.3128662109375,-1,-1,1,-1,-1,-1
2575,49,1360.000244140625,677.58642578125,-1,-1,1,-1,-1,-1
2576,49,1416.836669921875,677.7646484375,-1,-1,1,-1,-1,-1
2577,49,1473.577880859375,656.3543090820312,-1,-1,1,-1,-1,-1
2581,49,1744.1553955078125,678.3265991210938,-1,-1,1,-1,-1,-1
2582,49,1786.41845703125,685.4180297851562,-1,-1,1,-1,-1,-1
2618,51,53.127132415771484,578.0736694335938,-1,-1,1,-1,-1,-1
2619,51,81.36653900146484,585.1697387695312,-1,-1,1,-1,-1,-1
2620,51,109.6794662475586,599.4107666015625,-1,-1,1,-1,-1,-1
2621,51,145.30421447753906,606.4304809570312,-1,-1,1,-1,-1,-1
2622,51,159.56430053710938,620.5938720703125,-1,-1,1,-1,-1,-1
2623,51,187.92295837402344,634.7382202148438,-1,-1,1,-1,-1,-1
2624,51,202.29656982421875,649.0999755859375,-1,-1,1,-1,-1,-1
2625,51,216.61932373046875,656.2359619140625,-1,-1,1,-1,-1,-1
2626,51,223.48776245117188,670.3364868164062,-1,-1,1,-1,-1,-1
2627,51,230.75009155273438,677.5306396484375,-1,-1,1,-1,-1,-1
2628,51,237.90977478027344,684.662109375,-1,-1,1,-1,-1,-1
2629,51,252.10504150390625,698.7081298828125,-1,-1,1,-1,-1,-1
2630,51,266.1798400878906,712.7593994140625,-1,-1,1,-1,-1,-1
2631,51,280.3831481933594,719.9898681640625,-1,-1,1,-1,-1,-1
2632,51,301.6127014160156,719.843994140625,-1,-1,1,-1,-1,-1
2633,51,322.9936828613281,727.1844482421875,-1,-1,1,-1,-1,-1
2634,51,344.2430419921875,734.34033203125,-1,-1,1,-1,-1,-1
2635,51,365.5325927734375,741.287841796875,-1,-1,1,-1,-1,-1
2636,51,394.05615234375,741.4825439453125,-1,-1,1,-1,-1,-1
2637,51,415.1709899902344,748.5429077148438,-1,-1,1,-1,-1,-1
2637,52,657.1626586914062,678.4949951171875,-1,-1,1,-1,-1,-1
2638,51,443.7518615722656,748.49462890625,-1,-1,1,-1,-1,-1
2639,51,472.10125732421875,748.5660400390625,-1,-1,1,-1,-1,-1
2639,52,713.82470703125,671.3914794921875,-1,-1,1,-1,-1,-1
2640,51,507.6227722167969,741.2579345703125,-1,-1,1,-1,-1,-1
2640,52,749.6442260742188,671.5164184570312,-1,-1,1,-1,-1,-1
2641,51,536.0862426757812,734.0470581054688,-1,-1,1,-1,-1,-1
2642,51,564.47216796875,741.2297973632812,-1,-1,1,-1,-1,-1
2643,51,599.9593505859375,733.9657592773438,-1,-1,1,-1,-1,-1
2644,51,621.3243408203125,726.8967895507812,-1,-1,1,-1,-1,-1
2645,51,657.1895751953125,705.5359497070312,-1,-1,1,-1,-1,-1
2646,51,692.6617431640625,698.1563720703125,-1,-1,1,-1,-1,-1
2647,51,728.0704345703125,684.1002807617188,-1,-1,1,-1,-1,-1
2648,51,756.5314331054688,684.1195068359375,-1,-1,1,-1,-1,-1
2649,51,785.0238037109375,677.0235595703125,-1,-1,1,-1,-1,-1
2650,51,820.7847900390625,677.00048828125,-1,-1,1,-1,-1,-1
2651,51,855.9564819335938,670.0035400390625,-1,-1,1,-1,-1,-1
2652,51,891.479736328125,662.9244384765625,-1,-1,1,-1,-1,-1
2653,51,920.033447265625,655.7584228515625,-1,-1,1,-1,-1,-1
2654,51,955.2872314453125,655.7051391601562,-1,-1,1,-1,-1,-1
2655,51,990.6827392578125,648.6641845703125,-1,-1,1,-1,-1,-1
2656,51,1026.3543701171875,648.6370849609375,-1,-1,1,-1,-1,-1
2657,51,1061.961669921875,641.56884765625,-1,-1,1,-1,-1,-1
2658,51,1097.443115234375,641.6888427734375,-1,-1,1,-1,-1,-1
2659,51,1132.9349365234375,634.6536865234375,-1,-1,1,-1,-1,-1
2660,51,1168.5191650390625,627.4786987304688,-1,-1,1,-1,-1,-1
2661,51,1210.9599609375,627.5547485351562,-1,-1,1,-1,-1,-1
2662,51,1246.7994384765625,620.347900390625,-1,-1,1,-1,-1,-1
2663,51,1289.157958984375,620.3011474609375,-1,-1,1,-1,-1,-1
2664,51,1324.981201171875,613.4196166992188,-1,-1,1,-1,-1,-1
2665,51,1360.248046875,613.40869140625,-1,-1,1,-1,-1,-1
2666,51,1402.958984375,613.330810546875,-1,-1,1,-1,-1,-1
2667,51,1438.534912109375,613.2672729492188,-1,-1,1,-1,-1,-1
2668,51,1473.9327392578125,613.3218994140625,-1,-1,1,-1,-1,-1
2669,51,1516.3336181640625,613.458740234375,-1,-1,1,-1,-1,-1
2670,51,1552.1871337890625,613.32763671875,-1,-1,1,-1,-1,-1
2671,51,1594.763427734375,613.2438354492188,-1,-1,1,-1,-1,-1
2672,51,1637.244140625,613.4655151367188,-1,-1,1,-1,-1,-1
2673,51,1680.305419921875,606.5031127929688,-1,-1,1,-1,-1,-1
2674,51,1722.866943359375,606.4805908203125,-1,-1,1,-1,-1,-1
2675,51,1765.384033203125,606.5000610351562,-1,-1,1,-1,-1,-1
2676,51,1808.0966796875,599.23681640625,-1,-1,1,-1,-1,-1
2677,51,1858.10595703125,592.3507690429688,-1,-1,1,-1,-1,-1
2679,53,714.0907592773438,698.30908203125,-1,-1,1,-1,-1,-1
2683,53,841.5338134765625,691.212158203125,-1,-1,1,-1,-1,-1
2687,53,969.0576171875,677.4220581054688,-1,-1,1,-1,-1,-1
2688,53,1032.733642578125,684.7069091796875,-1,-1,1,-1,-1,-1
2690,54,81.36564636230469,578.2095336914062,-1,-1,1,-1,-1,-1
2691,54,116.83805084228516,578.56396484375,-1,-1,1,-1,-1,-1
2692,54,159.1795654296875,585.2828369140625,-1,-1,1,-1,-1,-1
2693,54,194.7758331298828,578.4320678710938,-1,-1,1,-1,-1,-1
2694,54,223.27003479003906,578.4012451171875,-1,-1,1,-1,-1,-1
2695,54,251.8904266357422,578.44140625,-1,-1,1,-1,-1,-1
2696,54,287.16986083984375,585.3953247070312,-1,-1,1,-1,-1,-1
2697,54,308.63983154296875,585.3411865234375,-1,-1,1,-1,-1,-1
2700,54,358.76641845703125,592.3347778320312,-1,-1,1,-1,-1,-1
2701,54,379.7370300292969,599.4732666015625,-1,-1,1,-1,-1,-1
2702,54,386.93646240234375,585.0560302734375,-1,-1,1,-1,-1,-1
2706,54,514.91748046875,606.8487548828125,-1,-1,1,-1,-1,-1
2707,54,529.1689453125,620.6822509765625,-1,-1,1,-1,-1,-1
2708,54,543.418701171875,620.7716674804688,-1,-1,1,-1,-1,-1
2709,54,564.7886962890625,628.0604248046875,-1,-1,1,-1,-1,-1
2710,54,586.0814208984375,620.6396484375,-1,-1,1,-1,-1,-1
2710,55,685.5235595703125,605.5161743164062,-1,-1,1,-1,-1,-1
2711,54,607.4625854492188,628.0428466796875,-1,-1,1,-1,-1,-1
2712,54,635.705322265625,628.0614013671875,-1,-1,1,-1,-1,-1
2712,55,735.3126831054688,605.50830078125,-1,-1,1,-1,-1,-1
2713,54,671.2020263671875,627.9052124023438,-1,-1,1,-1,-1,-1
2713,55,756.606689453125,605.8946533203125,-1,-1,1,-1,-1,-1
2714,54,699.7293701171875,627.9284057617188,-1,-1,1,-1,-1,-1
2714,55,784.9505615234375,613.0634155273438,-1,-1,1,-1,-1,-1
2715,54,720.9229736328125,634.9776611328125,-1,-1,1,-1,-1,-1
2716,54,749.4157104492188,642.0885009765625,-1,-1,1,-1,-1,-1
2717,54,770.7017211914062,642.0443115234375,-1,-1,1,-1,-1,-1
2717,55,856.3533935546875,641.3453369140625,-1,-1,1,-1,-1,-1
2718,54,798.98779296875,649.3441162109375,-1,-1,1,-1,-1,-1
2719,54,813.434326171875,649.197265625,-1,-1,1,-1,-1,-1
2719,55,906.0633544921875,634.1754150390625,-1,-1,1,-1,-1,-1
2720,54,841.6448974609375,648.9965209960938,-1,-1,1,-1,-1,-1
2720,55,934.442626953125,634.4389038085938,-1,-1,1,-1,-1,-1
2721,54,870.17822265625,649.0289306640625,-1,-1,1,-1,-1,-1
2722,54,905.6597900390625,649.0281982421875,-1,-1,1,-1,-1,-1
2723,54,941.2698364257812,656.3768310546875,-1,-1,1,-1,-1,-1
2724,54,976.6812744140625,649.159912109375,-1,-1,1,-1,-1,-1
2725,54,1005.1719360351562,649.1032104492188,-1,-1,1,-1,-1,-1
2726,54,1040.475830078125,649.2161865234375,-1,-1,1,-1,-1,-1
2727,54,1075.9688720703125,649.210693359375,-1,-1,1,-1,-1,-1
2728,54,1118.725830078125,649.2564086914062,-1,-1,1,-1,-1,-1
2729,54,1154.340087890625,649.2632446289062,-1,-1,1,-1,-1,-1
2730,54,1190.042236328125,649.2045288085938,-1,-1,1,-1,-1,-1
2731,54,1218.37158203125,649.07568359375,-1,-1,1,-1,-1,-1
2732,54,1253.849853515625,656.3352661132812,-1,-1,1,-1,-1,-1
2733,54,1282.207275390625,656.413818359375,-1,-1,1,-1,-1,-1
2734,54,1317.6494140625,656.257568359375,-1,-1,1,-1,-1,-1
2735,54,1346.164794921875,656.2513427734375,-1,-1,1,-1,-1,-1
2736,54,1381.7354736328125,656.2914428710938,-1,-1,1,-1,-1,-1
2737,54,1417.2100830078125,656.2926025390625,-1,-1,1,-1,-1,-1
2738,54,1452.837158203125,656.36962890625,-1,-1,1,-1,-1,-1
2739,54,1481.2801513671875,656.1979370117188,-1,-1,1,-1,-1,-1
2740,54,1509.58935546875,663.574951171875,-1,-1,1,-1,-1,-1
2741,54,1538.052978515625,663.5443725585938,-1,-1,1,-1,-1,-1
2742,54,1566.4326171875,663.60205078125,-1,-1,1,-1,-1,-1
2743,54,1602.1815185546875,656.1849365234375,-1,-1,1,-1,-1,-1
2744,54,1637.69677734375,656.2637939453125,-1,-1,1,-1,-1,-1
2745,54,1665.943115234375,656.3223876953125,-1,-1,1,-1,-1,-1
2746,54,1701.724853515625,648.9486694335938,-1,-1,1,-1,-1,-1
2747,54,1729.958740234375,649.069580078125,-1,-1,1,-1,-1,-1
2748,54,1765.521484375,648.9121704101562,-1,-1,1,-1,-1,-1
2749,54,1793.86279296875,649.1375732421875,-1,-1,1,-1,-1,-1
2750,54,1829.23486328125,649.0748291015625,-1,-1,1,-1,-1,-1
2751,54,1857.474853515625,649.1380615234375,-1,-1,1,-1,-1,-1
2805,56,571.4935302734375,735.3839111328125,-1,-1,1,-1,-1,-1
2809,56,685.5845947265625,742.351806640625,-1,-1,1,-1,-1,-1
2812,56,763.77001953125,749.5325927734375,-1,-1,1,-1,-1,-1
2813,56,785.0904541015625,749.4789428710938,-1,-1,1,-1,-1,-1
2817,56,905.8845825195312,756.138427734375,-1,-1,1,-1,-1,-1
2818,56,934.297119140625,756.0426025390625,-1,-1,1,-1,-1,-1
2820,56,1012.4488525390625,770.0868530273438,-1,-1,1,-1,-1,-1
2824,56,1168.8577880859375,769.81396484375,-1,-1,1,-1,-1,-1
2828,56,1360.99658203125,755.8685302734375,-1,-1,1,-1,-1,-1
2837,57,1403.43994140625,727.0667724609375,-1,-1,1,-1,-1,-1
2839,57,1495.85986328125,727.0030517578125,-1,-1,1,-1,-1,-1
2840,57,1545.364990234375,719.9586181640625,-1,-1,1,-1,-1,-1
2841,57,1595.139892578125,719.9356689453125,-1,-1,1,-1,-1,-1
2842,57,1644.857421875,719.9380493164062,-1,-1,1,-1,-1,-1
2843,57,1694.8603515625,727.0675048828125,-1,-1,1,-1,-1,-1
2886,58,628.0712890625,776.7977294921875,-1,-1,1,-1,-1,-1
2890,58,778.21435546875,897.9949951171875,-1,-1,1,-1,-1,-1
2894,58,948.8917236328125,905.03125,-1,-1,1,-1,-1,-1
2896,58,1048.073486328125,912.27587890625,-1,-1,1,-1,-1,-1
2897,58,1097.82568359375,912.0572509765625,-1,-1,1,-1,-1,-1
2899,58,1197.1463623046875,919.17333984375,-1,-1,1,-1,-1,-1
2900,58,1253.9736328125,919.24267578125,-1,-1,1,-1,-1,-1
2901,58,1310.5567626953125,919.2899780273438,-1,-1,1,-1,-1,-1
2913,59,1104.697998046875,805.2484130859375,-1,-1,1,-1,-1,-1
2914,59,1147.403076171875,798.0657958984375,-1,-1,1,-1,-1,-1
2915,59,1189.823974609375,805.1865844726562,-1,-1,1,-1,-1,-1
2918,59,1324.761962890625,805.25390625,-1,-1,1,-1,-1,-1
2919,59,1367.4556884765625,805.27392578125,-1,-1,1,-1,-1,-1
2920,59,1424.24853515625,805.105224609375,-1,-1,1,-1,-1,-1
2921,59,1474.0970458984375,812.152099609375,-1,-1,1,-1,-1,-1
2922,59,1523.980712890625,812.2060546875,-1,-1,1,-1,-1,-1
2923,59,1566.281494140625,812.23388671875,-1,-1,1,-1,-1,-1
2925,59,1673.117919921875,819.2327880859375,-1,-1,1,-1,-1,-1
3006,60,827.5020751953125,662.97900390625,-1,-1,1,-1,-1,-1
3007,60,855.9409790039062,663.1009521484375,-1,-1,1,-1,-1,-1
3008,60,877.3292846679688,663.149169921875,-1,-1,1,-1,-1,-1
3009,60,905.6219482421875,662.9854736328125,-1,-1,1,-1,-1,-1
3028,60,1275.8880615234375,662.791015625,-1,-1,1,-1,-1,-1
3047,61,1175.22509765625,606.556640625,-1,-1,1,-1,-1,-1
3048,61,1210.995361328125,599.5128173828125,-1,-1,1,-1,-1,-1
3049,61,1253.4892578125,599.4244995117188,-1,-1,1,-1,-1,-1
3050,61,1288.875732421875,599.48388671875,-1,-1,1,-1,-1,-1
3051,61,1331.551513671875,592.3028564453125,-1,-1,1,-1,-1,-1
3052,61,1374.229736328125,585.013916015625,-1,-1,1,-1,-1,-1
3053,61,1416.9298095703125,585.2099609375,-1,-1,1,-1,-1,-1
3054,61,1452.49853515625,578.05908203125,-1,-1,1,-1,-1,-1
3055,61,1495.083740234375,578.0706176757812,-1,-1,1,-1,-1,-1
3056,61,1537.7119140625,578.204345703125,-1,-1,1,-1,-1,-1
3058,61,1630.053466796875,570.9898071289062,-1,-1,1,-1,-1,-1
3059,61,1672.8067626953125,571.1963500976562,-1,-1,1,-1,-1,-1
3143,62,621.4721069335938,563.9573974609375,-1,-1,1,-1,-1,-1
3143,63,564.47509765625,542.67431640625,-1,-1,1,-1,-1,-1
3144,63,592.924560546875,542.5655517578125,-1,-1,1,-1,-1,-1
3145,62,671.0855712890625,563.8623046875,-1,-1,1,-1,-1,-1
3145,63,614.0706787109375,542.5584106445312,-1,-1,1,-1,-1,-1
3146,62,699.6331787109375,563.8980712890625,-1,-1,1,-1,-1,-1
3146,63,635.61083984375,542.40576171875,-1,-1,1,-1,-1,-1
3147,63,664.0673828125,542.4954833984375,-1,-1,1,-1,-1,-1
3148,62,685.3530883789062,542.450439453125,-1,-1,1,-1,-1,-1
3148,63,642.890625,635.31494140625,-1,-1,1,-1,-1,-1
3149,62,671.2294921875,642.366455078125,-1,-1,1,-1,-1,-1
3149,63,621.453857421875,571.011962890625,-1,-1,1,-1,-1,-1
3150,62,727.7896728515625,549.6599731445312,-1,-1,1,-1,-1,-1
3150,63,692.5406494140625,635.1243896484375,-1,-1,1,-1,-1,-1
3152,62,742.100341796875,649.186279296875,-1,-1,1,-1,-1,-1
3152,63,685.3314819335938,578.19677734375,-1,-1,1,-1,-1,-1
3153,62,791.9048461914062,556.6719970703125,-1,-1,1,-1,-1,-1
3154,62,813.1681518554688,563.8602905273438,-1,-1,1,-1,-1,-1
3155,62,799.0481567382812,648.9082641601562,-1,-1,1,-1,-1,-1
3156,63,763.44189453125,585.18994140625,-1,-1,1,-1,-1,-1
3157,62,848.6649780273438,656.3873901367188,-1,-1,1,-1,-1,-1
3158,62,869.949462890625,656.199462890625,-1,-1,1,-1,-1,-1
3158,63,805.9740600585938,592.3473510742188,-1,-1,1,-1,-1,-1
3159,62,891.2380981445312,656.0704956054688,-1,-1,1,-1,-1,-1
3159,63,827.3345947265625,592.3345947265625,-1,-1,1,-1,-1,-1
3160,62,912.6363525390625,656.025390625,-1,-1,1,-1,-1,-1
3161,62,941.1756591796875,656.2603759765625,-1,-1,1,-1,-1,-1
3169,62,1133.048583984375,641.9247436523438,-1,-1,1,-1,-1,-1
3169,63,1033.64794921875,571.0235595703125,-1,-1,1,-1,-1,-1
3172,63,1111.6904296875,570.913330078125,-1,-1,1,-1,-1,-1
3173,63,1140.051025390625,570.9098510742188,-1,-1,1,-1,-1,-1
3175,63,1196.9095458984375,563.74365234375,-1,-1,1,-1,-1,-1
3176,63,1310.5400390625,535.1777954101562,-1,-1,1,-1,-1,-1
3177,62,1331.888427734375,535.3512573242188,-1,-1,1,-1,-1,-1
3177,63,1253.786376953125,563.8243408203125,-1,-1,1,-1,-1,-1
3188,64,756.8060302734375,791.2652587890625,-1,-1,1,-1,-1,-1
3188,65,436.80523681640625,550.0804443359375,-1,-1,1,-1,-1,-1
3189,65,458.181396484375,557.1765747070312,-1,-1,1,-1,-1,-1
3190,65,479.3194580078125,557.2732543945312,-1,-1,1,-1,-1,-1
3191,65,507.77862548828125,556.9873657226562,-1,-1,1,-1,-1,-1
3192,65,529.252197265625,557.1270751953125,-1,-1,1,-1,-1,-1
3193,65,557.4843139648438,557.1325073242188,-1,-1,1,-1,-1,-1
3194,65,585.9739990234375,550.2234497070312,-1,-1,1,-1,-1,-1
3195,65,607.3226318359375,557.3074951171875,-1,-1,1,-1,-1,-1
3195,66,585.9136962890625,826.835693359375,-1,-1,1,-1,-1,-1
3196,65,635.681396484375,557.3446044921875,-1,-1,1,-1,-1,-1
3197,65,657.1402587890625,557.3341674804688,-1,-1,1,-1,-1,-1
3197,66,678.837890625,840.78759765625,-1,-1,1,-1,-1,-1
3198,65,685.4533081054688,550.3687744140625,-1,-1,1,-1,-1,-1
3199,65,713.7669067382812,550.3355712890625,-1,-1,1,-1,-1,-1
3199,66,699.4832763671875,734.437744140625,-1,-1,1,-1,-1,-1
3200,65,742.13720703125,550.2848510742188,-1,-1,1,-1,-1,-1
3200,66,735.0986938476562,741.3840942382812,-1,-1,1,-1,-1,-1
3201,65,756.528076171875,543.288330078125,-1,-1,1,-1,-1,-1
3201,66,770.720458984375,748.59375,-1,-1,1,-1,-1,-1
3202,65,784.6781616210938,549.97021484375,-1,-1,1,-1,-1,-1
3202,66,813.2982177734375,748.58740234375,-1,-1,1,-1,-1,-1
3203,65,799.14794921875,543.332275390625,-1,-1,1,-1,-1,-1
3203,66,848.920654296875,748.52734375,-1,-1,1,-1,-1,-1
3204,64,1481.440673828125,783.9945068359375,-1,-1,1,-1,-1,-1
3204,65,827.300537109375,550.2340698242188,-1,-1,1,-1,-1,-1
3204,66,891.5211181640625,755.568359375,-1,-1,1,-1,-1,-1
3205,65,848.768798828125,550.0538940429688,-1,-1,1,-1,-1,-1
3205,66,934.3260498046875,755.63525390625,-1,-1,1,-1,-1,-1
3206,65,877.2265625,557.2015991210938,-1,-1,1,-1,-1,-1
3206,66,976.7061767578125,762.702392578125,-1,-1,1,-1,-1,-1
3207,66,1026.4755859375,769.9097900390625,-1,-1,1,-1,-1,-1
3208,66,1069.1612548828125,769.7303466796875,-1,-1,1,-1,-1,-1
3209,66,1119.18994140625,769.8290405273438,-1,-1,1,-1,-1,-1
3210,66,1161.7711181640625,769.8388061523438,-1,-1,1,-1,-1,-1
3211,64,1815.2481689453125,819.6453857421875,-1,-1,1,-1,-1,-1
3211,66,1197.0933837890625,762.520263671875,-1,-1,1,-1,-1,-1
3211,67,1403.297607421875,649.8246459960938,-1,-1,1,-1,-1,-1
3212,66,1239.649169921875,762.5855712890625,-1,-1,1,-1,-1,-1
3212,67,1431.6055908203125,649.63037109375,-1,-1,1,-1,-1,-1
3213,66,1282.3294677734375,762.629638671875,-1,-1,1,-1,-1,-1
3213,67,1467.05029296875,656.9703979492188,-1,-1,1,-1,-1,-1
3214,66,1331.9237060546875,762.7413330078125,-1,-1,1,-1,-1,-1
3214,67,1488.46923828125,649.600341796875,-1,-1,1,-1,-1,-1
3215,66,1374.6395263671875,762.7259521484375,-1,-1,1,-1,-1,-1
3215,67,1537.8046875,649.5921630859375,-1,-1,1,-1,-1,-1
3216,66,1417.28369140625,762.7705078125,-1,-1,1,-1,-1,-1
3217,67,1601.812255859375,649.83642578125,-1,-1,1,-1,-1,-1
3219,67,1687.431396484375,649.74853515625,-1,-1,1,-1,-1,-1
3220,67,1715.8114013671875,649.7823486328125,-1,-1,1,-1,-1,-1
3220,68,422.2861633300781,606.6453857421875,-1,-1,1,-1,-1,-1
3221,68,457.93829345703125,599.7127075195312,-1,-1,1,-1,-1,-1
3222,68,493.45318603515625,599.5816650390625,-1,-1,1,-1,-1,-1
3223,65,1289.58837890625,564.2676391601562,-1,-1,1,-1,-1,-1
3225,68,621.295654296875,585.3433227539062,-1,-1,1,-1,-1,-1
3226,65,1424.46142578125,556.7798461914062,-1,-1,1,-1,-1,-1
3227,68,720.71875,585.328369140625,-1,-1,1,-1,-1,-1
3228,68,770.5441284179688,578.1832275390625,-1,-1,1,-1,-1,-1
3229,65,1537.9091796875,542.5008544921875,-1,-1,1,-1,-1,-1
3235,68,1047.5838623046875,613.955810546875,-1,-1,1,-1,-1,-1
3236,68,1097.55810546875,606.6649169921875,-1,-1,1,-1,-1,-1
3237,68,1154.10986328125,606.7105712890625,-1,-1,1,-1,-1,-1
3238,68,1204.065673828125,599.670654296875,-1,-1,1,-1,-1,-1
3239,68,1253.93798828125,599.6393432617188,-1,-1,1,-1,-1,-1
3240,68,1310.857421875,592.3540649414062,-1,-1,1,-1,-1,-1
3241,68,1360.5078125,592.4141845703125,-1,-1,1,-1,-1,-1
3242,68,1410.265869140625,585.2789306640625,-1,-1,1,-1,-1,-1
3247,68,1694.04296875,542.6090698242188,-1,-1,1,-1,-1,-1
3387,69,88.4758071899414,642.3431396484375,-1,-1,1,-1,-1,-1
3388,69,116.7418212890625,649.3748779296875,-1,-1,1,-1,-1,-1
3389,69,152.28533935546875,649.43505859375,-1,-1,1,-1,-1,-1
3390,69,152.25448608398438,649.4658203125,-1,-1,1,-1,-1,-1
3394,69,308.84539794921875,649.3175659179688,-1,-1,1,-1,-1,-1
3395,69,337.2502136230469,649.35107421875,-1,-1,1,-1,-1,-1
3396,69,365.5452880859375,649.3340454101562,-1,-1,1,-1,-1,-1
3397,69,401.25640869140625,649.0975341796875,-1,-1,1,-1,-1,-1
3398,69,429.7811279296875,641.9481811523438,-1,-1,1,-1,-1,-1
3399,69,465.1724853515625,648.9713134765625,-1,-1,1,-1,-1,-1
3400,69,493.50396728515625,649.1475219726562,-1,-1,1,-1,-1,-1
3401,69,521.8848876953125,649.2586059570312,-1,-1,1,-1,-1,-1
3402,69,557.5948486328125,649.1302490234375,-1,-1,1,-1,-1,-1
3403,69,586.1044311523438,649.090087890625,-1,-1,1,-1,-1,-1
3404,69,614.2805786132812,642.1842041015625,-1,-1,1,-1,-1,-1
3405,69,649.9771728515625,649.3048706054688,-1,-1,1,-1,-1,-1
3406,69,677.9501953125,642.323486328125,-1,-1,1,-1,-1,-1
3407,69,713.65185546875,642.30029296875,-1,-1,1,-1,-1,-1
3407,70,586.7611083984375,720.6098022460938,-1,-1,1,-1,-1,-1
3408,69,741.8052978515625,642.3229370117188,-1,-1,1,-1,-1,-1
3409,69,770.23095703125,635.2568359375,-1,-1,1,-1,-1,-1
3409,70,665.3072509765625,719.7664794921875,-1,-1,1,-1,-1,-1
3410,69,805.682373046875,635.1378173828125,-1,-1,1,-1,-1,-1
3411,69,834.1922607421875,628.0982055664062,-1,-1,1,-1,-1,-1
3412,69,862.5845947265625,628.056884765625,-1,-1,1,-1,-1,-1
3413,69,890.984619140625,628.0855102539062,-1,-1,1,-1,-1,-1
3414,69,919.208251953125,628.1439819335938,-1,-1,1,-1,-1,-1
3415,69,947.661376953125,628.2122802734375,-1,-1,1,-1,-1,-1
3416,69,976.0838623046875,628.114013671875,-1,-1,1,-1,-1,-1
3417,69,997.2960205078125,628.2161865234375,-1,-1,1,-1,-1,-1
3418,69,1018.8487548828125,635.2167358398438,-1,-1,1,-1,-1,-1
3419,69,1040.221923828125,635.26220703125,-1,-1,1,-1,-1,-1
3419,70,1019.1680297851562,635.2318115234375,-1,-1,1,-1,-1,-1
3420,69,1068.574951171875,635.4550170898438,-1,-1,1,-1,-1,-1
3420,70,1040.4564208984375,635.3689575195312,-1,-1,1,-1,-1,-1
3421,70,1068.947998046875,649.413818359375,-1,-1,1,-1,-1,-1
3422,70,1090.4561767578125,670.4197387695312,-1,-1,1,-1,-1,-1
3423,70,1118.90380859375,670.3181762695312,-1,-1,1,-1,-1,-1
3424,70,1147.3822021484375,670.387451171875,-1,-1,1,-1,-1,-1
3425,70,1161.828369140625,670.149169921875,-1,-1,1,-1,-1,-1
3426,70,1196.85986328125,663.2730712890625,-1,-1,1,-1,-1,-1
3427,70,1225.3070068359375,656.2875366210938,-1,-1,1,-1,-1,-1
3428,70,1253.677490234375,656.1837768554688,-1,-1,1,-1,-1,-1
3429,70,1282.2392578125,656.4310913085938,-1,-1,1,-1,-1,-1
3430,70,1325.210693359375,662.9136962890625,-1,-1,1,-1,-1,-1
3431,70,1381.873779296875,649.306396484375,-1,-1,1,-1,-1,-1
3433,70,1474.302001953125,656.0584106445312,-1,-1,1,-1,-1,-1
3435,70,1566.971435546875,648.9044799804688,-1,-1,1,-1,-1,-1
3438,71,1133.51220703125,748.5628662109375,-1,-1,1,-1,-1,-1
3439,71,1182.8095703125,741.6310424804688,-1,-1,1,-1,-1,-1
3440,71,1239.6221923828125,734.5654296875,-1,-1,1,-1,-1,-1
3441,70,1801.193603515625,557.200927734375,-1,-1,1,-1,-1,-1
3441,71,1296.458251953125,734.7808837890625,-1,-1,1,-1,-1,-1
3442,70,1829.854736328125,542.48828125,-1,-1,1,-1,-1,-1
3442,71,1353.23486328125,734.6932373046875,-1,-1,1,-1,-1,-1
3443,70,1850.438232421875,535.688232421875,-1,-1,1,-1,-1,-1
3443,71,1410.298095703125,727.539794921875,-1,-1,1,-1,-1,-1
3458,72,458.2293701171875,627.919677734375,-1,-1,1,-1,-1,-1
3459,72,493.59820556640625,627.7542724609375,-1,-1,1,-1,-1,-1
3460,72,522.0794067382812,620.82861328125,-1,-1,1,-1,-1,-1
3461,72,557.68798828125,620.65673828125,-1,-1,1,-1,-1,-1
3462,72,586.0106201171875,613.6806640625,-1,-1,1,-1,-1,-1
3463,72,614.4857788085938,613.6256713867188,-1,-1,1,-1,-1,-1
3464,72,650.0035400390625,606.703369140625,-1,-1,1,-1,-1,-1
3465,72,671.186279296875,606.5899047851562,-1,-1,1,-1,-1,-1
3466,72,699.5906982421875,606.3887329101562,-1,-1,1,-1,-1,-1
3467,72,728.2684326171875,599.5197143554688,-1,-1,1,-1,-1,-1
3468,72,763.7965087890625,592.383056640625,-1,-1,1,-1,-1,-1
3469,72,792.2150268554688,592.3953247070312,-1,-1,1,-1,-1,-1
3470,72,820.612548828125,592.2740478515625,-1,-1,1,-1,-1,-1
3472,72,877.4437866210938,585.3349609375,-1,-1,1,-1,-1,-1
3473,72,905.957275390625,585.2618408203125,-1,-1,1,-1,-1,-1
3474,72,934.3140869140625,585.0943603515625,-1,-1,1,-1,-1,-1
3475,72,962.8024291992188,578.180419921875,-1,-1,1,-1,-1,-1
3480,72,1097.674072265625,578.0877075195312,-1,-1,1,-1,-1,-1
3481,72,1126.0511474609375,571.1913452148438,-1,-1,1,-1,-1,-1
3482,72,1154.541748046875,571.1468505859375,-1,-1,1,-1,-1,-1
3483,72,1175.938720703125,571.17578125,-1,-1,1,-1,-1,-1
3484,72,1204.41796875,564.06640625,-1,-1,1,-1,-1,-1
3485,72,1232.7138671875,564.0510864257812,-1,-1,1,-1,-1,-1
3486,72,1254.01708984375,563.8783569335938,-1,-1,1,-1,-1,-1
3487,72,1282.409423828125,563.818603515625,-1,-1,1,-1,-1,-1
3488,72,1303.90380859375,563.9224243164062,-1,-1,1,-1,-1,-1
3489,72,1332.113525390625,557.0773315429688,-1,-1,1,-1,-1,-1
3491,72,1381.901611328125,564.0382080078125,-1,-1,1,-1,-1,-1
3529,73,614.5652465820312,705.865478515625,-1,-1,1,-1,-1,-1
3530,73,636.1146240234375,698.874755859375,-1,-1,1,-1,-1,-1
3531,73,664.15966796875,698.843994140625,-1,-1,1,-1,-1,-1
3532,73,699.714111328125,691.5966796875,-1,-1,1,-1,-1,-1
3533,73,728.07275390625,691.7882080078125,-1,-1,1,-1,-1,-1
3534,73,756.6430053710938,691.655517578125,-1,-1,1,-1,-1,-1
3535,73,792.1019287109375,691.5637817382812,-1,-1,1,-1,-1,-1
3536,73,827.7200927734375,691.411865234375,-1,-1,1,-1,-1,-1
3537,73,863.2494506835938,691.3610229492188,-1,-1,1,-1,-1,-1
3538,73,898.72607421875,691.4786376953125,-1,-1,1,-1,-1,-1
3540,73,962.6644287109375,691.435302734375,-1,-1,1,-1,-1,-1
3545,73,1154.09033203125,691.7267456054688,-1,-1,1,-1,-1,-1
3548,73,1274.9644775390625,691.4955444335938,-1,-1,1,-1,-1,-1
3549,73,1310.596435546875,705.96728515625,-1,-1,1,-1,-1,-1
3553,73,1502.5731201171875,727.4456787109375,-1,-1,1,-1,-1,-1
3581,74,1247.6357421875,732.8471069335938,-1,-1,1,-1,-1,-1
3583,74,1353.783447265625,783.1842651367188,-1,-1,1,-1,-1,-1
3584,74,1410.86328125,783.1919555664062,-1,-1,1,-1,-1,-1
3585,74,1467.513427734375,790.3983764648438,-1,-1,1,-1,-1,-1
3586,74,1531.548583984375,790.74462890625,-1,-1,1,-1,-1,-1
3596,75,1673.058349609375,777.1298828125,-1,-1,1,-1,-1,-1
3597,75,1729.85498046875,776.8828125,-1,-1,1,-1,-1,-1
3598,75,1786.6202392578125,776.771240234375,-1,-1,1,-1,-1,-1
3659,76,273.5550842285156,549.623046875,-1,-1,1,-1,-1,-1
3660,76,301.94140625,549.5973510742188,-1,-1,1,-1,-1,-1
3661,76,330.34588623046875,542.1875,-1,-1,1,-1,-1,-1
3662,76,365.8271789550781,549.5413818359375,-1,-1,1,-1,-1,-1
3663,76,394.25054931640625,542.2303466796875,-1,-1,1,-1,-1,-1
3664,76,422.55645751953125,542.037353515625,-1,-1,1,-1,-1,-1
3665,76,458.21441650390625,542.2147216796875,-1,-1,1,-1,-1,-1
3666,76,486.53173828125,549.536376953125,-1,-1,1,-1,-1,-1
3667,76,515.1466674804688,549.5989990234375,-1,-1,1,-1,-1,-1
3668,76,550.7664184570312,549.5415649414062,-1,-1,1,-1,-1,-1
3669,76,586.2066650390625,549.5721435546875,-1,-1,1,-1,-1,-1
3670,76,607.6007080078125,549.6806640625,-1,-1,1,-1,-1,-1
3671,76,635.9674072265625,549.5173950195312,-1,-1,1,-1,-1,-1
3672,76,664.3360595703125,549.446533203125,-1,-1,1,-1,-1,-1
3673,76,699.982421875,549.3883056640625,-1,-1,1,-1,-1,-1
3675,76,756.563720703125,549.3184814453125,-1,-1,1,-1,-1,-1
3676,76,784.81640625,556.640625,-1,-1,1,-1,-1,-1
3677,76,813.4161987304688,556.4395751953125,-1,-1,1,-1,-1,-1
3678,76,841.9859619140625,563.459228515625,-1,-1,1,-1,-1,-1
3679,76,870.0519409179688,570.7716064453125,-1,-1,1,-1,-1,-1
3682,76,948.201171875,585.111572265625,-1,-1,1,-1,-1,-1
3685,76,1047.9720458984375,585.00146484375,-1,-1,1,-1,-1,-1
3686,76,1076.2479248046875,592.1488037109375,-1,-1,1,-1,-1,-1
3687,76,1111.71923828125,592.1519165039062,-1,-1,1,-1,-1,-1
3688,76,1140.219482421875,599.34912109375,-1,-1,1,-1,-1,-1
3689,76,1175.786865234375,599.3387451171875,-1,-1,1,-1,-1,-1
3691,76,1246.871826171875,599.19140625,-1,-1,1,-1,-1,-1
3692,77,457.6844787597656,677.7887573242188,-1,-1,1,-1,-1,-1
3693,76,1318.2923583984375,606.3102416992188,-1,-1,1,-1,-1,-1
3693,77,493.12017822265625,677.8280639648438,-1,-1,1,-1,-1,-1
3694,76,1353.664794921875,613.543701171875,-1,-1,1,-1,-1,-1
3694,77,528.7269897460938,677.932373046875,-1,-1,1,-1,-1,-1
3695,76,1389.29052734375,613.4229736328125,-1,-1,1,-1,-1,-1
3695,77,556.94775390625,677.9158325195312,-1,-1,1,-1,-1,-1
3696,76,1424.77783203125,613.3121337890625,-1,-1,1,-1,-1,-1
3696,77,585.3671875,677.985107421875,-1,-1,1,-1,-1,-1
3696,78,294.6868896484375,613.541015625,-1,-1,1,-1,-1,-1
3697,76,1467.40478515625,620.6202392578125,-1,-1,1,-1,-1,-1
3697,77,606.7315063476562,685.0501708984375,-1,-1,1,-1,-1,-1
3697,78,323.08819580078125,613.5853271484375,-1,-1,1,-1,-1,-1
3698,76,1502.9400634765625,620.4249267578125,-1,-1,1,-1,-1,-1
3698,77,635.1609497070312,684.9603271484375,-1,-1,1,-1,-1,-1
3698,78,358.3453369140625,613.759521484375,-1,-1,1,-1,-1,-1
3699,76,1538.3406982421875,627.6055297851562,-1,-1,1,-1,-1,-1
3699,77,663.6392211914062,685.02001953125,-1,-1,1,-1,-1,-1
3699,78,379.8250732421875,620.600830078125,-1,-1,1,-1,-1,-1
3700,76,1574.11181640625,627.7027587890625,-1,-1,1,-1,-1,-1
3700,77,684.9163818359375,691.9373779296875,-1,-1,1,-1,-1,-1
3700,78,408.3150634765625,613.6626586914062,-1,-1,1,-1,-1,-1
3701,76,1609.435791015625,635.0551147460938,-1,-1,1,-1,-1,-1
3701,77,706.3983154296875,691.9754638671875,-1,-1,1,-1,-1,-1
3702,76,1644.887939453125,634.7660522460938,-1,-1,1,-1,-1,-1
3702,77,734.7293701171875,699.0953369140625,-1,-1,1,-1,-1,-1
3702,78,457.92584228515625,620.800048828125,-1,-1,1,-1,-1,-1
3703,76,1687.58154296875,634.5980834960938,-1,-1,1,-1,-1,-1
3703,77,763.21484375,699.2451782226562,-1,-1,1,-1,-1,-1
3703,78,486.2191162109375,620.804443359375,-1,-1,1,-1,-1,-1
3704,76,1715.8330078125,641.8194580078125,-1,-1,1,-1,-1,-1
3704,77,784.6026000976562,706.3168334960938,-1,-1,1,-1,-1,-1
3704,78,507.55914306640625,627.831298828125,-1,-1,1,-1,-1,-1
3705,76,1751.4830322265625,641.711181640625,-1,-1,1,-1,-1,-1
3705,77,805.7784423828125,713.3951416015625,-1,-1,1,-1,-1,-1
3705,78,528.8771362304688,634.769775390625,-1,-1,1,-1,-1,-1
3706,76,1786.881591796875,641.72509765625,-1,-1,1,-1,-1,-1
3706,77,827.23291015625,713.4764404296875,-1,-1,1,-1,-1,-1
3706,78,550.4532470703125,642.03857421875,-1,-1,1,-1,-1,-1
3707,76,1829.6015625,648.9369506835938,-1,-1,1,-1,-1,-1
3707,77,855.645751953125,720.347900390625,-1,-1,1,-1,-1,-1
3707,78,571.39013671875,641.95654296875,-1,-1,1,-1,-1,-1
3708,77,876.923828125,727.6273193359375,-1,-1,1,-1,-1,-1
3708,78,592.901611328125,649.0933837890625,-1,-1,1,-1,-1,-1
3709,77,891.09130859375,734.5665283203125,-1,-1,1,-1,-1,-1
3709,78,614.3187255859375,656.1443481445312,-1,-1,1,-1,-1,-1
3710,77,919.5767211914062,734.6201171875,-1,-1,1,-1,-1,-1
3710,78,635.76025390625,663.339111328125,-1,-1,1,-1,-1,-1
3711,77,940.947021484375,741.7403564453125,-1,-1,1,-1,-1,-1
3711,78,656.9940185546875,663.1649780273438,-1,-1,1,-1,-1,-1
3712,77,962.3265380859375,741.701416015625,-1,-1,1,-1,-1,-1
3712,78,678.27001953125,670.2340087890625,-1,-1,1,-1,-1,-1
3713,77,990.71923828125,748.8090209960938,-1,-1,1,-1,-1,-1
3713,78,692.4649047851562,670.186767578125,-1,-1,1,-1,-1,-1
3714,77,955.9011840820312,770.2607421875,-1,-1,1,-1,-1,-1
3714,78,713.751953125,670.3012084960938,-1,-1,1,-1,-1,-1
3715,77,984.1375732421875,770.2186279296875,-1,-1,1,-1,-1,-1
3715,78,728.1098022460938,670.1620483398438,-1,-1,1,-1,-1,-1
3716,77,998.3827514648438,763.2051391601562,-1,-1,1,-1,-1,-1
3716,78,749.2594604492188,670.1417236328125,-1,-1,1,-1,-1,-1
3717,77,1026.6513671875,763.148193359375,-1,-1,1,-1,-1,-1
3717,78,770.55810546875,670.193115234375,-1,-1,1,-1,-1,-1
3718,77,1047.989013671875,762.986572265625,-1,-1,1,-1,-1,-1
3718,78,784.9666748046875,670.3419189453125,-1,-1,1,-1,-1,-1
3719,77,1069.2855224609375,763.0413818359375,-1,-1,1,-1,-1,-1
3719,78,806.1761474609375,663.2048950195312,-1,-1,1,-1,-1,-1
3720,77,1083.7939453125,763.0960083007812,-1,-1,1,-1,-1,-1
3720,78,827.46728515625,663.1708984375,-1,-1,1,-1,-1,-1
3721,77,1154.084716796875,741.762451171875,-1,-1,1,-1,-1,-1
3721,78,841.7108764648438,663.088134765625,-1,-1,1,-1,-1,-1
3722,77,1175.52197265625,734.6192626953125,-1,-1,1,-1,-1,-1
3722,78,863.0631103515625,663.0202026367188,-1,-1,1,-1,-1,-1
3723,77,1196.72216796875,734.5958251953125,-1,-1,1,-1,-1,-1
3723,78,884.3754272460938,663.1190795898438,-1,-1,1,-1,-1,-1
3724,77,1225.046630859375,734.7237548828125,-1,-1,1,-1,-1,-1
3724,78,905.79931640625,662.9977416992188,-1,-1,1,-1,-1,-1
3725,77,1239.29296875,734.5529174804688,-1,-1,1,-1,-1,-1
3725,78,927.0582275390625,655.963623046875,-1,-1,1,-1,-1,-1
3726,77,1260.7022705078125,734.44189453125,-1,-1,1,-1,-1,-1
3726,78,948.2877197265625,655.955078125,-1,-1,1,-1,-1,-1
3727,78,969.7960205078125,655.929931640625,-1,-1,1,-1,-1,-1
3728,77,1310.439697265625,727.4925537109375,-1,-1,1,-1,-1,-1
3728,78,991.0706787109375,655.9332275390625,-1,-1,1,-1,-1,-1
3729,77,1338.938232421875,727.4969482421875,-1,-1,1,-1,-1,-1
3729,78,1012.3818969726562,655.974365234375,-1,-1,1,-1,-1,-1
3730,77,1360.338623046875,727.500244140625,-1,-1,1,-1,-1,-1
3730,78,1040.69384765625,648.9683837890625,-1,-1,1,-1,-1,-1
3731,77,1388.6826171875,727.3547973632812,-1,-1,1,-1,-1,-1
3731,78,1062.14990234375,649.0306396484375,-1,-1,1,-1,-1,-1
3732,77,1417.0355224609375,727.604736328125,-1,-1,1,-1,-1,-1
3732,78,1090.552734375,649.0327758789062,-1,-1,1,-1,-1,-1
3733,77,1445.490966796875,727.3843383789062,-1,-1,1,-1,-1,-1
3733,78,1111.94140625,649.0025634765625,-1,-1,1,-1,-1,-1
3734,77,1466.850341796875,727.4287109375,-1,-1,1,-1,-1,-1
3734,78,1133.2420654296875,648.9208984375,-1,-1,1,-1,-1,-1
3735,77,1495.402099609375,727.39892578125,-1,-1,1,-1,-1,-1
3735,78,1161.704833984375,649.031494140625,-1,-1,1,-1,-1,-1
3736,77,1523.81787109375,727.3309326171875,-1,-1,1,-1,-1,-1
3736,78,1182.9632568359375,648.9358520507812,-1,-1,1,-1,-1,-1
3737,77,1545.23583984375,727.27783203125,-1,-1,1,-1,-1,-1
3737,78,1204.369873046875,648.843505859375,-1,-1,1,-1,-1,-1
3738,77,1573.7080078125,727.313720703125,-1,-1,1,-1,-1,-1
3738,78,1225.708251953125,648.8776245117188,-1,-1,1,-1,-1,-1
3739,77,1594.963134765625,727.41552734375,-1,-1,1,-1,-1,-1
3739,78,1254.1492919921875,641.8380126953125,-1,-1,1,-1,-1,-1
3740,77,1630.251708984375,727.4373779296875,-1,-1,1,-1,-1,-1
3740,78,1275.3194580078125,648.881591796875,-1,-1,1,-1,-1,-1
3741,77,1658.5987548828125,727.4892578125,-1,-1,1,-1,-1,-1
3741,78,1296.6463623046875,641.888427734375,-1,-1,1,-1,-1,-1
3742,77,1679.7496337890625,727.4013061523438,-1,-1,1,-1,-1,-1
3742,78,1317.943359375,641.8515625,-1,-1,1,-1,-1,-1
3743,77,1708.46484375,720.0167236328125,-1,-1,1,-1,-1,-1
3743,78,1339.3043212890625,641.87353515625,-1,-1,1,-1,-1,-1
3744,77,1736.782470703125,720.1005859375,-1,-1,1,-1,-1,-1
3744,78,1367.881103515625,634.7410278320312,-1,-1,1,-1,-1,-1
3745,77,1765.149169921875,720.238037109375,-1,-1,1,-1,-1,-1
3745,78,1389.103271484375,634.74853515625,-1,-1,1,-1,-1,-1
3746,77,1786.6912841796875,713.0923461914062,-1,-1,1,-1,-1,-1
3746,78,1410.3482666015625,634.9418334960938,-1,-1,1,-1,-1,-1
3747,77,1815.0028076171875,713.1966552734375,-1,-1,1,-1,-1,-1
3747,78,1431.73046875,627.674560546875,-1,-1,1,-1,-1,-1
3748,77,1843.6099853515625,712.93896484375,-1,-1,1,-1,-1,-1
3748,78,1453.0404052734375,620.463134765625,-1,-1,1,-1,-1,-1
3749,77,1865.0726318359375,712.8836059570312,-1,-1,1,-1,-1,-1
3749,78,1474.3408203125,620.517578125,-1,-1,1,-1,-1,-1
3750,77,1879.17919921875,705.794677734375,-1,-1,1,-1,-1,-1
3750,78,1495.701416015625,620.6588745117188,-1,-1,1,-1,-1,-1
3751,78,1516.9886474609375,620.37451171875,-1,-1,1,-1,-1,-1
3752,78,1538.140380859375,620.4133911132812,-1,-1,1,-1,-1,-1
3753,78,1559.47412109375,620.497802734375,-1,-1,1,-1,-1,-1
3754,78,1580.6495361328125,620.5535278320312,-1,-1,1,-1,-1,-1
3755,78,1602.015380859375,620.581298828125,-1,-1,1,-1,-1,-1
3756,78,1630.4422607421875,620.6195678710938,-1,-1,1,-1,-1,-1
3757,78,1658.776611328125,620.7079467773438,-1,-1,1,-1,-1,-1
3758,78,1680.1202392578125,620.69970703125,-1,-1,1,-1,-1,-1
3759,78,1701.46044921875,620.6185302734375,-1,-1,1,-1,-1,-1
3760,78,1729.759521484375,620.6708984375,-1,-1,1,-1,-1,-1
3797,79,117.37457275390625,322.550048828125,-1,-1,1,-1,-1,-1
3798,79,166.9790802001953,336.4811706542969,-1,-1,1,-1,-1,-1
3799,79,209.96829223632812,336.3370361328125,-1,-1,1,-1,-1,-1
3800,79,245.26400756835938,350.70794677734375,-1,-1,1,-1,-1,-1
3801,79,287.81658935546875,350.7774658203125,-1,-1,1,-1,-1,-1
3802,79,337.5703125,357.84918212890625,-1,-1,1,-1,-1,-1
3803,79,380.0126037597656,364.9539794921875,-1,-1,1,-1,-1,-1
3804,79,415.22296142578125,372.051025390625,-1,-1,1,-1,-1,-1
3805,79,458.2220458984375,386.18060302734375,-1,-1,1,-1,-1,-1
3806,79,486.7034912109375,393.124267578125,-1,-1,1,-1,-1,-1
3807,79,522.2118530273438,400.31280517578125,-1,-1,1,-1,-1,-1
3808,79,557.5556030273438,407.6170349121094,-1,-1,1,-1,-1,-1
3809,79,586.075439453125,407.31982421875,-1,-1,1,-1,-1,-1
3810,79,607.5348510742188,428.7698059082031,-1,-1,1,-1,-1,-1
3811,79,636.1771240234375,443.0005798339844,-1,-1,1,-1,-1,-1
3812,79,657.2371826171875,450.028076171875,-1,-1,1,-1,-1,-1
3813,79,678.541748046875,457.37725830078125,-1,-1,1,-1,-1,-1
3814,79,699.73388671875,471.51605224609375,-1,-1,1,-1,-1,-1
3815,79,721.3187866210938,478.6134338378906,-1,-1,1,-1,-1,-1
3816,79,742.3206176757812,492.8206787109375,-1,-1,1,-1,-1,-1
3817,79,763.76025390625,507.20794677734375,-1,-1,1,-1,-1,-1
3818,79,785.30810546875,506.8836669921875,-1,-1,1,-1,-1,-1
3819,79,813.57861328125,514.1943969726562,-1,-1,1,-1,-1,-1
3820,79,827.7921142578125,528.2880249023438,-1,-1,1,-1,-1,-1
3821,79,842.2560424804688,535.1782836914062,-1,-1,1,-1,-1,-1
3822,79,856.1103515625,542.3594970703125,-1,-1,1,-1,-1,-1
