2,1,956.204345703125,536.1006469726562,-1,-1,1,-1,-1,-1
4,1,878.0205078125,528.8759765625,-1,-1,1,-1,-1,-1
5,1,842.49951171875,528.9750366210938,-1,-1,1,-1,-1,-1
7,1,785.64501953125,536.079833984375,-1,-1,1,-1,-1,-1
8,1,750.2731323242188,536.33984375,-1,-1,1,-1,-1,-1
9,1,721.750244140625,536.4005737304688,-1,-1,1,-1,-1,-1
12,1,601.160888671875,543.5220947265625,-1,-1,1,-1,-1,-1
13,1,551.5068359375,543.5033569335938,-1,-1,1,-1,-1,-1
14,1,501.48406982421875,543.3602905273438,-1,-1,1,-1,-1,-1
15,1,459.0404052734375,543.29638671875,-1,-1,1,-1,-1,-1
16,1,409.4769592285156,536.2356567382812,-1,-1,1,-1,-1,-1
17,1,359.6622314453125,536.3028564453125,-1,-1,1,-1,-1,-1
19,1,267.1551208496094,529.0408935546875,-1,-1,1,-1,-1,-1
20,1,224.59295654296875,528.8262939453125,-1,-1,1,-1,-1,-1
173,2,557.9457397460938,671.351318359375,-1,-1,1,-1,-1,-1
176,3,608.1529541015625,827.7503662109375,-1,-1,1,-1,-1,-1
177,3,586.572265625,821.281982421875,-1,-1,1,-1,-1,-1
180,3,593.883056640625,827.8089599609375,-1,-1,1,-1,-1,-1
182,3,600.745849609375,813.2969970703125,-1,-1,1,-1,-1,-1
186,2,430.0113525390625,557.91748046875,-1,-1,1,-1,-1,-1
186,3,544.1505737304688,791.8036499023438,-1,-1,1,-1,-1,-1
187,3,529.9990234375,784.91357421875,-1,-1,1,-1,-1,-1
189,2,429.83343505859375,543.758544921875,-1,-1,1,-1,-1,-1
192,2,422.62518310546875,536.572021484375,-1,-1,1,-1,-1,-1
194,2,415.4622802734375,536.6084594726562,-1,-1,1,-1,-1,-1
195,2,415.8438415527344,536.27783203125,-1,-1,1,-1,-1,-1
196,2,408.540771484375,536.3987426757812,-1,-1,1,-1,-1,-1
197,2,408.60552978515625,529.211181640625,-1,-1,1,-1,-1,-1
198,2,408.57183837890625,522.1572265625,-1,-1,1,-1,-1,-1
199,2,401.36627197265625,529.2630615234375,-1,-1,1,-1,-1,-1
200,2,408.70660400390625,529.1749267578125,-1,-1,1,-1,-1,-1
201,2,401.3848571777344,536.45458984375,-1,-1,1,-1,-1,-1
201,4,1197.5296630859375,642.5947265625,-1,-1,1,-1,-1,-1
202,2,401.4400634765625,536.5358276367188,-1,-1,1,-1,-1,-1
203,2,401.62188720703125,536.3983764648438,-1,-1,1,-1,-1,-1
204,2,394.4549865722656,543.611572265625,-1,-1,1,-1,-1,-1
205,2,380.0975036621094,557.8695068359375,-1,-1,1,-1,-1,-1
206,2,380.3099670410156,550.7896728515625,-1,-1,1,-1,-1,-1
211,4,1183.069091796875,685.478515625,-1,-1,1,-1,-1,-1
212,4,1176.06787109375,685.10498046875,-1,-1,1,-1,-1,-1
214,4,1161.92041015625,692.51953125,-1,-1,1,-1,-1,-1
224,4,1090.908935546875,713.6323852539062,-1,-1,1,-1,-1,-1
225,4,1076.767822265625,720.67138671875,-1,-1,1,-1,-1,-1
226,4,1069.57568359375,713.7354736328125,-1,-1,1,-1,-1,-1
228,4,1048.1455078125,713.6844482421875,-1,-1,1,-1,-1,-1
229,4,1041.05126953125,713.679931640625,-1,-1,1,-1,-1,-1
230,4,1026.863525390625,713.7657470703125,-1,-1,1,-1,-1,-1
231,4,1019.83984375,713.8482666015625,-1,-1,1,-1,-1,-1
232,4,1012.5953979492188,706.7376098632812,-1,-1,1,-1,-1,-1
233,4,1005.659912109375,713.670166015625,-1,-1,1,-1,-1,-1
234,4,991.61181640625,713.8275146484375,-1,-1,1,-1,-1,-1
235,4,984.3488159179688,713.6522216796875,-1,-1,1,-1,-1,-1
236,4,970.1452026367188,713.6036376953125,-1,-1,1,-1,-1,-1
237,4,955.9113159179688,713.68701171875,-1,-1,1,-1,-1,-1
238,4,941.7872314453125,720.7801513671875,-1,-1,1,-1,-1,-1
239,4,927.5382080078125,727.86376953125,-1,-1,1,-1,-1,-1
240,4,913.2579345703125,727.6485595703125,-1,-1,1,-1,-1,-1
242,4,877.7708740234375,727.7431640625,-1,-1,1,-1,-1,-1
243,4,863.4605102539062,713.8676147460938,-1,-1,1,-1,-1,-1
245,4,827.8983154296875,706.6708984375,-1,-1,1,-1,-1,-1
247,4,792.322021484375,706.568603515625,-1,-1,1,-1,-1,-1
248,4,771.12109375,713.9107666015625,-1,-1,1,-1,-1,-1
249,4,749.8826904296875,713.8692016601562,-1,-1,1,-1,-1,-1
251,4,714.344970703125,713.8480224609375,-1,-1,1,-1,-1,-1
252,4,699.9288330078125,706.5858764648438,-1,-1,1,-1,-1,-1
253,4,678.84375,713.8540649414062,-1,-1,1,-1,-1,-1
254,4,657.5848388671875,713.8660888671875,-1,-1,1,-1,-1,-1
255,4,643.2540283203125,706.8128051757812,-1,-1,1,-1,-1,-1
256,4,621.998779296875,713.81396484375,-1,-1,1,-1,-1,-1
257,4,600.8272705078125,706.7366943359375,-1,-1,1,-1,-1,-1
258,4,586.3639526367188,699.6094970703125,-1,-1,1,-1,-1,-1
259,4,565.1251220703125,699.6126098632812,-1,-1,1,-1,-1,-1
278,5,693.3588256835938,713.2821655273438,-1,-1,1,-1,-1,-1
279,5,671.9356689453125,713.3231201171875,-1,-1,1,-1,-1,-1
284,5,565.4166259765625,720.5476684570312,-1,-1,1,-1,-1,-1
290,5,444.727294921875,713.155517578125,-1,-1,1,-1,-1,-1
294,5,352.2547912597656,713.2230224609375,-1,-1,1,-1,-1,-1
306,6,1332.298095703125,720.646728515625,-1,-1,1,-1,-1,-1
307,6,1304.159912109375,720.510498046875,-1,-1,1,-1,-1,-1
310,6,1232.9267578125,713.676513671875,-1,-1,1,-1,-1,-1
311,7,792.4237670898438,756.3207397460938,-1,-1,1,-1,-1,-1
316,7,692.8863525390625,749.27490234375,-1,-1,1,-1,-1,-1
323,7,529.46923828125,756.322998046875,-1,-1,1,-1,-1,-1
331,6,750.4744873046875,777.480712890625,-1,-1,1,-1,-1,-1
332,6,721.7676391601562,777.594970703125,-1,-1,1,-1,-1,-1
335,6,657.8280029296875,784.651611328125,-1,-1,1,-1,-1,-1
336,6,636.51806640625,784.7127075195312,-1,-1,1,-1,-1,-1
357,8,707.415771484375,770.4078369140625,-1,-1,1,-1,-1,-1
360,8,629.0496826171875,770.3495483398438,-1,-1,1,-1,-1,-1
361,8,607.8561401367188,777.6199340820312,-1,-1,1,-1,-1,-1
362,8,579.53662109375,777.491943359375,-1,-1,1,-1,-1,-1
363,8,550.8922119140625,777.48388671875,-1,-1,1,-1,-1,-1
364,8,529.540283203125,784.7161865234375,-1,-1,1,-1,-1,-1
365,8,501.07574462890625,784.6558837890625,-1,-1,1,-1,-1,-1
366,8,479.88482666015625,791.9009399414062,-1,-1,1,-1,-1,-1
367,8,451.5074462890625,798.9232788085938,-1,-1,1,-1,-1,-1
368,8,422.9912414550781,806.108642578125,-1,-1,1,-1,-1,-1
369,8,387.5483703613281,805.7487182617188,-1,-1,1,-1,-1,-1
370,8,359.0035400390625,813.0310668945312,-1,-1,1,-1,-1,-1
371,8,330.6246337890625,813.0569458007812,-1,-1,1,-1,-1,-1
372,8,295.02410888671875,820.221923828125,-1,-1,1,-1,-1,-1
373,8,259.37652587890625,820.1627197265625,-1,-1,1,-1,-1,-1
374,8,223.8905029296875,827.261962890625,-1,-1,1,-1,-1,-1
375,8,181.29043579101562,826.9171142578125,-1,-1,1,-1,-1,-1
376,8,145.68679809570312,834.290283203125,-1,-1,1,-1,-1,-1
377,8,103.22669219970703,834.056396484375,-1,-1,1,-1,-1,-1
378,8,67.79369354248047,841.382080078125,-1,-1,1,-1,-1,-1
424,9,1879.776611328125,543.1064453125,-1,-1,1,-1,-1,-1
425,9,1858.527587890625,543.113525390625,-1,-1,1,-1,-1,-1
437,10,529.7817993164062,791.6870727539062,-1,-1,1,-1,-1,-1
438,9,1595.986572265625,521.8549194335938,-1,-1,1,-1,-1,-1
440,10,401.6424560546875,784.75634765625,-1,-1,1,-1,-1,-1
441,10,365.8983154296875,777.398681640625,-1,-1,1,-1,-1,-1
455,11,1190.477294921875,706.387451171875,-1,-1,1,-1,-1,-1
457,11,1133.9443359375,699.1220703125,-1,-1,1,-1,-1,-1
458,11,1105.446044921875,699.0067749023438,-1,-1,1,-1,-1,-1
464,12,1247.421630859375,656.8426513671875,-1,-1,1,-1,-1,-1
465,12,1211.860595703125,664.015380859375,-1,-1,1,-1,-1,-1
466,12,1169.4039306640625,671.1846923828125,-1,-1,1,-1,-1,-1
467,12,1133.7259521484375,670.9775390625,-1,-1,1,-1,-1,-1
468,12,1091.1904296875,678.29345703125,-1,-1,1,-1,-1,-1
469,12,1048.5379638671875,677.9840698242188,-1,-1,1,-1,-1,-1
470,12,1005.9971923828125,678.0350952148438,-1,-1,1,-1,-1,-1
470,13,1702.150634765625,265.79437255859375,-1,-1,1,-1,-1,-1
471,12,956.2554931640625,677.89306640625,-1,-1,1,-1,-1,-1
471,14,1076.8734130859375,614.4352416992188,-1,-1,1,-1,-1,-1
472,12,906.5817260742188,677.8443603515625,-1,-1,1,-1,-1,-1
472,15,1027.470458984375,280.04229736328125,-1,-1,1,-1,-1,-1
473,12,849.8060302734375,677.7918090820312,-1,-1,1,-1,-1,-1
474,12,800.07275390625,685.3134765625,-1,-1,1,-1,-1,-1
474,13,1609.857177734375,273.1153564453125,-1,-1,1,-1,-1,-1
475,12,743.09716796875,685.1187744140625,-1,-1,1,-1,-1,-1
476,12,693.3268432617188,692.1181640625,-1,-1,1,-1,-1,-1
476,14,828.0711669921875,621.8123168945312,-1,-1,1,-1,-1,-1
477,12,636.508544921875,699.356689453125,-1,-1,1,-1,-1,-1
478,12,579.8224487304688,713.6962280273438,-1,-1,1,-1,-1,-1
478,14,714.955078125,642.638916015625,-1,-1,1,-1,-1,-1
478,15,728.5223388671875,329.78192138671875,-1,-1,1,-1,-1,-1
479,13,1375.306396484375,293.972412109375,-1,-1,1,-1,-1,-1
480,12,466.1654968261719,742.487548828125,-1,-1,1,-1,-1,-1
480,13,1339.89404296875,301.0843811035156,-1,-1,1,-1,-1,-1
480,15,614.8917846679688,350.765380859375,-1,-1,1,-1,-1,-1
481,13,1289.958740234375,308.35809326171875,-1,-1,1,-1,-1,-1
482,12,338.18927001953125,763.6641845703125,-1,-1,1,-1,-1,-1
482,13,1254.54052734375,315.36798095703125,-1,-1,1,-1,-1,-1
482,14,480.364990234375,685.3663330078125,-1,-1,1,-1,-1,-1
482,16,1339.9208984375,649.415283203125,-1,-1,1,-1,-1,-1
483,14,423.46832275390625,699.816650390625,-1,-1,1,-1,-1,-1
485,16,1204.903076171875,691.9951171875,-1,-1,1,-1,-1,-1
486,16,1211.886474609375,756.5877685546875,-1,-1,1,-1,-1,-1
487,13,1055.7147216796875,393.6606750488281,-1,-1,1,-1,-1,-1
487,16,1162.306640625,770.729736328125,-1,-1,1,-1,-1,-1
488,13,1019.9998168945312,393.3412780761719,-1,-1,1,-1,-1,-1
489,17,899.29345703125,600.015380859375,-1,-1,1,-1,-1,-1
490,17,849.689697265625,607.0093994140625,-1,-1,1,-1,-1,-1
492,17,757.144775390625,635.7191162109375,-1,-1,1,-1,-1,-1
493,17,728.437255859375,678.4288330078125,-1,-1,1,-1,-1,-1
494,17,657.7816162109375,649.7564697265625,-1,-1,1,-1,-1,-1
495,17,600.8538208007812,642.7222900390625,-1,-1,1,-1,-1,-1
496,17,551.0087890625,642.8021240234375,-1,-1,1,-1,-1,-1
497,18,1374.9775390625,798.877197265625,-1,-1,1,-1,-1,-1
498,17,437.1510009765625,650.0015869140625,-1,-1,1,-1,-1,-1
499,17,387.55914306640625,649.8799438476562,-1,-1,1,-1,-1,-1
499,18,1296.911865234375,798.8798217773438,-1,-1,1,-1,-1,-1
500,18,1254.40869140625,791.6941528320312,-1,-1,1,-1,-1,-1
501,18,1218.8372802734375,791.7987060546875,-1,-1,1,-1,-1,-1
502,18,1176.30029296875,791.57763671875,-1,-1,1,-1,-1,-1
503,18,1140.6611328125,784.5125732421875,-1,-1,1,-1,-1,-1
504,18,1105.206787109375,784.5108032226562,-1,-1,1,-1,-1,-1
505,18,1062.5587158203125,791.5570678710938,-1,-1,1,-1,-1,-1
506,18,1033.99462890625,784.5457763671875,-1,-1,1,-1,-1,-1
507,18,991.423583984375,784.4713134765625,-1,-1,1,-1,-1,-1
508,18,955.7911376953125,784.476806640625,-1,-1,1,-1,-1,-1
509,18,920.4061279296875,784.490966796875,-1,-1,1,-1,-1,-1
510,18,877.8035888671875,784.5919189453125,-1,-1,1,-1,-1,-1
511,18,835.0570068359375,784.5308227539062,-1,-1,1,-1,-1,-1
512,18,792.4930419921875,784.6912841796875,-1,-1,1,-1,-1,-1
513,18,749.886474609375,784.6484985351562,-1,-1,1,-1,-1,-1
514,18,707.26220703125,777.7542724609375,-1,-1,1,-1,-1,-1
515,18,664.583984375,777.8416137695312,-1,-1,1,-1,-1,-1
516,18,622.1142578125,784.7915649414062,-1,-1,1,-1,-1,-1
517,18,579.2626953125,784.7365112304688,-1,-1,1,-1,-1,-1
518,18,536.73828125,791.9459228515625,-1,-1,1,-1,-1,-1
519,18,494.03411865234375,799.06201171875,-1,-1,1,-1,-1,-1
520,18,451.4093017578125,798.9486083984375,-1,-1,1,-1,-1,-1
521,18,408.79412841796875,806.1619873046875,-1,-1,1,-1,-1,-1
522,18,366.16839599609375,805.9752197265625,-1,-1,1,-1,-1,-1
523,18,316.4583740234375,806.0322265625,-1,-1,1,-1,-1,-1
524,18,259.41363525390625,806.030517578125,-1,-1,1,-1,-1,-1
525,18,209.76614379882812,805.9862060546875,-1,-1,1,-1,-1,-1
526,18,159.95059204101562,806.02294921875,-1,-1,1,-1,-1,-1
527,18,110.268798828125,805.987548828125,-1,-1,1,-1,-1,-1
531,19,1865.577392578125,777.3773193359375,-1,-1,1,-1,-1,-1
535,19,1744.7001953125,770.5174560546875,-1,-1,1,-1,-1,-1
542,19,1517.27880859375,734.706787109375,-1,-1,1,-1,-1,-1
543,19,1481.72021484375,727.6698608398438,-1,-1,1,-1,-1,-1
544,19,1453.1600341796875,727.87255859375,-1,-1,1,-1,-1,-1
546,19,1389.469970703125,713.4117431640625,-1,-1,1,-1,-1,-1
548,19,1332.6619873046875,706.2567138671875,-1,-1,1,-1,-1,-1
550,19,1275.8031005859375,699.06298828125,-1,-1,1,-1,-1,-1
551,19,1247.3819580078125,699.0789794921875,-1,-1,1,-1,-1,-1
552,19,1225.934814453125,692.041015625,-1,-1,1,-1,-1,-1
553,19,1190.59130859375,692.1322631835938,-1,-1,1,-1,-1,-1
554,19,1162.07958984375,692.1943359375,-1,-1,1,-1,-1,-1
555,19,1133.671142578125,692.16015625,-1,-1,1,-1,-1,-1
556,19,1098.1551513671875,692.0178833007812,-1,-1,1,-1,-1,-1
557,19,1069.71435546875,692.1615600585938,-1,-1,1,-1,-1,-1
558,19,1034.157958984375,692.2208251953125,-1,-1,1,-1,-1,-1
559,19,991.5015258789062,692.27783203125,-1,-1,1,-1,-1,-1
559,20,1233.27880859375,486.276611328125,-1,-1,1,-1,-1,-1
560,19,941.6075439453125,692.404052734375,-1,-1,1,-1,-1,-1
560,20,1226.198486328125,486.30303955078125,-1,-1,1,-1,-1,-1
561,19,891.8070678710938,685.1456298828125,-1,-1,1,-1,-1,-1
561,20,1226.23828125,486.24267578125,-1,-1,1,-1,-1,-1
562,19,842.2110595703125,685.2322998046875,-1,-1,1,-1,-1,-1
562,20,1219.10205078125,486.0380859375,-1,-1,1,-1,-1,-1
563,19,792.60986328125,685.265625,-1,-1,1,-1,-1,-1
563,20,1218.850830078125,493.4810791015625,-1,-1,1,-1,-1,-1
564,19,735.6834716796875,692.4083251953125,-1,-1,1,-1,-1,-1
564,20,1175.9501953125,564.035400390625,-1,-1,1,-1,-1,-1
565,20,1204.7451171875,500.43963623046875,-1,-1,1,-1,-1,-1
566,20,1154.78662109375,571.1126708984375,-1,-1,1,-1,-1,-1
567,20,1197.738525390625,507.46514892578125,-1,-1,1,-1,-1,-1
568,20,1190.64306640625,514.7240600585938,-1,-1,1,-1,-1,-1
568,21,1140.484375,585.5318603515625,-1,-1,1,-1,-1,-1
569,20,1176.3055419921875,528.9754638671875,-1,-1,1,-1,-1,-1
569,21,1126.270751953125,592.590087890625,-1,-1,1,-1,-1,-1
570,20,1169.365478515625,535.8134155273438,-1,-1,1,-1,-1,-1
570,21,1111.966064453125,606.9613037109375,-1,-1,1,-1,-1,-1
570,22,1204.7200927734375,500.55938720703125,-1,-1,1,-1,-1,-1
571,20,1162.148193359375,550.0546264648438,-1,-1,1,-1,-1,-1
571,21,1090.633056640625,613.885986328125,-1,-1,1,-1,-1,-1
572,20,1140.7476806640625,564.55810546875,-1,-1,1,-1,-1,-1
572,21,1076.48388671875,628.261474609375,-1,-1,1,-1,-1,-1
573,20,1126.574951171875,578.6810302734375,-1,-1,1,-1,-1,-1
573,21,1062.2728271484375,649.7738037109375,-1,-1,1,-1,-1,-1
574,20,1112.3837890625,585.60400390625,-1,-1,1,-1,-1,-1
574,21,1033.933349609375,656.55322265625,-1,-1,1,-1,-1,-1
575,20,1091.085205078125,599.953857421875,-1,-1,1,-1,-1,-1
575,21,1012.5615234375,670.8699951171875,-1,-1,1,-1,-1,-1
575,22,1133.5380859375,557.5103149414062,-1,-1,1,-1,-1,-1
576,22,1112.465087890625,571.5955810546875,-1,-1,1,-1,-1,-1
577,20,1041.306884765625,621.2259521484375,-1,-1,1,-1,-1,-1
578,20,1012.9660034179688,628.5079345703125,-1,-1,1,-1,-1,-1
579,20,984.52490234375,642.5443725585938,-1,-1,1,-1,-1,-1
580,20,963.3497314453125,649.580810546875,-1,-1,1,-1,-1,-1
580,21,870.6114501953125,720.892578125,-1,-1,1,-1,-1,-1
580,22,1005.8721923828125,614.1243896484375,-1,-1,1,-1,-1,-1
581,20,934.908935546875,656.6777954101562,-1,-1,1,-1,-1,-1
582,20,906.517578125,663.7967529296875,-1,-1,1,-1,-1,-1
582,22,956.0771484375,628.2550048828125,-1,-1,1,-1,-1,-1
583,20,878.1143798828125,671.0029296875,-1,-1,1,-1,-1,-1
584,20,849.723876953125,671.0563354492188,-1,-1,1,-1,-1,-1
584,21,749.966552734375,741.830322265625,-1,-1,1,-1,-1,-1
585,20,821.2967529296875,678.0491333007812,-1,-1,1,-1,-1,-1
585,21,714.1931762695312,749.1851806640625,-1,-1,1,-1,-1,-1
586,20,792.85693359375,678.01953125,-1,-1,1,-1,-1,-1
587,20,764.4293212890625,685.2127685546875,-1,-1,1,-1,-1,-1
587,21,650.2891235351562,756.0601806640625,-1,-1,1,-1,-1,-1
589,20,707.6229248046875,692.0672607421875,-1,-1,1,-1,-1,-1
589,22,757.259765625,656.8460693359375,-1,-1,1,-1,-1,-1
590,20,664.914306640625,699.4993896484375,-1,-1,1,-1,-1,-1
590,21,536.775634765625,770.6076049804688,-1,-1,1,-1,-1,-1
590,22,728.8955078125,656.736083984375,-1,-1,1,-1,-1,-1
591,20,629.324951171875,699.3130493164062,-1,-1,1,-1,-1,-1
591,22,686.0780029296875,663.99072265625,-1,-1,1,-1,-1,-1
591,23,1105.640869140625,713.9074096679688,-1,-1,1,-1,-1,-1
592,20,593.952880859375,706.4627075195312,-1,-1,1,-1,-1,-1
592,22,650.3458251953125,663.9620361328125,-1,-1,1,-1,-1,-1
592,23,1076.978515625,713.8479614257812,-1,-1,1,-1,-1,-1
593,20,558.4496459960938,706.220703125,-1,-1,1,-1,-1,-1
593,22,615.0377197265625,670.9007568359375,-1,-1,1,-1,-1,-1
594,20,515.5970458984375,706.423095703125,-1,-1,1,-1,-1,-1
594,22,579.3948364257812,670.648193359375,-1,-1,1,-1,-1,-1
595,20,472.89801025390625,713.3001708984375,-1,-1,1,-1,-1,-1
595,22,536.8458251953125,677.7978515625,-1,-1,1,-1,-1,-1
596,20,430.2607727050781,720.458251953125,-1,-1,1,-1,-1,-1
596,22,494.06744384765625,685.1235961914062,-1,-1,1,-1,-1,-1
597,22,451.4639587402344,685.05029296875,-1,-1,1,-1,-1,-1
598,22,408.8082580566406,691.9615478515625,-1,-1,1,-1,-1,-1
601,23,743.1177368164062,749.4257202148438,-1,-1,1,-1,-1,-1
601,24,1531.15478515625,629.06982421875,-1,-1,1,-1,-1,-1
602,23,700.4609985351562,756.5526123046875,-1,-1,1,-1,-1,-1
603,24,1452.892822265625,629.0416259765625,-1,-1,1,-1,-1,-1
604,24,1417.2359619140625,635.84326171875,-1,-1,1,-1,-1,-1
605,24,1367.5552978515625,635.9950561523438,-1,-1,1,-1,-1,-1
606,23,537.057373046875,770.8369750976562,-1,-1,1,-1,-1,-1
606,24,1339.1580810546875,635.958251953125,-1,-1,1,-1,-1,-1
607,24,1303.6822509765625,635.846435546875,-1,-1,1,-1,-1,-1
608,23,451.863037109375,777.5686645507812,-1,-1,1,-1,-1,-1
608,24,1268.103271484375,628.5723266601562,-1,-1,1,-1,-1,-1
609,23,416.3292541503906,784.868896484375,-1,-1,1,-1,-1,-1
609,24,1239.71630859375,635.62890625,-1,-1,1,-1,-1,-1
610,24,1204.3665771484375,614.0510864257812,-1,-1,1,-1,-1,-1
611,24,1176.068359375,614.0623779296875,-1,-1,1,-1,-1,-1
729,25,700.227294921875,542.9882202148438,-1,-1,1,-1,-1,-1
730,25,643.4258422851562,542.953125,-1,-1,1,-1,-1,-1
731,25,586.6551513671875,528.82861328125,-1,-1,1,-1,-1,-1
747,26,820.5015869140625,756.7761840820312,-1,-1,1,-1,-1,-1
749,26,749.5213623046875,756.919189453125,-1,-1,1,-1,-1,-1
750,26,720.9300537109375,763.8931884765625,-1,-1,1,-1,-1,-1
751,26,692.0107421875,771.1824951171875,-1,-1,1,-1,-1,-1
752,26,643.080078125,778.0478515625,-1,-1,1,-1,-1,-1
806,27,1190.3271484375,471.9579162597656,-1,-1,1,-1,-1,-1
814,27,863.4564208984375,450.5957336425781,-1,-1,1,-1,-1,-1
816,27,785.1334228515625,450.657958984375,-1,-1,1,-1,-1,-1
819,27,699.667236328125,464.67730712890625,-1,-1,1,-1,-1,-1
820,27,678.3994750976562,464.7628479003906,-1,-1,1,-1,-1,-1
824,27,593.0762939453125,479.2313232421875,-1,-1,1,-1,-1,-1
893,28,415.72296142578125,364.9734191894531,-1,-1,1,-1,-1,-1
899,28,287.68206787109375,436.45361328125,-1,-1,1,-1,-1,-1
903,28,280.6115417480469,450.38385009765625,-1,-1,1,-1,-1,-1
904,28,301.9772033691406,457.5303649902344,-1,-1,1,-1,-1,-1
1026,29,1368.2509765625,493.1942138671875,-1,-1,1,-1,-1,-1
1029,29,1311.197509765625,493.42041015625,-1,-1,1,-1,-1,-1
1030,29,1289.6748046875,493.49053955078125,-1,-1,1,-1,-1,-1
1031,29,1268.47314453125,486.1143493652344,-1,-1,1,-1,-1,-1
1032,29,1239.99462890625,486.03277587890625,-1,-1,1,-1,-1,-1
1033,29,1218.849609375,486.0738525390625,-1,-1,1,-1,-1,-1
1034,29,1190.4013671875,486.1553955078125,-1,-1,1,-1,-1,-1
1035,29,1162.097412109375,485.94573974609375,-1,-1,1,-1,-1,-1
1036,29,1140.819580078125,485.911865234375,-1,-1,1,-1,-1,-1
1037,29,1105.2900390625,485.97662353515625,-1,-1,1,-1,-1,-1
1038,29,1076.809814453125,486.0203857421875,-1,-1,1,-1,-1,-1
1042,29,955.9280395507812,464.7674255371094,-1,-1,1,-1,-1,-1
1043,29,920.3099975585938,464.76611328125,-1,-1,1,-1,-1,-1
1044,29,877.7694702148438,457.75885009765625,-1,-1,1,-1,-1,-1
1046,29,799.4835815429688,450.8658142089844,-1,-1,1,-1,-1,-1
1153,30,877.0474243164062,351.1556701660156,-1,-1,1,-1,-1,-1
1154,30,870.06884765625,358.0952453613281,-1,-1,1,-1,-1,-1
1160,30,827.7366943359375,365.2944030761719,-1,-1,1,-1,-1,-1
1161,30,813.7227172851562,372.0869140625,-1,-1,1,-1,-1,-1
1241,31,1083.677490234375,685.121337890625,-1,-1,1,-1,-1,-1
1242,31,1062.473876953125,685.078125,-1,-1,1,-1,-1,-1
1271,31,550.764404296875,635.6109619140625,-1,-1,1,-1,-1,-1
1276,31,451.29022216796875,628.5679931640625,-1,-1,1,-1,-1,-1
1284,31,309.2477111816406,628.632568359375,-1,-1,1,-1,-1,-1
1288,31,252.39175415039062,628.5513916015625,-1,-1,1,-1,-1,-1
1289,31,245.27468872070312,635.6884765625,-1,-1,1,-1,-1,-1
1290,31,238.10153198242188,635.738037109375,-1,-1,1,-1,-1,-1
1291,31,231.17449951171875,628.7166748046875,-1,-1,1,-1,-1,-1
1292,31,216.889892578125,628.5888671875,-1,-1,1,-1,-1,-1
1293,31,216.91517639160156,628.6126708984375,-1,-1,1,-1,-1,-1
1294,31,209.80307006835938,628.6367797851562,-1,-1,1,-1,-1,-1
1295,31,202.67645263671875,628.6119384765625,-1,-1,1,-1,-1,-1
1296,31,195.62161254882812,628.5235595703125,-1,-1,1,-1,-1,-1
1297,31,181.3701171875,628.6759033203125,-1,-1,1,-1,-1,-1
1298,31,174.2261962890625,628.66259765625,-1,-1,1,-1,-1,-1
1299,31,167.11517333984375,628.7373046875,-1,-1,1,-1,-1,-1
1300,31,152.91192626953125,628.5988159179688,-1,-1,1,-1,-1,-1
1301,31,145.8369140625,621.5038452148438,-1,-1,1,-1,-1,-1
1302,31,131.54624938964844,621.4863891601562,-1,-1,1,-1,-1,-1
1303,31,117.37617492675781,621.5284423828125,-1,-1,1,-1,-1,-1
1304,31,96.09072875976562,621.4346313476562,-1,-1,1,-1,-1,-1
1305,31,81.77268981933594,621.4345092773438,-1,-1,1,-1,-1,-1
1306,31,67.6048355102539,621.4722900390625,-1,-1,1,-1,-1,-1
1307,31,46.468257904052734,621.443115234375,-1,-1,1,-1,-1,-1
1399,32,1097.892578125,372.5469970703125,-1,-1,1,-1,-1,-1
1404,32,998.5225830078125,372.52520751953125,-1,-1,1,-1,-1,-1
1406,32,955.527099609375,365.5445251464844,-1,-1,1,-1,-1,-1
1458,33,693.009521484375,372.09820556640625,-1,-1,1,-1,-1,-1
1462,33,579.177978515625,365.1982421875,-1,-1,1,-1,-1,-1
1463,33,544.1387939453125,379.34027099609375,-1,-1,1,-1,-1,-1
1464,33,515.0639038085938,364.93487548828125,-1,-1,1,-1,-1,-1
1465,33,479.65386962890625,365.06829833984375,-1,-1,1,-1,-1,-1
1466,33,429.90191650390625,365.1170654296875,-1,-1,1,-1,-1,-1
1467,33,394.5992431640625,364.9365234375,-1,-1,1,-1,-1,-1
1468,33,344.58392333984375,365.06219482421875,-1,-1,1,-1,-1,-1
1578,34,1730.277099609375,664.0371704101562,-1,-1,1,-1,-1,-1
1580,34,1701.97412109375,663.7958374023438,-1,-1,1,-1,-1,-1
1582,34,1673.5877685546875,671.0661010742188,-1,-1,1,-1,-1,-1
1584,34,1645.29443359375,671.0924072265625,-1,-1,1,-1,-1,-1
1587,34,1616.75732421875,663.7183837890625,-1,-1,1,-1,-1,-1
1589,34,1595.4599609375,656.8468017578125,-1,-1,1,-1,-1,-1
1592,34,1567.13427734375,642.3486938476562,-1,-1,1,-1,-1,-1
1603,34,1488.771484375,642.4231567382812,-1,-1,1,-1,-1,-1
1605,34,1453.170654296875,649.5599365234375,-1,-1,1,-1,-1,-1
1606,34,1439.092041015625,649.572021484375,-1,-1,1,-1,-1,-1
1607,34,1417.60107421875,656.860107421875,-1,-1,1,-1,-1,-1
1608,34,1403.4415283203125,663.8350830078125,-1,-1,1,-1,-1,-1
1609,34,1382.1378173828125,663.821044921875,-1,-1,1,-1,-1,-1
1610,34,1367.919921875,671.0235595703125,-1,-1,1,-1,-1,-1
1611,34,1346.6561279296875,670.8660888671875,-1,-1,1,-1,-1,-1
1612,34,1325.299560546875,678.1348876953125,-1,-1,1,-1,-1,-1
1613,34,1304.042236328125,677.9908447265625,-1,-1,1,-1,-1,-1
1614,34,1282.69921875,685.2069091796875,-1,-1,1,-1,-1,-1
1615,34,1268.42138671875,692.146240234375,-1,-1,1,-1,-1,-1
1616,34,1247.216064453125,692.0369873046875,-1,-1,1,-1,-1,-1
1617,34,1225.959228515625,699.2205810546875,-1,-1,1,-1,-1,-1
1618,34,1204.5263671875,706.41064453125,-1,-1,1,-1,-1,-1
1619,34,1183.275634765625,706.2748413085938,-1,-1,1,-1,-1,-1
1620,34,1168.964111328125,713.5783081054688,-1,-1,1,-1,-1,-1
1621,34,1147.64111328125,713.3438720703125,-1,-1,1,-1,-1,-1
1622,34,1126.4610595703125,713.3463134765625,-1,-1,1,-1,-1,-1
1623,34,1105.137451171875,713.3446044921875,-1,-1,1,-1,-1,-1
1624,34,1083.666015625,720.6097412109375,-1,-1,1,-1,-1,-1
1625,34,1069.47998046875,720.4296875,-1,-1,1,-1,-1,-1
1626,34,1048.1348876953125,713.279296875,-1,-1,1,-1,-1,-1
1627,34,1019.8900756835938,713.4451904296875,-1,-1,1,-1,-1,-1
1628,34,1005.58544921875,713.2724609375,-1,-1,1,-1,-1,-1
1629,34,984.3199462890625,713.4818115234375,-1,-1,1,-1,-1,-1
1630,34,963.0201416015625,713.3232421875,-1,-1,1,-1,-1,-1
1631,34,941.5615234375,713.6151123046875,-1,-1,1,-1,-1,-1
1632,34,920.2711181640625,713.6322021484375,-1,-1,1,-1,-1,-1
1634,34,884.8623046875,706.238525390625,-1,-1,1,-1,-1,-1
1636,34,849.190673828125,706.2120971679688,-1,-1,1,-1,-1,-1
1637,34,828.0428466796875,706.22021484375,-1,-1,1,-1,-1,-1
1638,34,806.78662109375,706.32568359375,-1,-1,1,-1,-1,-1
1643,34,707.2779541015625,706.348388671875,-1,-1,1,-1,-1,-1
1644,34,693.0712890625,706.387451171875,-1,-1,1,-1,-1,-1
1646,34,650.3648681640625,699.0752563476562,-1,-1,1,-1,-1,-1
1647,34,622.0530395507812,699.213623046875,-1,-1,1,-1,-1,-1
1649,34,565.189697265625,692.1100463867188,-1,-1,1,-1,-1,-1
1651,34,515.3225708007812,685.1190795898438,-1,-1,1,-1,-1,-1
1652,34,480.019775390625,677.643798828125,-1,-1,1,-1,-1,-1
1653,34,451.38665771484375,670.613525390625,-1,-1,1,-1,-1,-1
1656,34,345.01068115234375,663.6439208984375,-1,-1,1,-1,-1,-1
1722,35,1204.591796875,457.4996337890625,-1,-1,1,-1,-1,-1
1723,35,1197.298583984375,450.253662109375,-1,-1,1,-1,-1,-1
1724,35,1183.197021484375,450.0373840332031,-1,-1,1,-1,-1,-1
1725,35,1175.9844970703125,450.38275146484375,-1,-1,1,-1,-1,-1
1730,35,1147.60400390625,429.0111083984375,-1,-1,1,-1,-1,-1
1734,35,1112.1890869140625,421.94189453125,-1,-1,1,-1,-1,-1
1802,36,1325.39501953125,805.9996337890625,-1,-1,1,-1,-1,-1
1809,36,955.878662109375,763.30859375,-1,-1,1,-1,-1,-1
1811,36,863.62109375,756.1715087890625,-1,-1,1,-1,-1,-1
1813,36,771.2344970703125,748.9774169921875,-1,-1,1,-1,-1,-1
1850,37,1211.6724853515625,443.69110107421875,-1,-1,1,-1,-1,-1
1862,37,1034.046142578125,507.0860290527344,-1,-1,1,-1,-1,-1
1864,37,1012.5799560546875,521.37353515625,-1,-1,1,-1,-1,-1
1865,37,1012.56298828125,507.5118408203125,-1,-1,1,-1,-1,-1
1866,37,998.5526123046875,507.68475341796875,-1,-1,1,-1,-1,-1
1867,37,984.2987060546875,514.8641967773438,-1,-1,1,-1,-1,-1
1868,37,969.984130859375,521.9248046875,-1,-1,1,-1,-1,-1
1870,37,955.8460083007812,529.1006469726562,-1,-1,1,-1,-1,-1
1871,37,941.6146240234375,536.302490234375,-1,-1,1,-1,-1,-1
1875,37,913.1956787109375,550.2398681640625,-1,-1,1,-1,-1,-1
1877,37,891.8851318359375,557.3177490234375,-1,-1,1,-1,-1,-1
1880,37,870.47412109375,564.4814453125,-1,-1,1,-1,-1,-1
1881,37,863.6456909179688,571.8193359375,-1,-1,1,-1,-1,-1
1882,37,856.4805297851562,571.8779296875,-1,-1,1,-1,-1,-1
1883,37,849.3662719726562,571.8626098632812,-1,-1,1,-1,-1,-1
1884,37,842.2734375,571.7493896484375,-1,-1,1,-1,-1,-1
1885,37,835.283447265625,578.9195556640625,-1,-1,1,-1,-1,-1
1887,37,813.941650390625,571.8320922851562,-1,-1,1,-1,-1,-1
1888,37,806.679931640625,571.6900634765625,-1,-1,1,-1,-1,-1
1889,37,799.6697998046875,564.6754150390625,-1,-1,1,-1,-1,-1
1890,37,799.6611938476562,571.8201904296875,-1,-1,1,-1,-1,-1
1891,37,799.7470703125,564.7040405273438,-1,-1,1,-1,-1,-1
1892,37,799.6349487304688,571.839599609375,-1,-1,1,-1,-1,-1
1893,37,799.730712890625,571.9447021484375,-1,-1,1,-1,-1,-1
1894,37,792.459716796875,571.8323364257812,-1,-1,1,-1,-1,-1
1895,37,792.461181640625,571.7376708984375,-1,-1,1,-1,-1,-1
1896,37,792.6571655273438,571.7740478515625,-1,-1,1,-1,-1,-1
1897,37,792.6434326171875,579.1087646484375,-1,-1,1,-1,-1,-1
1898,37,785.3487548828125,579.1028442382812,-1,-1,1,-1,-1,-1
1899,37,785.2443237304688,579.0423583984375,-1,-1,1,-1,-1,-1
1901,37,785.4027099609375,571.7529296875,-1,-1,1,-1,-1,-1
1902,37,778.1700439453125,571.71484375,-1,-1,1,-1,-1,-1
1903,37,778.0604248046875,571.743408203125,-1,-1,1,-1,-1,-1
1904,37,778.1385498046875,571.784912109375,-1,-1,1,-1,-1,-1
1920,37,756.5423583984375,550.4605102539062,-1,-1,1,-1,-1,-1
1927,37,735.5794067382812,564.5656127929688,-1,-1,1,-1,-1,-1
1932,37,699.77734375,571.76708984375,-1,-1,1,-1,-1,-1
1943,38,1502.775146484375,315.8011474609375,-1,-1,1,-1,-1,-1
1944,38,1481.25830078125,315.8463439941406,-1,-1,1,-1,-1,-1
1948,38,1410.331787109375,301.66259765625,-1,-1,1,-1,-1,-1
1949,38,1389.1412353515625,294.485595703125,-1,-1,1,-1,-1,-1
1951,38,1353.25048828125,294.4197692871094,-1,-1,1,-1,-1,-1
1953,38,1310.801025390625,287.4281311035156,-1,-1,1,-1,-1,-1
1955,38,1268.230224609375,280.1667785644531,-1,-1,1,-1,-1,-1
1959,38,1197.182861328125,266.05999755859375,-1,-1,1,-1,-1,-1
1960,37,288.06292724609375,465.0340881347656,-1,-1,1,-1,-1,-1
1960,38,1175.742919921875,265.8955383300781,-1,-1,1,-1,-1,-1
1961,38,1161.608642578125,258.9548645019531,-1,-1,1,-1,-1,-1
1962,38,1140.2650146484375,258.8880310058594,-1,-1,1,-1,-1,-1
1963,38,1126.217041015625,258.8269958496094,-1,-1,1,-1,-1,-1
1964,38,1104.9189453125,251.8779296875,-1,-1,1,-1,-1,-1
1965,38,1090.689208984375,251.88363647460938,-1,-1,1,-1,-1,-1
1966,38,1076.44140625,251.8671875,-1,-1,1,-1,-1,-1
1967,38,1055.236572265625,251.636962890625,-1,-1,1,-1,-1,-1
1968,38,1040.913818359375,251.73895263671875,-1,-1,1,-1,-1,-1
1969,38,1026.8935546875,251.62136840820312,-1,-1,1,-1,-1,-1
1970,38,1012.4276123046875,251.68313598632812,-1,-1,1,-1,-1,-1
1972,38,983.9337158203125,251.7635498046875,-1,-1,1,-1,-1,-1
1973,38,969.764404296875,251.79981994628906,-1,-1,1,-1,-1,-1
1974,38,962.5438842773438,251.7698974609375,-1,-1,1,-1,-1,-1
1992,38,735.56396484375,187.81039428710938,-1,-1,1,-1,-1,-1
1993,38,714.236083984375,187.82534790039062,-1,-1,1,-1,-1,-1
1994,38,692.7015380859375,187.75587463378906,-1,-1,1,-1,-1,-1
1995,38,678.6738891601562,180.6007080078125,-1,-1,1,-1,-1,-1
1996,38,628.9974365234375,216.25802612304688,-1,-1,1,-1,-1,-1
2008,38,401.85498046875,123.84091186523438,-1,-1,1,-1,-1,-1
2017,38,188.54611206054688,152.05535888671875,-1,-1,1,-1,-1,-1
2018,38,160.08045959472656,152.34381103515625,-1,-1,1,-1,-1,-1
2019,38,124.5731201171875,159.3949737548828,-1,-1,1,-1,-1,-1
2020,38,96.17522430419922,159.42465209960938,-1,-1,1,-1,-1,-1
2071,39,394.48480224609375,990.7052001953125,-1,-1,1,-1,-1,-1
2072,39,415.97552490234375,983.6337890625,-1,-1,1,-1,-1,-1
2073,39,358.896240234375,976.3864135742188,-1,-1,1,-1,-1,-1
2131,40,557.785888671875,414.900146484375,-1,-1,1,-1,-1,-1
2132,40,565.2530517578125,400.9034423828125,-1,-1,1,-1,-1,-1
2134,40,571.95947265625,407.88311767578125,-1,-1,1,-1,-1,-1
2238,41,1140.72509765625,358.0899658203125,-1,-1,1,-1,-1,-1
2242,41,1112.3055419921875,336.46533203125,-1,-1,1,-1,-1,-1
2243,41,1104.952392578125,329.425537109375,-1,-1,1,-1,-1,-1
2244,41,1097.8896484375,329.4459228515625,-1,-1,1,-1,-1,-1
2262,42,1374.57958984375,678.3887939453125,-1,-1,1,-1,-1,-1
2265,42,1310.6923828125,671.2159423828125,-1,-1,1,-1,-1,-1
2266,42,1296.54296875,671.2838134765625,-1,-1,1,-1,-1,-1
2268,42,1254.025390625,664.0963134765625,-1,-1,1,-1,-1,-1
2272,43,1666.07470703125,699.5601806640625,-1,-1,1,-1,-1,-1
2273,43,1644.805419921875,699.4431762695312,-1,-1,1,-1,-1,-1
2277,43,1552.5130615234375,699.303955078125,-1,-1,1,-1,-1,-1
2280,43,1460.363037109375,692.2388916015625,-1,-1,1,-1,-1,-1
2283,43,1367.640869140625,685.314208984375,-1,-1,1,-1,-1,-1
2284,43,1332.269287109375,685.1199951171875,-1,-1,1,-1,-1,-1
2285,43,1296.658935546875,685.2537841796875,-1,-1,1,-1,-1,-1
2286,43,1261.2183837890625,685.1022338867188,-1,-1,1,-1,-1,-1
2287,43,1225.7347412109375,685.1032104492188,-1,-1,1,-1,-1,-1
2288,43,1190.22021484375,685.2442626953125,-1,-1,1,-1,-1,-1
2289,43,1154.5546875,692.474365234375,-1,-1,1,-1,-1,-1
2290,43,1119.021484375,692.3617553710938,-1,-1,1,-1,-1,-1
2291,42,479.98760986328125,678.0941772460938,-1,-1,1,-1,-1,-1
2291,43,1090.52734375,699.5181884765625,-1,-1,1,-1,-1,-1
2293,43,1012.4676513671875,706.7514038085938,-1,-1,1,-1,-1,-1
2294,43,977.1771240234375,706.4603881835938,-1,-1,1,-1,-1,-1
2295,43,934.05712890625,706.450439453125,-1,-1,1,-1,-1,-1
2296,43,891.501953125,713.8270263671875,-1,-1,1,-1,-1,-1
2297,43,834.69775390625,713.5469970703125,-1,-1,1,-1,-1,-1
2297,44,1410.5313720703125,720.5493774414062,-1,-1,1,-1,-1,-1
2298,43,799.1409912109375,720.7059326171875,-1,-1,1,-1,-1,-1
2298,44,1375.080078125,720.57373046875,-1,-1,1,-1,-1,-1
2299,43,756.7415771484375,720.6658325195312,-1,-1,1,-1,-1,-1
2299,44,1346.7421875,720.7996826171875,-1,-1,1,-1,-1,-1
2300,43,721.0438842773438,720.669189453125,-1,-1,1,-1,-1,-1
2300,44,1311.11181640625,720.4976806640625,-1,-1,1,-1,-1,-1
2301,43,678.6270751953125,727.8350830078125,-1,-1,1,-1,-1,-1
2302,43,635.5831298828125,727.8018188476562,-1,-1,1,-1,-1,-1
2302,44,1247.291015625,727.8150634765625,-1,-1,1,-1,-1,-1
2303,44,1211.664794921875,727.9898071289062,-1,-1,1,-1,-1,-1
2304,43,550.51513671875,735.0125732421875,-1,-1,1,-1,-1,-1
2305,44,1147.73291015625,734.884033203125,-1,-1,1,-1,-1,-1
2306,43,458.0391845703125,742.1129760742188,-1,-1,1,-1,-1,-1
2306,44,1112.22021484375,734.7068481445312,-1,-1,1,-1,-1,-1
2307,44,1076.799072265625,734.9151000976562,-1,-1,1,-1,-1,-1
2308,44,1048.07666015625,742.0823974609375,-1,-1,1,-1,-1,-1
2309,44,1012.5442504882812,741.95947265625,-1,-1,1,-1,-1,-1
2319,44,700.0103149414062,741.9412841796875,-1,-1,1,-1,-1,-1
2320,44,664.376708984375,741.98876953125,-1,-1,1,-1,-1,-1
2322,44,586.465087890625,735.169921875,-1,-1,1,-1,-1,-1
2323,44,550.8847045898438,735.1190185546875,-1,-1,1,-1,-1,-1
2324,44,508.38128662109375,735.072021484375,-1,-1,1,-1,-1,-1
2445,45,1453.3658447265625,685.0790405273438,-1,-1,1,-1,-1,-1
2447,45,1403.67578125,685.0492553710938,-1,-1,1,-1,-1,-1
2450,45,1325.53271484375,684.84326171875,-1,-1,1,-1,-1,-1
2452,45,1275.843994140625,685.1048583984375,-1,-1,1,-1,-1,-1
2453,45,1247.333984375,685.1994018554688,-1,-1,1,-1,-1,-1
2456,45,1169.10498046875,692.213623046875,-1,-1,1,-1,-1,-1
2471,46,1418.067138671875,656.6323852539062,-1,-1,1,-1,-1,-1
2477,45,550.9312744140625,727.72607421875,-1,-1,1,-1,-1,-1
2490,46,544.1484375,606.81005859375,-1,-1,1,-1,-1,-1
2491,46,479.74359130859375,599.8367919921875,-1,-1,1,-1,-1,-1
2541,47,1353.72265625,436.0599365234375,-1,-1,1,-1,-1,-1
2550,47,756.8995361328125,407.9744873046875,-1,-1,1,-1,-1,-1
2551,47,679.4380493164062,429.2703857421875,-1,-1,1,-1,-1,-1
2552,47,600.7244873046875,401.03021240234375,-1,-1,1,-1,-1,-1
2554,47,423.2308349609375,394.1114501953125,-1,-1,1,-1,-1,-1
2555,47,338.450439453125,379.7425537109375,-1,-1,1,-1,-1,-1
2556,47,231.57308959960938,365.541748046875,-1,-1,1,-1,-1,-1
2557,47,132.08016967773438,351.421142578125,-1,-1,1,-1,-1,-1
2614,48,1588.424560546875,315.72613525390625,-1,-1,1,-1,-1,-1
2617,48,1545.857666015625,287.3467102050781,-1,-1,1,-1,-1,-1
2618,48,1524.611083984375,280.0474853515625,-1,-1,1,-1,-1,-1
2779,49,1503.1314697265625,713.6036987304688,-1,-1,1,-1,-1,-1
2791,49,1197.5859375,727.7803955078125,-1,-1,1,-1,-1,-1
2796,49,1027.0716552734375,727.654052734375,-1,-1,1,-1,-1,-1
2798,49,941.591552734375,727.6401977539062,-1,-1,1,-1,-1,-1
2802,49,756.8431396484375,720.5926513671875,-1,-1,1,-1,-1,-1
2805,49,629.1328125,685.0720825195312,-1,-1,1,-1,-1,-1
2808,49,494.1398620605469,685.0952758789062,-1,-1,1,-1,-1,-1
2809,49,444.5838317871094,692.2376708984375,-1,-1,1,-1,-1,-1
2810,49,394.90301513671875,692.0385131835938,-1,-1,1,-1,-1,-1
2810,50,1368.5177001953125,379.6334533691406,-1,-1,1,-1,-1,-1
2811,49,344.9898681640625,699.312744140625,-1,-1,1,-1,-1,-1
2811,50,1311.3408203125,379.8239440917969,-1,-1,1,-1,-1,-1
2812,49,295.1978454589844,706.3902587890625,-1,-1,1,-1,-1,-1
2812,50,1240.4697265625,380.1961669921875,-1,-1,1,-1,-1,-1
2836,51,1247.250244140625,734.3701171875,-1,-1,1,-1,-1,-1
2841,52,1346.584228515625,528.7899169921875,-1,-1,1,-1,-1,-1
2842,52,1325.275634765625,528.660400390625,-1,-1,1,-1,-1,-1
2843,52,1296.568115234375,528.7787475585938,-1,-1,1,-1,-1,-1
2850,51,643.608642578125,755.8582763671875,-1,-1,1,-1,-1,-1
2851,51,594.067138671875,762.8367919921875,-1,-1,1,-1,-1,-1
2852,51,544.0491943359375,763.0343017578125,-1,-1,1,-1,-1,-1
2853,51,487.35888671875,763.2069702148438,-1,-1,1,-1,-1,-1
2902,53,991.659423828125,741.8438720703125,-1,-1,1,-1,-1,-1
2902,54,1162.237548828125,805.5833740234375,-1,-1,1,-1,-1,-1
2903,54,1105.456298828125,798.4443359375,-1,-1,1,-1,-1,-1
2904,53,785.7232055664062,727.89453125,-1,-1,1,-1,-1,-1
2904,54,1055.6630859375,805.6705322265625,-1,-1,1,-1,-1,-1
2908,54,813.94970703125,819.60400390625,-1,-1,1,-1,-1,-1
2909,53,537.1983642578125,741.901123046875,-1,-1,1,-1,-1,-1
2910,53,458.9316711425781,748.5003662109375,-1,-1,1,-1,-1,-1
2932,55,1517.0916748046875,699.4786376953125,-1,-1,1,-1,-1,-1
2938,55,1481.7099609375,706.650146484375,-1,-1,1,-1,-1,-1
2939,55,1474.7581787109375,706.682861328125,-1,-1,1,-1,-1,-1
2940,55,1467.59814453125,713.7927856445312,-1,-1,1,-1,-1,-1
2941,55,1460.502685546875,720.7332763671875,-1,-1,1,-1,-1,-1
2947,55,1396.3519287109375,720.7921142578125,-1,-1,1,-1,-1,-1
2948,55,1382.126220703125,720.736328125,-1,-1,1,-1,-1,-1
2963,56,1382.200439453125,742.068359375,-1,-1,1,-1,-1,-1
2971,56,1048.52783203125,756.084228515625,-1,-1,1,-1,-1,-1
2972,56,1013.1156005859375,763.343505859375,-1,-1,1,-1,-1,-1
2973,56,977.3624267578125,763.075439453125,-1,-1,1,-1,-1,-1
2974,56,941.8953857421875,755.9925537109375,-1,-1,1,-1,-1,-1
2975,56,913.48779296875,756.2514038085938,-1,-1,1,-1,-1,-1
2976,56,877.8931884765625,749.027099609375,-1,-1,1,-1,-1,-1
2977,56,842.407958984375,749.2171630859375,-1,-1,1,-1,-1,-1
2978,56,821.3403930664062,748.9815673828125,-1,-1,1,-1,-1,-1
2979,56,778.076904296875,734.9935302734375,-1,-1,1,-1,-1,-1
2980,56,749.716796875,742.309814453125,-1,-1,1,-1,-1,-1
2981,56,721.46337890625,742.1848754882812,-1,-1,1,-1,-1,-1
2982,56,678.7745971679688,734.9712524414062,-1,-1,1,-1,-1,-1
2983,56,650.7001953125,734.8091430664062,-1,-1,1,-1,-1,-1
2984,56,607.6383056640625,742.207275390625,-1,-1,1,-1,-1,-1
2985,56,565.1241455078125,735.0054321289062,-1,-1,1,-1,-1,-1
2986,56,515.337890625,727.6896362304688,-1,-1,1,-1,-1,-1
2987,56,465.589599609375,720.7210693359375,-1,-1,1,-1,-1,-1
2990,56,330.8731994628906,741.8802490234375,-1,-1,1,-1,-1,-1
3094,57,593.5043334960938,770.336181640625,-1,-1,1,-1,-1,-1
3095,57,557.984619140625,777.2327880859375,-1,-1,1,-1,-1,-1
3097,57,479.83294677734375,784.536376953125,-1,-1,1,-1,-1,-1
3098,57,444.4610595703125,791.7296142578125,-1,-1,1,-1,-1,-1
3142,58,1290.1046142578125,748.9898681640625,-1,-1,1,-1,-1,-1
3152,59,1652.280517578125,670.67724609375,-1,-1,1,-1,-1,-1
3153,58,1027.38671875,734.8433837890625,-1,-1,1,-1,-1,-1
3155,59,1588.1951904296875,677.982421875,-1,-1,1,-1,-1,-1
3156,59,1574.19384765625,678.1132202148438,-1,-1,1,-1,-1,-1
3157,59,1545.649169921875,677.8436279296875,-1,-1,1,-1,-1,-1
3158,59,1531.37744140625,677.6630859375,-1,-1,1,-1,-1,-1
3159,58,871.101806640625,742.1262817382812,-1,-1,1,-1,-1,-1
3162,59,1466.87255859375,670.8922119140625,-1,-1,1,-1,-1,-1
3163,59,1452.92626953125,670.821533203125,-1,-1,1,-1,-1,-1
3164,59,1431.591796875,670.8902587890625,-1,-1,1,-1,-1,-1
3165,59,1417.431396484375,663.8349609375,-1,-1,1,-1,-1,-1
3166,59,1403.2874755859375,663.9716796875,-1,-1,1,-1,-1,-1
3167,59,1388.933349609375,656.6431884765625,-1,-1,1,-1,-1,-1
3175,59,1296.5645751953125,650.326416015625,-1,-1,1,-1,-1,-1
3180,59,1211.2716064453125,628.4254760742188,-1,-1,1,-1,-1,-1
3182,59,1168.603515625,621.5777587890625,-1,-1,1,-1,-1,-1
3183,59,1140.137939453125,614.431884765625,-1,-1,1,-1,-1,-1
3184,59,1118.8360595703125,614.65625,-1,-1,1,-1,-1,-1
3185,59,1090.57568359375,614.9403686523438,-1,-1,1,-1,-1,-1
3187,59,1047.9605712890625,607.4718017578125,-1,-1,1,-1,-1,-1
3193,59,920.2691650390625,621.82861328125,-1,-1,1,-1,-1,-1
3194,59,892.027587890625,614.297119140625,-1,-1,1,-1,-1,-1
3195,59,870.7518310546875,614.44775390625,-1,-1,1,-1,-1,-1
3196,59,841.97900390625,614.4917602539062,-1,-1,1,-1,-1,-1
3197,59,821.0781860351562,614.4367065429688,-1,-1,1,-1,-1,-1
3198,59,792.4669189453125,614.544921875,-1,-1,1,-1,-1,-1
3199,59,763.918212890625,621.5438232421875,-1,-1,1,-1,-1,-1
3200,59,742.414306640625,621.4437255859375,-1,-1,1,-1,-1,-1
3201,59,714.2392578125,621.5357666015625,-1,-1,1,-1,-1,-1
3202,59,685.9044189453125,621.3502197265625,-1,-1,1,-1,-1,-1
3203,59,657.4857788085938,621.4631958007812,-1,-1,1,-1,-1,-1
3204,59,636.3380126953125,621.4632568359375,-1,-1,1,-1,-1,-1
3207,59,536.6007690429688,614.468505859375,-1,-1,1,-1,-1,-1
3208,59,500.88983154296875,614.4813232421875,-1,-1,1,-1,-1,-1
3388,60,565.0287475585938,621.3345947265625,-1,-1,1,-1,-1,-1
3396,60,408.83441162109375,571.7681274414062,-1,-1,1,-1,-1,-1
3418,60,167.23947143554688,557.3984375,-1,-1,1,-1,-1,-1
3419,60,160.1322784423828,550.18115234375,-1,-1,1,-1,-1,-1
3420,60,145.85488891601562,550.2359619140625,-1,-1,1,-1,-1,-1
3961,61,693.1951904296875,585.187744140625,-1,-1,1,-1,-1,-1
3963,61,622.1182861328125,592.406982421875,-1,-1,1,-1,-1,-1
3964,61,586.544921875,592.1861572265625,-1,-1,1,-1,-1,-1
3992,62,827.7501220703125,635.501220703125,-1,-1,1,-1,-1,-1
3993,62,792.2042236328125,635.7333374023438,-1,-1,1,-1,-1,-1
3995,62,728.355224609375,635.8685302734375,-1,-1,1,-1,-1,-1
4001,62,550.9784545898438,635.9047241210938,-1,-1,1,-1,-1,-1
4064,63,1446.431640625,664.615234375,-1,-1,1,-1,-1,-1
4065,63,1411.0450439453125,664.4244995117188,-1,-1,1,-1,-1,-1
4066,63,1375.333984375,664.5276489257812,-1,-1,1,-1,-1,-1
4067,63,1325.383544921875,656.9293212890625,-1,-1,1,-1,-1,-1
4068,63,1289.90234375,657.2344970703125,-1,-1,1,-1,-1,-1
4082,63,707.0968017578125,628.9449462890625,-1,-1,1,-1,-1,-1
4083,63,657.6778564453125,621.4981079101562,-1,-1,1,-1,-1,-1
4084,63,614.8228759765625,614.6175537109375,-1,-1,1,-1,-1,-1
4085,63,572.1012573242188,607.6336669921875,-1,-1,1,-1,-1,-1
4169,64,1466.806396484375,593.3643188476562,-1,-1,1,-1,-1,-1
4173,64,1381.4388427734375,593.56396484375,-1,-1,1,-1,-1,-1
4175,64,1345.932373046875,593.4657592773438,-1,-1,1,-1,-1,-1
4176,64,1324.614990234375,586.421875,-1,-1,1,-1,-1,-1
4177,64,1296.78271484375,586.1001586914062,-1,-1,1,-1,-1,-1
4178,64,1275.5125732421875,586.08056640625,-1,-1,1,-1,-1,-1
4179,64,1246.640869140625,586.2533569335938,-1,-1,1,-1,-1,-1
4181,64,1175.979736328125,586.11767578125,-1,-1,1,-1,-1,-1
4182,64,1133.46484375,579.0240478515625,-1,-1,1,-1,-1,-1
4183,64,1090.5849609375,579.1240234375,-1,-1,1,-1,-1,-1
4185,64,1019.669677734375,579.10400390625,-1,-1,1,-1,-1,-1
4185,65,1396.599609375,621.2415161132812,-1,-1,1,-1,-1,-1
4186,64,976.9624633789062,579.0401611328125,-1,-1,1,-1,-1,-1
4186,65,1361.100830078125,621.249267578125,-1,-1,1,-1,-1,-1
4187,64,941.31884765625,586.2380981445312,-1,-1,1,-1,-1,-1
4187,65,1318.520751953125,628.219482421875,-1,-1,1,-1,-1,-1
4188,64,905.8343505859375,586.0,-1,-1,1,-1,-1,-1
4188,65,1275.8367919921875,628.3348388671875,-1,-1,1,-1,-1,-1
4189,65,1239.94287109375,628.6251220703125,-1,-1,1,-1,-1,-1
4190,65,1204.32861328125,635.6138916015625,-1,-1,1,-1,-1,-1
4191,64,778.15380859375,600.06298828125,-1,-1,1,-1,-1,-1
4191,65,1154.4407958984375,635.6919555664062,-1,-1,1,-1,-1,-1
4196,65,1048.3294677734375,741.8433837890625,-1,-1,1,-1,-1,-1
4201,65,828.1708984375,756.205810546875,-1,-1,1,-1,-1,-1
4202,65,778.2955322265625,763.3023681640625,-1,-1,1,-1,-1,-1
4203,65,735.7579345703125,770.4134521484375,-1,-1,1,-1,-1,-1
4204,65,686.0149536132812,777.5193481445312,-1,-1,1,-1,-1,-1
4205,65,629.1961669921875,784.4674072265625,-1,-1,1,-1,-1,-1
4206,65,572.3493041992188,784.4578247070312,-1,-1,1,-1,-1,-1
4207,65,515.42041015625,784.6083984375,-1,-1,1,-1,-1,-1
4208,65,451.63482666015625,777.35791015625,-1,-1,1,-1,-1,-1
4209,65,373.46044921875,777.3621826171875,-1,-1,1,-1,-1,-1
4211,65,217.2989501953125,756.3272705078125,-1,-1,1,-1,-1,-1
4212,65,124.81940460205078,749.0310668945312,-1,-1,1,-1,-1,-1
4226,66,1297.182373046875,876.7740478515625,-1,-1,1,-1,-1,-1
4227,66,1254.599365234375,884.1329345703125,-1,-1,1,-1,-1,-1
4228,66,1211.868896484375,883.993408203125,-1,-1,1,-1,-1,-1
4229,66,1176.485595703125,891.1838989257812,-1,-1,1,-1,-1,-1
4264,67,1432.117919921875,209.53431701660156,-1,-1,1,-1,-1,-1
4265,67,1410.927490234375,209.32025146484375,-1,-1,1,-1,-1,-1
4266,67,1382.496337890625,244.5542755126953,-1,-1,1,-1,-1,-1
4268,67,1332.988037109375,216.28982543945312,-1,-1,1,-1,-1,-1
4292,68,1233.219970703125,756.3470458984375,-1,-1,1,-1,-1,-1
4293,68,1183.25244140625,749.2537841796875,-1,-1,1,-1,-1,-1
4296,68,1055.334228515625,756.203125,-1,-1,1,-1,-1,-1
4302,68,799.6722412109375,770.5262451171875,-1,-1,1,-1,-1,-1
4304,68,671.8823852539062,763.4288330078125,-1,-1,1,-1,-1,-1
4305,68,629.6448364257812,770.3543701171875,-1,-1,1,-1,-1,-1
4307,68,530.06298828125,770.2947998046875,-1,-1,1,-1,-1,-1
4308,68,480.4598388671875,777.45654296875,-1,-1,1,-1,-1,-1
4309,68,423.41448974609375,777.6419677734375,-1,-1,1,-1,-1,-1
4310,68,366.4185791015625,777.5252685546875,-1,-1,1,-1,-1,-1
4312,68,245.54193115234375,777.822998046875,-1,-1,1,-1,-1,-1
4312,69,1126.09765625,792.2518310546875,-1,-1,1,-1,-1,-1
4313,69,1090.797607421875,792.194580078125,-1,-1,1,-1,-1,-1
4314,69,1033.888427734375,799.15283203125,-1,-1,1,-1,-1,-1
4315,69,1005.1834716796875,792.2667846679688,-1,-1,1,-1,-1,-1
4316,69,941.6712646484375,799.231201171875,-1,-1,1,-1,-1,-1
4317,69,891.7158203125,799.2462158203125,-1,-1,1,-1,-1,-1
4318,69,841.8935546875,799.3348999023438,-1,-1,1,-1,-1,-1
4324,70,1168.300048828125,607.26611328125,-1,-1,1,-1,-1,-1
4327,69,443.9591064453125,848.6045532226562,-1,-1,1,-1,-1,-1
4328,69,380.3701477050781,855.789794921875,-1,-1,1,-1,-1,-1
4329,69,316.5742492675781,862.80859375,-1,-1,1,-1,-1,-1
4330,69,295.13067626953125,862.4873046875,-1,-1,1,-1,-1,-1
4332,70,977.47705078125,636.7760009765625,-1,-1,1,-1,-1,-1
4334,70,920.28125,657.8272094726562,-1,-1,1,-1,-1,-1
4394,71,1126.48583984375,763.4476318359375,-1,-1,1,-1,-1,-1
4396,71,1062.587158203125,763.208251953125,-1,-1,1,-1,-1,-1
4399,71,977.2280883789062,770.4027099609375,-1,-1,1,-1,-1,-1
4401,71,913.1260986328125,770.2659912109375,-1,-1,1,-1,-1,-1
4402,71,884.7760620117188,770.2064208984375,-1,-1,1,-1,-1,-1
4405,71,785.437255859375,777.4410400390625,-1,-1,1,-1,-1,-1
4406,71,749.8135986328125,777.3861083984375,-1,-1,1,-1,-1,-1
4407,71,714.4029541015625,777.4930419921875,-1,-1,1,-1,-1,-1
4412,71,550.9205322265625,770.4456787109375,-1,-1,1,-1,-1,-1
4419,72,984.2900390625,742.3213500976562,-1,-1,1,-1,-1,-1
4420,72,962.853759765625,735.0623779296875,-1,-1,1,-1,-1,-1
4424,72,834.9608154296875,727.9898681640625,-1,-1,1,-1,-1,-1
4438,73,1326.3310546875,295.1819152832031,-1,-1,1,-1,-1,-1
4440,73,1133.8199462890625,280.8431701660156,-1,-1,1,-1,-1,-1
4441,73,1034.3951416015625,273.8612976074219,-1,-1,1,-1,-1,-1
4442,73,927.814697265625,245.76707458496094,-1,-1,1,-1,-1,-1
4444,73,693.0947875976562,223.79542541503906,-1,-1,1,-1,-1,-1
4557,74,1318.38525390625,862.76904296875,-1,-1,1,-1,-1,-1
4560,74,1232.927734375,863.0423583984375,-1,-1,1,-1,-1,-1
4562,74,1183.17578125,863.06005859375,-1,-1,1,-1,-1,-1
4563,74,1154.72802734375,863.0020751953125,-1,-1,1,-1,-1,-1
4564,74,1119.00634765625,855.8731689453125,-1,-1,1,-1,-1,-1
4565,74,1090.625244140625,848.5790405273438,-1,-1,1,-1,-1,-1
4566,74,1069.3359375,855.9483642578125,-1,-1,1,-1,-1,-1
4567,74,1040.99462890625,848.969970703125,-1,-1,1,-1,-1,-1
4576,74,714.2859497070312,841.6658935546875,-1,-1,1,-1,-1,-1
4577,74,657.292236328125,820.3011474609375,-1,-1,1,-1,-1,-1
4578,74,643.1632690429688,841.72998046875,-1,-1,1,-1,-1,-1
4579,74,579.1865844726562,820.1000366210938,-1,-1,1,-1,-1,-1
4580,74,565.05712890625,841.6971435546875,-1,-1,1,-1,-1,-1
4581,74,522.2628173828125,841.7769775390625,-1,-1,1,-1,-1,-1
4840,75,515.2957763671875,635.301025390625,-1,-1,1,-1,-1,-1
4841,75,486.98944091796875,628.2529296875,-1,-1,1,-1,-1,-1
4842,75,465.5634765625,628.449951171875,-1,-1,1,-1,-1,-1
4843,75,444.39483642578125,621.12744140625,-1,-1,1,-1,-1,-1
4844,75,423.0103759765625,621.2027587890625,-1,-1,1,-1,-1,-1
4852,75,195.5420379638672,606.8148803710938,-1,-1,1,-1,-1,-1
4882,76,1559.891845703125,748.5178833007812,-1,-1,1,-1,-1,-1
4888,77,1879.8912353515625,621.161376953125,-1,-1,1,-1,-1,-1
4889,77,1872.5115966796875,621.1490478515625,-1,-1,1,-1,-1,-1
4890,76,1389.224853515625,706.5458984375,-1,-1,1,-1,-1,-1
4890,77,1858.26220703125,621.384521484375,-1,-1,1,-1,-1,-1
4891,77,1843.875244140625,621.5694580078125,-1,-1,1,-1,-1,-1
4892,77,1837.030517578125,614.1290893554688,-1,-1,1,-1,-1,-1
4893,77,1829.83544921875,621.3648681640625,-1,-1,1,-1,-1,-1
4894,77,1822.583251953125,628.4793090820312,-1,-1,1,-1,-1,-1
4895,77,1808.5050048828125,621.1757202148438,-1,-1,1,-1,-1,-1
4896,77,1801.33984375,620.9990234375,-1,-1,1,-1,-1,-1
4897,77,1787.095458984375,621.1612548828125,-1,-1,1,-1,-1,-1
4898,77,1779.853271484375,628.412109375,-1,-1,1,-1,-1,-1
4899,77,1765.767578125,628.47412109375,-1,-1,1,-1,-1,-1
4900,77,1758.7979736328125,628.5452270507812,-1,-1,1,-1,-1,-1
4901,76,1133.732177734375,727.6695556640625,-1,-1,1,-1,-1,-1
4901,77,1758.728515625,635.659423828125,-1,-1,1,-1,-1,-1
4902,76,1112.219482421875,734.97412109375,-1,-1,1,-1,-1,-1
4902,77,1758.8016357421875,635.54638671875,-1,-1,1,-1,-1,-1
4903,76,1083.7255859375,735.0772705078125,-1,-1,1,-1,-1,-1
4903,77,1751.640625,642.7694091796875,-1,-1,1,-1,-1,-1
4904,77,1744.64208984375,642.9003295898438,-1,-1,1,-1,-1,-1
4905,76,956.024658203125,706.481201171875,-1,-1,1,-1,-1,-1
4905,77,1737.54638671875,642.82861328125,-1,-1,1,-1,-1,-1
4906,76,934.6483154296875,706.4063720703125,-1,-1,1,-1,-1,-1
4906,77,1730.401611328125,642.7513427734375,-1,-1,1,-1,-1,-1
4907,76,906.2011108398438,706.3054809570312,-1,-1,1,-1,-1,-1
4907,77,1723.35693359375,642.7455444335938,-1,-1,1,-1,-1,-1
4908,76,877.80615234375,706.46337890625,-1,-1,1,-1,-1,-1
4908,77,1709.09619140625,642.8589477539062,-1,-1,1,-1,-1,-1
4909,77,1702.126220703125,642.9313354492188,-1,-1,1,-1,-1,-1
4910,77,1687.888916015625,642.947509765625,-1,-1,1,-1,-1,-1
4911,77,1680.7100830078125,635.593505859375,-1,-1,1,-1,-1,-1
4912,77,1673.625,635.7034912109375,-1,-1,1,-1,-1,-1
4913,77,1659.4837646484375,635.7357177734375,-1,-1,1,-1,-1,-1
4914,77,1645.1571044921875,628.2833251953125,-1,-1,1,-1,-1,-1
4915,77,1631.070068359375,628.46728515625,-1,-1,1,-1,-1,-1
4916,77,1616.804931640625,628.5452880859375,-1,-1,1,-1,-1,-1
4917,77,1602.5400390625,628.6336669921875,-1,-1,1,-1,-1,-1
4918,77,1588.3375244140625,621.2001953125,-1,-1,1,-1,-1,-1
4919,77,1574.19775390625,621.3944702148438,-1,-1,1,-1,-1,-1
4920,77,1559.87353515625,621.644775390625,-1,-1,1,-1,-1,-1
4921,77,1545.730712890625,621.5431518554688,-1,-1,1,-1,-1,-1
4921,78,1637.9931640625,556.7993774414062,-1,-1,1,-1,-1,-1
4922,77,1531.50634765625,614.141845703125,-1,-1,1,-1,-1,-1
4923,77,1517.263916015625,621.5775146484375,-1,-1,1,-1,-1,-1
4924,77,1495.848388671875,621.462158203125,-1,-1,1,-1,-1,-1
4925,77,1481.723876953125,621.5140380859375,-1,-1,1,-1,-1,-1
4925,78,1573.988525390625,556.9027099609375,-1,-1,1,-1,-1,-1
4926,77,1460.423583984375,621.4048461914062,-1,-1,1,-1,-1,-1
4926,78,1559.965576171875,564.062255859375,-1,-1,1,-1,-1,-1
4927,77,1446.30615234375,621.3162841796875,-1,-1,1,-1,-1,-1
4928,77,1432.1146240234375,621.2860717773438,-1,-1,1,-1,-1,-1
4928,78,1524.2596435546875,556.7499389648438,-1,-1,1,-1,-1,-1
4929,77,1410.638427734375,628.6683959960938,-1,-1,1,-1,-1,-1
4930,77,1396.3203125,628.6921997070312,-1,-1,1,-1,-1,-1
4931,77,1382.265869140625,628.7415161132812,-1,-1,1,-1,-1,-1
4932,77,1360.879638671875,628.6561889648438,-1,-1,1,-1,-1,-1
4933,77,1346.7840576171875,628.612060546875,-1,-1,1,-1,-1,-1
4934,77,1325.4246826171875,628.619873046875,-1,-1,1,-1,-1,-1
4935,77,1311.253662109375,628.661865234375,-1,-1,1,-1,-1,-1
4935,79,984.58349609375,358.16326904296875,-1,-1,1,-1,-1,-1
4936,77,1297.048583984375,628.6585693359375,-1,-1,1,-1,-1,-1
4937,77,1275.666259765625,628.6069946289062,-1,-1,1,-1,-1,-1
4938,77,1261.4674072265625,628.6660766601562,-1,-1,1,-1,-1,-1
4939,77,1247.2764892578125,628.5963134765625,-1,-1,1,-1,-1,-1
4940,77,1225.9273681640625,628.5829467773438,-1,-1,1,-1,-1,-1
4941,77,1211.7647705078125,628.5278930664062,-1,-1,1,-1,-1,-1
4942,77,1197.54052734375,628.562255859375,-1,-1,1,-1,-1,-1
4943,77,1183.30224609375,628.6046752929688,-1,-1,1,-1,-1,-1
4944,77,1169.114990234375,628.7293090820312,-1,-1,1,-1,-1,-1
4945,77,1154.8687744140625,628.6478881835938,-1,-1,1,-1,-1,-1
4946,77,1133.58251953125,621.5092163085938,-1,-1,1,-1,-1,-1
4946,79,835.5118408203125,343.9771728515625,-1,-1,1,-1,-1,-1
4947,77,1119.3426513671875,621.6233520507812,-1,-1,1,-1,-1,-1
4947,79,814.2110595703125,343.80560302734375,-1,-1,1,-1,-1,-1
4948,77,1105.104736328125,621.7305297851562,-1,-1,1,-1,-1,-1
4948,79,806.9237060546875,344.2170715332031,-1,-1,1,-1,-1,-1
4949,77,1091.012451171875,614.2592163085938,-1,-1,1,-1,-1,-1
4949,78,1211.602783203125,614.0068359375,-1,-1,1,-1,-1,-1
4949,79,792.9791870117188,343.88726806640625,-1,-1,1,-1,-1,-1
4950,77,1076.774658203125,614.3511962890625,-1,-1,1,-1,-1,-1
4950,79,778.667236328125,336.97576904296875,-1,-1,1,-1,-1,-1
4951,77,1062.5919189453125,614.5089111328125,-1,-1,1,-1,-1,-1
4951,79,771.4859619140625,336.8320617675781,-1,-1,1,-1,-1,-1
4952,77,1048.369384765625,607.06201171875,-1,-1,1,-1,-1,-1
4952,79,757.1663818359375,329.97723388671875,-1,-1,1,-1,-1,-1
4953,77,1034.2757568359375,607.2864990234375,-1,-1,1,-1,-1,-1
4954,77,1012.861083984375,607.44140625,-1,-1,1,-1,-1,-1
4954,79,729.0872802734375,322.2504577636719,-1,-1,1,-1,-1,-1
4955,77,998.6820068359375,600.0826416015625,-1,-1,1,-1,-1,-1
4956,77,984.4380493164062,600.2093505859375,-1,-1,1,-1,-1,-1
4957,77,970.1669921875,600.2044067382812,-1,-1,1,-1,-1,-1
4958,77,956.0053100585938,592.9453735351562,-1,-1,1,-1,-1,-1
4958,79,678.9877319335938,308.3659362792969,-1,-1,1,-1,-1,-1
4959,77,941.8009643554688,593.12353515625,-1,-1,1,-1,-1,-1
4959,79,664.886962890625,308.6409912109375,-1,-1,1,-1,-1,-1
4960,77,927.4901123046875,585.6651611328125,-1,-1,1,-1,-1,-1
4960,79,650.6259765625,308.4017639160156,-1,-1,1,-1,-1,-1
4961,77,906.227783203125,585.841064453125,-1,-1,1,-1,-1,-1
4962,77,892.0308837890625,585.965087890625,-1,-1,1,-1,-1,-1
4962,78,1026.993896484375,585.7953491210938,-1,-1,1,-1,-1,-1
4962,79,621.9769287109375,301.2179870605469,-1,-1,1,-1,-1,-1
4963,77,877.84130859375,585.947265625,-1,-1,1,-1,-1,-1
4963,78,1012.8416748046875,585.7066650390625,-1,-1,1,-1,-1,-1
4963,79,607.8299560546875,301.39483642578125,-1,-1,1,-1,-1,-1
4964,77,863.5911865234375,585.9075927734375,-1,-1,1,-1,-1,-1
4964,78,998.7291259765625,585.617431640625,-1,-1,1,-1,-1,-1
4965,77,849.4277954101562,585.86181640625,-1,-1,1,-1,-1,-1
4966,77,835.099853515625,585.8695678710938,-1,-1,1,-1,-1,-1
4966,79,572.3271484375,308.71075439453125,-1,-1,1,-1,-1,-1
4967,77,828.0133056640625,593.1412353515625,-1,-1,1,-1,-1,-1
4968,77,813.756103515625,593.1148681640625,-1,-1,1,-1,-1,-1
4968,79,565.301025390625,308.5394592285156,-1,-1,1,-1,-1,-1
4969,77,806.72314453125,593.1279296875,-1,-1,1,-1,-1,-1
4969,79,558.2792358398438,308.639892578125,-1,-1,1,-1,-1,-1
4970,77,799.5850219726562,593.0283203125,-1,-1,1,-1,-1,-1
4971,77,792.5086669921875,592.8863525390625,-1,-1,1,-1,-1,-1
4971,78,934.5973510742188,592.8126220703125,-1,-1,1,-1,-1,-1
4972,77,778.148193359375,600.3436279296875,-1,-1,1,-1,-1,-1
4972,78,920.3489990234375,592.9403076171875,-1,-1,1,-1,-1,-1
4973,77,771.2392578125,600.220458984375,-1,-1,1,-1,-1,-1
4973,78,913.1563720703125,600.09033203125,-1,-1,1,-1,-1,-1
4974,77,756.9390258789062,600.115478515625,-1,-1,1,-1,-1,-1
4974,78,898.9188232421875,600.058349609375,-1,-1,1,-1,-1,-1
4974,79,529.9021606445312,315.87298583984375,-1,-1,1,-1,-1,-1
4975,77,749.852294921875,607.2916259765625,-1,-1,1,-1,-1,-1
4975,78,891.9112548828125,599.8941040039062,-1,-1,1,-1,-1,-1
4976,77,735.6417236328125,607.4494018554688,-1,-1,1,-1,-1,-1
4977,77,728.6029052734375,607.3291625976562,-1,-1,1,-1,-1,-1
4977,78,870.5389404296875,607.2111206054688,-1,-1,1,-1,-1,-1
4978,77,714.3589477539062,607.2945556640625,-1,-1,1,-1,-1,-1
4978,79,501.36358642578125,329.8935546875,-1,-1,1,-1,-1,-1
4979,77,707.2041015625,607.063232421875,-1,-1,1,-1,-1,-1
4979,79,494.5012512207031,329.81787109375,-1,-1,1,-1,-1,-1
4980,77,693.028076171875,607.225830078125,-1,-1,1,-1,-1,-1
4981,77,678.7898559570312,607.23193359375,-1,-1,1,-1,-1,-1
4981,79,480.0339050292969,336.7933349609375,-1,-1,1,-1,-1,-1
4982,77,671.6668701171875,607.1566162109375,-1,-1,1,-1,-1,-1
4982,79,472.81439208984375,336.90753173828125,-1,-1,1,-1,-1,-1
4983,77,657.470703125,614.5584716796875,-1,-1,1,-1,-1,-1
4983,79,465.834228515625,337.04522705078125,-1,-1,1,-1,-1,-1
4984,77,650.3980102539062,614.3902587890625,-1,-1,1,-1,-1,-1
4984,79,458.75177001953125,336.9875793457031,-1,-1,1,-1,-1,-1
4985,77,636.15576171875,614.4749755859375,-1,-1,1,-1,-1,-1
4986,77,622.013671875,614.4813842773438,-1,-1,1,-1,-1,-1
4986,79,437.51068115234375,336.9512634277344,-1,-1,1,-1,-1,-1
4987,77,614.8367919921875,614.429443359375,-1,-1,1,-1,-1,-1
4987,79,437.42132568359375,344.30096435546875,-1,-1,1,-1,-1,-1
4988,77,607.7332153320312,614.4188232421875,-1,-1,1,-1,-1,-1
4989,77,593.61083984375,614.1785888671875,-1,-1,1,-1,-1,-1
4989,79,423.1751708984375,344.134033203125,-1,-1,1,-1,-1,-1
4990,77,579.3755493164062,614.3426513671875,-1,-1,1,-1,-1,-1
4990,79,416.21636962890625,344.171630859375,-1,-1,1,-1,-1,-1
4991,77,565.08056640625,621.60400390625,-1,-1,1,-1,-1,-1
4991,79,401.9437561035156,344.0924072265625,-1,-1,1,-1,-1,-1
4992,77,550.8693237304688,621.7365112304688,-1,-1,1,-1,-1,-1
4992,79,394.87005615234375,344.0383605957031,-1,-1,1,-1,-1,-1
4993,77,536.7569580078125,614.219482421875,-1,-1,1,-1,-1,-1
4994,77,522.4600830078125,614.376708984375,-1,-1,1,-1,-1,-1
4995,77,501.23468017578125,607.2842407226562,-1,-1,1,-1,-1,-1
4996,77,486.9720153808594,607.3886108398438,-1,-1,1,-1,-1,-1
4997,77,472.6583251953125,607.3902587890625,-1,-1,1,-1,-1,-1
4998,77,465.6845397949219,600.0960693359375,-1,-1,1,-1,-1,-1
4999,77,444.2026062011719,600.324951171875,-1,-1,1,-1,-1,-1
5000,77,429.73052978515625,600.022216796875,-1,-1,1,-1,-1,-1
5001,77,415.824462890625,593.0863037109375,-1,-1,1,-1,-1,-1
5002,77,401.7778625488281,585.7916259765625,-1,-1,1,-1,-1,-1
5003,77,380.44683837890625,585.9497680664062,-1,-1,1,-1,-1,-1
5004,77,366.15740966796875,585.941650390625,-1,-1,1,-1,-1,-1
5005,77,344.87103271484375,578.5933837890625,-1,-1,1,-1,-1,-1
5006,77,323.69293212890625,578.6444702148438,-1,-1,1,-1,-1,-1
5007,77,302.18511962890625,578.715576171875,-1,-1,1,-1,-1,-1
5008,77,288.04815673828125,578.4825439453125,-1,-1,1,-1,-1,-1
5008,78,437.37664794921875,571.32763671875,-1,-1,1,-1,-1,-1
5009,77,266.6287841796875,585.98193359375,-1,-1,1,-1,-1,-1
5010,77,245.3260498046875,585.9982299804688,-1,-1,1,-1,-1,-1
5011,77,224.04986572265625,585.955078125,-1,-1,1,-1,-1,-1
5012,77,202.68515014648438,585.9105224609375,-1,-1,1,-1,-1,-1
5013,77,181.45748901367188,585.828369140625,-1,-1,1,-1,-1,-1
5014,77,153.04489135742188,585.804443359375,-1,-1,1,-1,-1,-1
5015,77,131.53652954101562,578.5570068359375,-1,-1,1,-1,-1,-1
5016,77,110.30462646484375,578.6735229492188,-1,-1,1,-1,-1,-1
5017,77,81.96637725830078,578.79248046875,-1,-1,1,-1,-1,-1
5017,78,280.6109619140625,493.6609191894531,-1,-1,1,-1,-1,-1
5018,77,60.71169662475586,578.9366455078125,-1,-1,1,-1,-1,-1
5018,78,259.3636779785156,493.68182373046875,-1,-1,1,-1,-1,-1
5026,80,1133.7698974609375,727.553466796875,-1,-1,1,-1,-1,-1
5028,80,1090.78564453125,720.4757080078125,-1,-1,1,-1,-1,-1
5029,80,1076.732666015625,720.4964599609375,-1,-1,1,-1,-1,-1
5030,80,1055.3631591796875,713.5401611328125,-1,-1,1,-1,-1,-1
5031,80,1034.1734619140625,706.341064453125,-1,-1,1,-1,-1,-1
5066,81,1808.4041748046875,798.7093505859375,-1,-1,1,-1,-1,-1
5068,81,1772.999755859375,798.7879638671875,-1,-1,1,-1,-1,-1
5069,81,1758.79248046875,798.7330322265625,-1,-1,1,-1,-1,-1
5070,81,1744.4473876953125,798.7601318359375,-1,-1,1,-1,-1,-1
5071,81,1730.4417724609375,798.6224365234375,-1,-1,1,-1,-1,-1
5072,81,1709.230224609375,798.5618896484375,-1,-1,1,-1,-1,-1
5073,81,1695.0521240234375,798.5693359375,-1,-1,1,-1,-1,-1
5074,81,1680.680419921875,798.7236328125,-1,-1,1,-1,-1,-1
5075,81,1659.445556640625,798.8434448242188,-1,-1,1,-1,-1,-1
5076,81,1638.091796875,798.7130126953125,-1,-1,1,-1,-1,-1
5077,81,1623.69970703125,798.6612548828125,-1,-1,1,-1,-1,-1
5078,81,1609.76123046875,798.8233032226562,-1,-1,1,-1,-1,-1
5079,81,1588.4566650390625,798.5255126953125,-1,-1,1,-1,-1,-1
5080,81,1567.109619140625,791.556884765625,-1,-1,1,-1,-1,-1
5081,81,1545.846923828125,791.6484375,-1,-1,1,-1,-1,-1
5082,81,1517.475830078125,791.4243774414062,-1,-1,1,-1,-1,-1
5083,81,1503.33984375,791.3743896484375,-1,-1,1,-1,-1,-1
5084,81,1481.910400390625,784.5078125,-1,-1,1,-1,-1,-1
5085,81,1460.4775390625,784.5234375,-1,-1,1,-1,-1,-1
5086,81,1446.22607421875,784.3653564453125,-1,-1,1,-1,-1,-1
5087,81,1424.61181640625,777.4923706054688,-1,-1,1,-1,-1,-1
5088,81,1403.4921875,777.2500610351562,-1,-1,1,-1,-1,-1
5089,81,1375.075439453125,777.3280029296875,-1,-1,1,-1,-1,-1
5090,81,1353.598388671875,770.2484130859375,-1,-1,1,-1,-1,-1
5091,81,1332.224365234375,770.2193603515625,-1,-1,1,-1,-1,-1
5092,81,1318.174560546875,770.2286987304688,-1,-1,1,-1,-1,-1
5093,81,1296.62158203125,763.2200317382812,-1,-1,1,-1,-1,-1
5094,81,1275.439208984375,763.2332153320312,-1,-1,1,-1,-1,-1
5095,81,1247.1104736328125,763.29638671875,-1,-1,1,-1,-1,-1
5096,81,1225.399658203125,756.4046630859375,-1,-1,1,-1,-1,-1
5097,81,1204.21923828125,756.3169555664062,-1,-1,1,-1,-1,-1
5098,81,1182.91796875,756.2227783203125,-1,-1,1,-1,-1,-1
5099,81,1161.67333984375,756.0836181640625,-1,-1,1,-1,-1,-1
5100,81,1133.31689453125,756.0262451171875,-1,-1,1,-1,-1,-1
5101,81,1111.8896484375,756.0272216796875,-1,-1,1,-1,-1,-1
5102,81,1083.467041015625,756.0588989257812,-1,-1,1,-1,-1,-1
5103,81,1062.29736328125,756.1651000976562,-1,-1,1,-1,-1,-1
5105,81,1012.2813720703125,749.0474853515625,-1,-1,1,-1,-1,-1
5106,81,983.9598388671875,749.05615234375,-1,-1,1,-1,-1,-1
5107,81,962.83203125,749.054443359375,-1,-1,1,-1,-1,-1
5111,81,870.3719482421875,742.2353515625,-1,-1,1,-1,-1,-1
5112,81,842.291748046875,742.185791015625,-1,-1,1,-1,-1,-1
5114,81,792.2694091796875,734.9176025390625,-1,-1,1,-1,-1,-1
5115,81,764.018798828125,734.88134765625,-1,-1,1,-1,-1,-1
5116,81,735.3952026367188,727.6796875,-1,-1,1,-1,-1,-1
5117,81,713.9088134765625,727.778564453125,-1,-1,1,-1,-1,-1
5118,81,685.8203125,727.6494140625,-1,-1,1,-1,-1,-1
5119,81,657.6043701171875,727.834716796875,-1,-1,1,-1,-1,-1
5120,81,636.0865478515625,720.6046142578125,-1,-1,1,-1,-1,-1
5121,81,607.52197265625,720.4564819335938,-1,-1,1,-1,-1,-1
5122,81,586.2127075195312,720.5362548828125,-1,-1,1,-1,-1,-1
5123,81,557.9061279296875,720.4523315429688,-1,-1,1,-1,-1,-1
5124,81,522.39501953125,720.6754760742188,-1,-1,1,-1,-1,-1
5125,81,494.0518798828125,720.6446533203125,-1,-1,1,-1,-1,-1
5126,81,472.79876708984375,720.5564575195312,-1,-1,1,-1,-1,-1
5127,81,444.27398681640625,720.7017822265625,-1,-1,1,-1,-1,-1
5128,81,415.9048156738281,720.7433471679688,-1,-1,1,-1,-1,-1
5129,81,387.7345886230469,720.6934204101562,-1,-1,1,-1,-1,-1
5130,81,359.0914306640625,720.61376953125,-1,-1,1,-1,-1,-1
5131,81,330.9940490722656,720.6100463867188,-1,-1,1,-1,-1,-1
5132,81,309.54168701171875,720.6325073242188,-1,-1,1,-1,-1,-1
5133,81,280.9029235839844,720.5604248046875,-1,-1,1,-1,-1,-1
5134,81,252.57888793945312,720.7828369140625,-1,-1,1,-1,-1,-1
5231,82,1872.218505859375,642.219482421875,-1,-1,1,-1,-1,-1
5232,82,1865.0030517578125,635.0948486328125,-1,-1,1,-1,-1,-1
5244,82,1716.8189697265625,535.7100830078125,-1,-1,1,-1,-1,-1
5246,82,1751.663818359375,464.93701171875,-1,-1,1,-1,-1,-1
5248,82,1652.6832275390625,535.9599609375,-1,-1,1,-1,-1,-1
5249,82,1638.4365234375,535.9776000976562,-1,-1,1,-1,-1,-1
5250,82,1624.288818359375,535.8984985351562,-1,-1,1,-1,-1,-1
5252,82,1595.63916015625,535.967041015625,-1,-1,1,-1,-1,-1
5254,82,1574.0386962890625,535.8883056640625,-1,-1,1,-1,-1,-1
5256,82,1538.5687255859375,542.9060668945312,-1,-1,1,-1,-1,-1
5257,82,1524.273193359375,543.0609741210938,-1,-1,1,-1,-1,-1
5258,82,1510.2373046875,549.927978515625,-1,-1,1,-1,-1,-1
5259,82,1495.8140869140625,550.0174560546875,-1,-1,1,-1,-1,-1
5260,82,1481.7366943359375,550.02880859375,-1,-1,1,-1,-1,-1
5261,82,1474.499267578125,550.0888671875,-1,-1,1,-1,-1,-1
5262,82,1460.28955078125,550.0553588867188,-1,-1,1,-1,-1,-1
5263,82,1446.01220703125,550.0980834960938,-1,-1,1,-1,-1,-1
5264,82,1431.779541015625,557.0869140625,-1,-1,1,-1,-1,-1
5265,82,1424.537353515625,557.032958984375,-1,-1,1,-1,-1,-1
5268,82,1403.28369140625,557.089599609375,-1,-1,1,-1,-1,-1
5269,82,1403.3697509765625,550.1661987304688,-1,-1,1,-1,-1,-1
5270,82,1389.19970703125,557.3129272460938,-1,-1,1,-1,-1,-1
5279,82,1318.13134765625,550.3399047851562,-1,-1,1,-1,-1,-1
5280,82,1303.796142578125,550.2042236328125,-1,-1,1,-1,-1,-1
5281,82,1296.8165283203125,557.210693359375,-1,-1,1,-1,-1,-1
5281,83,1147.786865234375,649.8077392578125,-1,-1,1,-1,-1,-1
5282,82,1289.6646728515625,557.12353515625,-1,-1,1,-1,-1,-1
5283,82,1282.51123046875,557.162109375,-1,-1,1,-1,-1,-1
5283,83,1119.3883056640625,649.80859375,-1,-1,1,-1,-1,-1
5284,82,1275.4903564453125,557.3330078125,-1,-1,1,-1,-1,-1
5284,83,1105.10498046875,649.7518310546875,-1,-1,1,-1,-1,-1
5285,82,1261.16015625,557.0648193359375,-1,-1,1,-1,-1,-1
5285,83,1090.951171875,649.7078857421875,-1,-1,1,-1,-1,-1
5286,82,1254.125732421875,557.3294677734375,-1,-1,1,-1,-1,-1
5286,83,1076.52294921875,642.6358642578125,-1,-1,1,-1,-1,-1
5287,82,1246.897705078125,557.5778198242188,-1,-1,1,-1,-1,-1
5287,83,1062.399658203125,642.7404174804688,-1,-1,1,-1,-1,-1
5288,82,1239.79345703125,557.0979614257812,-1,-1,1,-1,-1,-1
5289,83,1034.071044921875,635.527587890625,-1,-1,1,-1,-1,-1
5291,82,1211.47021484375,543.2001953125,-1,-1,1,-1,-1,-1
5292,82,1197.5550537109375,542.8406982421875,-1,-1,1,-1,-1,-1
5294,82,1183.134521484375,535.9655151367188,-1,-1,1,-1,-1,-1
5319,83,593.9381103515625,543.0302734375,-1,-1,1,-1,-1,-1
5320,83,565.6758422851562,543.088134765625,-1,-1,1,-1,-1,-1
5321,83,529.970947265625,543.1043090820312,-1,-1,1,-1,-1,-1
5322,83,515.85400390625,543.1668090820312,-1,-1,1,-1,-1,-1
5323,83,487.52325439453125,550.189697265625,-1,-1,1,-1,-1,-1
5324,83,466.21978759765625,550.2455444335938,-1,-1,1,-1,-1,-1
5325,83,444.82073974609375,550.2542114257812,-1,-1,1,-1,-1,-1
5396,84,806.765869140625,642.450927734375,-1,-1,1,-1,-1,-1
5405,84,629.1116943359375,628.3197021484375,-1,-1,1,-1,-1,-1
5411,85,1808.546142578125,280.10516357421875,-1,-1,1,-1,-1,-1
5414,85,1687.938232421875,258.87359619140625,-1,-1,1,-1,-1,-1
5415,84,479.810302734375,628.310302734375,-1,-1,1,-1,-1,-1
5445,85,1183.23876953125,294.4842529296875,-1,-1,1,-1,-1,-1
5446,85,1169.10498046875,294.30023193359375,-1,-1,1,-1,-1,-1
