4,1,877.5205078125,528.3759765625,-1,-1,1,-1,-1,-1
5,1,841.99951171875,528.4750366210938,-1,-1,1,-1,-1,-1
7,1,785.14501953125,535.579833984375,-1,-1,1,-1,-1,-1
8,1,749.7731323242188,535.83984375,-1,-1,1,-1,-1,-1
9,1,721.250244140625,535.9005737304688,-1,-1,1,-1,-1,-1
12,1,600.660888671875,543.0220947265625,-1,-1,1,-1,-1,-1
13,1,551.0068359375,543.0033569335938,-1,-1,1,-1,-1,-1
14,1,500.98406982421875,542.8602905273438,-1,-1,1,-1,-1,-1
15,1,458.5404052734375,542.79638671875,-1,-1,1,-1,-1,-1
16,1,408.9769592285156,535.7356567382812,-1,-1,1,-1,-1,-1
17,1,359.1622314453125,535.8028564453125,-1,-1,1,-1,-1,-1
19,1,266.6551208496094,528.5408935546875,-1,-1,1,-1,-1,-1
20,1,224.09295654296875,528.3262939453125,-1,-1,1,-1,-1,-1
180,2,593.383056640625,827.3089599609375,-1,-1,1,-1,-1,-1
182,2,600.245849609375,812.7969970703125,-1,-1,1,-1,-1,-1
186,2,543.6505737304688,791.3036499023438,-1,-1,1,-1,-1,-1
186,3,429.5113525390625,557.41748046875,-1,-1,1,-1,-1,-1
187,2,529.4990234375,784.41357421875,-1,-1,1,-1,-1,-1
189,3,429.33343505859375,543.258544921875,-1,-1,1,-1,-1,-1
192,3,422.12518310546875,536.072021484375,-1,-1,1,-1,-1,-1
194,3,414.9622802734375,536.1084594726562,-1,-1,1,-1,-1,-1
195,3,415.3438415527344,535.77783203125,-1,-1,1,-1,-1,-1
196,3,408.040771484375,535.8987426757812,-1,-1,1,-1,-1,-1
197,3,408.10552978515625,528.711181640625,-1,-1,1,-1,-1,-1
198,3,408.07183837890625,521.6572265625,-1,-1,1,-1,-1,-1
199,3,400.86627197265625,528.7630615234375,-1,-1,1,-1,-1,-1
200,3,408.20660400390625,528.6749267578125,-1,-1,1,-1,-1,-1
201,3,400.8848571777344,535.95458984375,-1,-1,1,-1,-1,-1
202,3,400.9400634765625,536.0358276367188,-1,-1,1,-1,-1,-1
203,3,401.12188720703125,535.8983764648438,-1,-1,1,-1,-1,-1
204,3,393.9549865722656,543.111572265625,-1,-1,1,-1,-1,-1
205,3,379.5975036621094,557.3695068359375,-1,-1,1,-1,-1,-1
206,3,379.8099670410156,550.2896728515625,-1,-1,1,-1,-1,-1
211,4,1182.569091796875,684.978515625,-1,-1,1,-1,-1,-1
212,4,1175.56787109375,684.60498046875,-1,-1,1,-1,-1,-1
214,4,1161.42041015625,692.01953125,-1,-1,1,-1,-1,-1
224,4,1090.408935546875,713.1323852539062,-1,-1,1,-1,-1,-1
225,4,1076.267822265625,720.17138671875,-1,-1,1,-1,-1,-1
226,4,1069.07568359375,713.2354736328125,-1,-1,1,-1,-1,-1
228,4,1047.6455078125,713.1844482421875,-1,-1,1,-1,-1,-1
229,4,1040.55126953125,713.179931640625,-1,-1,1,-1,-1,-1
230,4,1026.363525390625,713.2657470703125,-1,-1,1,-1,-1,-1
231,4,1019.33984375,713.3482666015625,-1,-1,1,-1,-1,-1
232,4,1012.0953979492188,706.2376098632812,-1,-1,1,-1,-1,-1
233,4,1005.159912109375,713.170166015625,-1,-1,1,-1,-1,-1
234,4,991.11181640625,713.3275146484375,-1,-1,1,-1,-1,-1
235,4,983.8488159179688,713.1522216796875,-1,-1,1,-1,-1,-1
236,4,969.6452026367188,713.1036376953125,-1,-1,1,-1,-1,-1
237,4,955.4113159179688,713.18701171875,-1,-1,1,-1,-1,-1
238,4,941.2872314453125,720.2801513671875,-1,-1,1,-1,-1,-1
239,4,927.0382080078125,727.36376953125,-1,-1,1,-1,-1,-1
240,4,912.7579345703125,727.1485595703125,-1,-1,1,-1,-1,-1
242,4,877.2708740234375,727.2431640625,-1,-1,1,-1,-1,-1
243,4,862.9605102539062,713.3676147460938,-1,-1,1,-1,-1,-1
245,4,827.3983154296875,706.1708984375,-1,-1,1,-1,-1,-1
247,4,791.822021484375,706.068603515625,-1,-1,1,-1,-1,-1
248,4,770.62109375,713.4107666015625,-1,-1,1,-1,-1,-1
249,4,749.3826904296875,713.3692016601562,-1,-1,1,-1,-1,-1
251,4,713.844970703125,713.3480224609375,-1,-1,1,-1,-1,-1
252,4,699.4288330078125,706.0858764648438,-1,-1,1,-1,-1,-1
253,4,678.34375,713.3540649414062,-1,-1,1,-1,-1,-1
254,4,657.0848388671875,713.3660888671875,-1,-1,1,-1,-1,-1
255,4,642.7540283203125,706.3128051757812,-1,-1,1,-1,-1,-1
256,4,621.498779296875,713.31396484375,-1,-1,1,-1,-1,-1
257,4,600.3272705078125,706.2366943359375,-1,-1,1,-1,-1,-1
258,4,585.8639526367188,699.1094970703125,-1,-1,1,-1,-1,-1
259,4,564.6251220703125,699.1126098632812,-1,-1,1,-1,-1,-1
284,5,564.9166259765625,720.0476684570312,-1,-1,1,-1,-1,-1
290,5,444.227294921875,712.655517578125,-1,-1,1,-1,-1,-1
294,5,351.7547912597656,712.7230224609375,-1,-1,1,-1,-1,-1
310,6,1232.4267578125,713.176513671875,-1,-1,1,-1,-1,-1
316,7,692.3863525390625,748.77490234375,-1,-1,1,-1,-1,-1
323,7,528.96923828125,755.822998046875,-1,-1,1,-1,-1,-1
331,6,749.9744873046875,776.980712890625,-1,-1,1,-1,-1,-1
332,6,721.2676391601562,777.094970703125,-1,-1,1,-1,-1,-1
335,6,657.3280029296875,784.151611328125,-1,-1,1,-1,-1,-1
336,6,636.01806640625,784.2127075195312,-1,-1,1,-1,-1,-1
360,8,628.5496826171875,769.8495483398438,-1,-1,1,-1,-1,-1
361,8,607.3561401367188,777.1199340820312,-1,-1,1,-1,-1,-1
362,8,579.03662109375,776.991943359375,-1,-1,1,-1,-1,-1
363,8,550.3922119140625,776.98388671875,-1,-1,1,-1,-1,-1
364,8,529.040283203125,784.2161865234375,-1,-1,1,-1,-1,-1
365,8,500.57574462890625,784.1558837890625,-1,-1,1,-1,-1,-1
366,8,479.38482666015625,791.4009399414062,-1,-1,1,-1,-1,-1
367,8,451.0074462890625,798.4232788085938,-1,-1,1,-1,-1,-1
368,8,422.4912414550781,805.608642578125,-1,-1,1,-1,-1,-1
369,8,387.0483703613281,805.2487182617188,-1,-1,1,-1,-1,-1
370,8,358.5035400390625,812.5310668945312,-1,-1,1,-1,-1,-1
371,8,330.1246337890625,812.5569458007812,-1,-1,1,-1,-1,-1
372,8,294.52410888671875,819.721923828125,-1,-1,1,-1,-1,-1
373,8,258.87652587890625,819.6627197265625,-1,-1,1,-1,-1,-1
374,8,223.3905029296875,826.761962890625,-1,-1,1,-1,-1,-1
375,8,180.79043579101562,826.4171142578125,-1,-1,1,-1,-1,-1
376,8,145.18679809570312,833.790283203125,-1,-1,1,-1,-1,-1
377,8,102.72669219970703,833.556396484375,-1,-1,1,-1,-1,-1
378,8,67.29369354248047,840.882080078125,-1,-1,1,-1,-1,-1
440,9,401.1424560546875,784.25634765625,-1,-1,1,-1,-1,-1
441,9,365.3983154296875,776.898681640625,-1,-1,1,-1,-1,-1
457,10,1133.4443359375,698.6220703125,-1,-1,1,-1,-1,-1
458,10,1104.946044921875,698.5067749023438,-1,-1,1,-1,-1,-1
466,11,1168.9039306640625,670.6846923828125,-1,-1,1,-1,-1,-1
467,11,1133.2259521484375,670.4775390625,-1,-1,1,-1,-1,-1
468,11,1090.6904296875,677.79345703125,-1,-1,1,-1,-1,-1
469,11,1048.0379638671875,677.4840698242188,-1,-1,1,-1,-1,-1
470,11,1005.4971923828125,677.5350952148438,-1,-1,1,-1,-1,-1
471,11,955.7554931640625,677.39306640625,-1,-1,1,-1,-1,-1
472,11,906.0817260742188,677.3443603515625,-1,-1,1,-1,-1,-1
473,11,849.3060302734375,677.2918090820312,-1,-1,1,-1,-1,-1
474,11,799.57275390625,684.8134765625,-1,-1,1,-1,-1,-1
474,12,1609.357177734375,272.6153564453125,-1,-1,1,-1,-1,-1
475,11,742.59716796875,684.6187744140625,-1,-1,1,-1,-1,-1
476,11,692.8268432617188,691.6181640625,-1,-1,1,-1,-1,-1
476,13,827.5711669921875,621.3123168945312,-1,-1,1,-1,-1,-1
477,11,636.008544921875,698.856689453125,-1,-1,1,-1,-1,-1
478,11,579.3224487304688,713.1962280273438,-1,-1,1,-1,-1,-1
478,13,714.455078125,642.138916015625,-1,-1,1,-1,-1,-1
478,14,728.0223388671875,329.28192138671875,-1,-1,1,-1,-1,-1
479,12,1374.806396484375,293.472412109375,-1,-1,1,-1,-1,-1
480,11,465.6654968261719,741.987548828125,-1,-1,1,-1,-1,-1
480,12,1339.39404296875,300.5843811035156,-1,-1,1,-1,-1,-1
480,14,614.3917846679688,350.265380859375,-1,-1,1,-1,-1,-1
481,12,1289.458740234375,307.85809326171875,-1,-1,1,-1,-1,-1
482,11,337.68927001953125,763.1641845703125,-1,-1,1,-1,-1,-1
482,12,1254.04052734375,314.86798095703125,-1,-1,1,-1,-1,-1
482,13,479.864990234375,684.8663330078125,-1,-1,1,-1,-1,-1
483,13,422.96832275390625,699.316650390625,-1,-1,1,-1,-1,-1
485,15,1204.403076171875,691.4951171875,-1,-1,1,-1,-1,-1
486,15,1211.386474609375,756.0877685546875,-1,-1,1,-1,-1,-1
487,12,1055.2147216796875,393.1606750488281,-1,-1,1,-1,-1,-1
487,15,1161.806640625,770.229736328125,-1,-1,1,-1,-1,-1
488,12,1019.4998168945312,392.8412780761719,-1,-1,1,-1,-1,-1
490,16,849.189697265625,606.5093994140625,-1,-1,1,-1,-1,-1
492,16,756.644775390625,635.2191162109375,-1,-1,1,-1,-1,-1
493,16,727.937255859375,677.9288330078125,-1,-1,1,-1,-1,-1
494,16,657.2816162109375,649.2564697265625,-1,-1,1,-1,-1,-1
495,16,600.3538208007812,642.2222900390625,-1,-1,1,-1,-1,-1
496,16,550.5087890625,642.3021240234375,-1,-1,1,-1,-1,-1
498,16,436.6510009765625,649.5015869140625,-1,-1,1,-1,-1,-1
499,16,387.05914306640625,649.3799438476562,-1,-1,1,-1,-1,-1
499,17,1296.411865234375,798.3798217773438,-1,-1,1,-1,-1,-1
500,17,1253.90869140625,791.1941528320312,-1,-1,1,-1,-1,-1
501,17,1218.3372802734375,791.2987060546875,-1,-1,1,-1,-1,-1
502,17,1175.80029296875,791.07763671875,-1,-1,1,-1,-1,-1
503,17,1140.1611328125,784.0125732421875,-1,-1,1,-1,-1,-1
504,17,1104.706787109375,784.0108032226562,-1,-1,1,-1,-1,-1
505,17,1062.0587158203125,791.0570678710938,-1,-1,1,-1,-1,-1
506,17,1033.49462890625,784.0457763671875,-1,-1,1,-1,-1,-1
507,17,990.923583984375,783.9713134765625,-1,-1,1,-1,-1,-1
508,17,955.2911376953125,783.976806640625,-1,-1,1,-1,-1,-1
509,17,919.9061279296875,783.990966796875,-1,-1,1,-1,-1,-1
510,17,877.3035888671875,784.0919189453125,-1,-1,1,-1,-1,-1
511,17,834.5570068359375,784.0308227539062,-1,-1,1,-1,-1,-1
512,17,791.9930419921875,784.1912841796875,-1,-1,1,-1,-1,-1
513,17,749.386474609375,784.1484985351562,-1,-1,1,-1,-1,-1
514,17,706.76220703125,777.2542724609375,-1,-1,1,-1,-1,-1
515,17,664.083984375,777.3416137695312,-1,-1,1,-1,-1,-1
516,17,621.6142578125,784.2915649414062,-1,-1,1,-1,-1,-1
517,17,578.7626953125,784.2365112304688,-1,-1,1,-1,-1,-1
518,17,536.23828125,791.4459228515625,-1,-1,1,-1,-1,-1
519,17,493.53411865234375,798.56201171875,-1,-1,1,-1,-1,-1
520,17,450.9093017578125,798.4486083984375,-1,-1,1,-1,-1,-1
521,17,408.29412841796875,805.6619873046875,-1,-1,1,-1,-1,-1
522,17,365.66839599609375,805.4752197265625,-1,-1,1,-1,-1,-1
523,17,315.9583740234375,805.5322265625,-1,-1,1,-1,-1,-1
524,17,258.91363525390625,805.530517578125,-1,-1,1,-1,-1,-1
525,17,209.26614379882812,805.4862060546875,-1,-1,1,-1,-1,-1
526,17,159.45059204101562,805.52294921875,-1,-1,1,-1,-1,-1
527,17,109.768798828125,805.487548828125,-1,-1,1,-1,-1,-1
535,18,1744.2001953125,770.0174560546875,-1,-1,1,-1,-1,-1
542,18,1516.77880859375,734.206787109375,-1,-1,1,-1,-1,-1
543,18,1481.22021484375,727.1698608398438,-1,-1,1,-1,-1,-1
544,18,1452.6600341796875,727.37255859375,-1,-1,1,-1,-1,-1
546,18,1388.969970703125,712.9117431640625,-1,-1,1,-1,-1,-1
548,18,1332.1619873046875,705.7567138671875,-1,-1,1,-1,-1,-1
550,18,1275.3031005859375,698.56298828125,-1,-1,1,-1,-1,-1
551,18,1246.8819580078125,698.5789794921875,-1,-1,1,-1,-1,-1
552,18,1225.434814453125,691.541015625,-1,-1,1,-1,-1,-1
553,18,1190.09130859375,691.6322631835938,-1,-1,1,-1,-1,-1
554,18,1161.57958984375,691.6943359375,-1,-1,1,-1,-1,-1
555,18,1133.171142578125,691.66015625,-1,-1,1,-1,-1,-1
556,18,1097.6551513671875,691.5178833007812,-1,-1,1,-1,-1,-1
557,18,1069.21435546875,691.6615600585938,-1,-1,1,-1,-1,-1
558,18,1033.657958984375,691.7208251953125,-1,-1,1,-1,-1,-1
559,18,991.0015258789062,691.77783203125,-1,-1,1,-1,-1,-1
560,18,941.1075439453125,691.904052734375,-1,-1,1,-1,-1,-1
560,19,1225.698486328125,485.80303955078125,-1,-1,1,-1,-1,-1
561,18,891.3070678710938,684.6456298828125,-1,-1,1,-1,-1,-1
561,19,1225.73828125,485.74267578125,-1,-1,1,-1,-1,-1
562,18,841.7110595703125,684.7322998046875,-1,-1,1,-1,-1,-1
562,19,1218.60205078125,485.5380859375,-1,-1,1,-1,-1,-1
563,18,792.10986328125,684.765625,-1,-1,1,-1,-1,-1
563,19,1218.350830078125,492.9810791015625,-1,-1,1,-1,-1,-1
564,18,735.1834716796875,691.9083251953125,-1,-1,1,-1,-1,-1
564,19,1175.4501953125,563.535400390625,-1,-1,1,-1,-1,-1
565,19,1204.2451171875,499.93963623046875,-1,-1,1,-1,-1,-1
566,19,1154.28662109375,570.6126708984375,-1,-1,1,-1,-1,-1
567,19,1197.238525390625,506.96514892578125,-1,-1,1,-1,-1,-1
568,19,1190.14306640625,514.2240600585938,-1,-1,1,-1,-1,-1
569,19,1175.8055419921875,528.4754638671875,-1,-1,1,-1,-1,-1
569,20,1125.770751953125,592.090087890625,-1,-1,1,-1,-1,-1
570,19,1168.865478515625,535.3134155273438,-1,-1,1,-1,-1,-1
570,20,1111.466064453125,606.4613037109375,-1,-1,1,-1,-1,-1
571,19,1161.648193359375,549.5546264648438,-1,-1,1,-1,-1,-1
571,20,1090.133056640625,613.385986328125,-1,-1,1,-1,-1,-1
572,19,1140.2476806640625,564.05810546875,-1,-1,1,-1,-1,-1
572,20,1075.98388671875,627.761474609375,-1,-1,1,-1,-1,-1
573,19,1126.074951171875,578.1810302734375,-1,-1,1,-1,-1,-1
573,20,1061.7728271484375,649.2738037109375,-1,-1,1,-1,-1,-1
574,19,1111.8837890625,585.10400390625,-1,-1,1,-1,-1,-1
574,20,1033.433349609375,656.05322265625,-1,-1,1,-1,-1,-1
575,19,1090.585205078125,599.453857421875,-1,-1,1,-1,-1,-1
575,20,1012.0615234375,670.3699951171875,-1,-1,1,-1,-1,-1
575,21,1133.0380859375,557.0103149414062,-1,-1,1,-1,-1,-1
576,21,1111.965087890625,571.0955810546875,-1,-1,1,-1,-1,-1
577,19,1040.806884765625,620.7259521484375,-1,-1,1,-1,-1,-1
578,19,1012.4660034179688,628.0079345703125,-1,-1,1,-1,-1,-1
579,19,984.02490234375,642.0443725585938,-1,-1,1,-1,-1,-1
580,19,962.8497314453125,649.080810546875,-1,-1,1,-1,-1,-1
580,20,870.1114501953125,720.392578125,-1,-1,1,-1,-1,-1
580,21,1005.3721923828125,613.6243896484375,-1,-1,1,-1,-1,-1
581,19,934.408935546875,656.1777954101562,-1,-1,1,-1,-1,-1
582,19,906.017578125,663.2967529296875,-1,-1,1,-1,-1,-1
582,21,955.5771484375,627.7550048828125,-1,-1,1,-1,-1,-1
583,19,877.6143798828125,670.5029296875,-1,-1,1,-1,-1,-1
584,19,849.223876953125,670.5563354492188,-1,-1,1,-1,-1,-1
584,20,749.466552734375,741.330322265625,-1,-1,1,-1,-1,-1
585,19,820.7967529296875,677.5491333007812,-1,-1,1,-1,-1,-1
585,20,713.6931762695312,748.6851806640625,-1,-1,1,-1,-1,-1
586,19,792.35693359375,677.51953125,-1,-1,1,-1,-1,-1
587,19,763.9293212890625,684.7127685546875,-1,-1,1,-1,-1,-1
587,20,649.7891235351562,755.5601806640625,-1,-1,1,-1,-1,-1
589,19,707.1229248046875,691.5672607421875,-1,-1,1,-1,-1,-1
589,21,756.759765625,656.3460693359375,-1,-1,1,-1,-1,-1
590,19,664.414306640625,698.9993896484375,-1,-1,1,-1,-1,-1
590,20,536.275634765625,770.1076049804688,-1,-1,1,-1,-1,-1
590,21,728.3955078125,656.236083984375,-1,-1,1,-1,-1,-1
591,19,628.824951171875,698.8130493164062,-1,-1,1,-1,-1,-1
591,21,685.5780029296875,663.49072265625,-1,-1,1,-1,-1,-1
592,19,593.452880859375,705.9627075195312,-1,-1,1,-1,-1,-1
592,21,649.8458251953125,663.4620361328125,-1,-1,1,-1,-1,-1
593,19,557.9496459960938,705.720703125,-1,-1,1,-1,-1,-1
593,21,614.5377197265625,670.4007568359375,-1,-1,1,-1,-1,-1
594,19,515.0970458984375,705.923095703125,-1,-1,1,-1,-1,-1
594,21,578.8948364257812,670.148193359375,-1,-1,1,-1,-1,-1
595,19,472.39801025390625,712.8001708984375,-1,-1,1,-1,-1,-1
595,21,536.3458251953125,677.2978515625,-1,-1,1,-1,-1,-1
596,19,429.7607727050781,719.958251953125,-1,-1,1,-1,-1,-1
596,21,493.56744384765625,684.6235961914062,-1,-1,1,-1,-1,-1
597,21,450.9639587402344,684.55029296875,-1,-1,1,-1,-1,-1
598,21,408.3082580566406,691.4615478515625,-1,-1,1,-1,-1,-1
601,22,742.6177368164062,748.9257202148438,-1,-1,1,-1,-1,-1
602,22,699.9609985351562,756.0526123046875,-1,-1,1,-1,-1,-1
603,23,1452.392822265625,628.5416259765625,-1,-1,1,-1,-1,-1
604,23,1416.7359619140625,635.34326171875,-1,-1,1,-1,-1,-1
605,23,1367.0552978515625,635.4950561523438,-1,-1,1,-1,-1,-1
606,22,536.557373046875,770.3369750976562,-1,-1,1,-1,-1,-1
606,23,1338.6580810546875,635.458251953125,-1,-1,1,-1,-1,-1
607,23,1303.1822509765625,635.346435546875,-1,-1,1,-1,-1,-1
608,22,451.363037109375,777.0686645507812,-1,-1,1,-1,-1,-1
608,23,1267.603271484375,628.0723266601562,-1,-1,1,-1,-1,-1
609,22,415.8292541503906,784.368896484375,-1,-1,1,-1,-1,-1
609,23,1239.21630859375,635.12890625,-1,-1,1,-1,-1,-1
610,23,1203.8665771484375,613.5510864257812,-1,-1,1,-1,-1,-1
611,23,1175.568359375,613.5623779296875,-1,-1,1,-1,-1,-1
730,24,642.9258422851562,542.453125,-1,-1,1,-1,-1,-1
731,24,586.1551513671875,528.32861328125,-1,-1,1,-1,-1,-1
749,25,749.0213623046875,756.419189453125,-1,-1,1,-1,-1,-1
750,25,720.4300537109375,763.3931884765625,-1,-1,1,-1,-1,-1
751,25,691.5107421875,770.6824951171875,-1,-1,1,-1,-1,-1
752,25,642.580078125,777.5478515625,-1,-1,1,-1,-1,-1
814,26,862.9564208984375,450.0957336425781,-1,-1,1,-1,-1,-1
816,26,784.6334228515625,450.157958984375,-1,-1,1,-1,-1,-1
819,26,699.167236328125,464.17730712890625,-1,-1,1,-1,-1,-1
820,26,677.8994750976562,464.2628479003906,-1,-1,1,-1,-1,-1
824,26,592.5762939453125,478.7313232421875,-1,-1,1,-1,-1,-1
899,27,287.18206787109375,435.95361328125,-1,-1,1,-1,-1,-1
903,27,280.1115417480469,449.88385009765625,-1,-1,1,-1,-1,-1
904,27,301.4772033691406,457.0303649902344,-1,-1,1,-1,-1,-1
1029,28,1310.697509765625,492.92041015625,-1,-1,1,-1,-1,-1
1030,28,1289.1748046875,492.99053955078125,-1,-1,1,-1,-1,-1
1031,28,1267.97314453125,485.6143493652344,-1,-1,1,-1,-1,-1
1032,28,1239.49462890625,485.53277587890625,-1,-1,1,-1,-1,-1
1033,28,1218.349609375,485.5738525390625,-1,-1,1,-1,-1,-1
1034,28,1189.9013671875,485.6553955078125,-1,-1,1,-1,-1,-1
1035,28,1161.597412109375,485.44573974609375,-1,-1,1,-1,-1,-1
1036,28,1140.319580078125,485.411865234375,-1,-1,1,-1,-1,-1
1037,28,1104.7900390625,485.47662353515625,-1,-1,1,-1,-1,-1
1038,28,1076.309814453125,485.5203857421875,-1,-1,1,-1,-1,-1
1042,28,955.4280395507812,464.2674255371094,-1,-1,1,-1,-1,-1
1043,28,919.8099975585938,464.26611328125,-1,-1,1,-1,-1,-1
1044,28,877.2694702148438,457.25885009765625,-1,-1,1,-1,-1,-1
1046,28,798.9835815429688,450.3658142089844,-1,-1,1,-1,-1,-1
1154,29,869.56884765625,357.5952453613281,-1,-1,1,-1,-1,-1
1160,29,827.2366943359375,364.7944030761719,-1,-1,1,-1,-1,-1
1161,29,813.2227172851562,371.5869140625,-1,-1,1,-1,-1,-1
1271,30,550.264404296875,635.1109619140625,-1,-1,1,-1,-1,-1
1276,30,450.79022216796875,628.0679931640625,-1,-1,1,-1,-1,-1
1284,30,308.7477111816406,628.132568359375,-1,-1,1,-1,-1,-1
1288,30,251.89175415039062,628.0513916015625,-1,-1,1,-1,-1,-1
1289,30,244.77468872070312,635.1884765625,-1,-1,1,-1,-1,-1
1290,30,237.60153198242188,635.238037109375,-1,-1,1,-1,-1,-1
1291,30,230.67449951171875,628.2166748046875,-1,-1,1,-1,-1,-1
1292,30,216.389892578125,628.0888671875,-1,-1,1,-1,-1,-1
1293,30,216.41517639160156,628.1126708984375,-1,-1,1,-1,-1,-1
1294,30,209.30307006835938,628.1367797851562,-1,-1,1,-1,-1,-1
1295,30,202.17645263671875,628.1119384765625,-1,-1,1,-1,-1,-1
1296,30,195.12161254882812,628.0235595703125,-1,-1,1,-1,-1,-1
1297,30,180.8701171875,628.1759033203125,-1,-1,1,-1,-1,-1
1298,30,173.7261962890625,628.16259765625,-1,-1,1,-1,-1,-1
1299,30,166.61517333984375,628.2373046875,-1,-1,1,-1,-1,-1
1300,30,152.41192626953125,628.0988159179688,-1,-1,1,-1,-1,-1
1301,30,145.3369140625,621.0038452148438,-1,-1,1,-1,-1,-1
1302,30,131.04624938964844,620.9863891601562,-1,-1,1,-1,-1,-1
1303,30,116.87617492675781,621.0284423828125,-1,-1,1,-1,-1,-1
1304,30,95.59072875976562,620.9346313476562,-1,-1,1,-1,-1,-1
1305,30,81.27268981933594,620.9345092773438,-1,-1,1,-1,-1,-1
1306,30,67.1048355102539,620.9722900390625,-1,-1,1,-1,-1,-1
1307,30,45.968257904052734,620.943115234375,-1,-1,1,-1,-1,-1
1404,31,998.0225830078125,372.02520751953125,-1,-1,1,-1,-1,-1
1406,31,955.027099609375,365.0445251464844,-1,-1,1,-1,-1,-1
1462,32,578.677978515625,364.6982421875,-1,-1,1,-1,-1,-1
1463,32,543.6387939453125,378.84027099609375,-1,-1,1,-1,-1,-1
1464,32,514.5639038085938,364.43487548828125,-1,-1,1,-1,-1,-1
1465,32,479.15386962890625,364.56829833984375,-1,-1,1,-1,-1,-1
1466,32,429.40191650390625,364.6170654296875,-1,-1,1,-1,-1,-1
1467,32,394.0992431640625,364.4365234375,-1,-1,1,-1,-1,-1
1468,32,344.08392333984375,364.56219482421875,-1,-1,1,-1,-1,-1
1580,33,1701.47412109375,663.2958374023438,-1,-1,1,-1,-1,-1
1582,33,1673.0877685546875,670.5661010742188,-1,-1,1,-1,-1,-1
1584,33,1644.79443359375,670.5924072265625,-1,-1,1,-1,-1,-1
1587,33,1616.25732421875,663.2183837890625,-1,-1,1,-1,-1,-1
1589,33,1594.9599609375,656.3468017578125,-1,-1,1,-1,-1,-1
1592,33,1566.63427734375,641.8486938476562,-1,-1,1,-1,-1,-1
1603,33,1488.271484375,641.9231567382812,-1,-1,1,-1,-1,-1
1605,33,1452.670654296875,649.0599365234375,-1,-1,1,-1,-1,-1
1606,33,1438.592041015625,649.072021484375,-1,-1,1,-1,-1,-1
1607,33,1417.10107421875,656.360107421875,-1,-1,1,-1,-1,-1
1608,33,1402.9415283203125,663.3350830078125,-1,-1,1,-1,-1,-1
1609,33,1381.6378173828125,663.321044921875,-1,-1,1,-1,-1,-1
1610,33,1367.419921875,670.5235595703125,-1,-1,1,-1,-1,-1
1611,33,1346.1561279296875,670.3660888671875,-1,-1,1,-1,-1,-1
1612,33,1324.799560546875,677.6348876953125,-1,-1,1,-1,-1,-1
1613,33,1303.542236328125,677.4908447265625,-1,-1,1,-1,-1,-1
1614,33,1282.19921875,684.7069091796875,-1,-1,1,-1,-1,-1
1615,33,1267.92138671875,691.646240234375,-1,-1,1,-1,-1,-1
1616,33,1246.716064453125,691.5369873046875,-1,-1,1,-1,-1,-1
1617,33,1225.459228515625,698.7205810546875,-1,-1,1,-1,-1,-1
1618,33,1204.0263671875,705.91064453125,-1,-1,1,-1,-1,-1
1619,33,1182.775634765625,705.7748413085938,-1,-1,1,-1,-1,-1
1620,33,1168.464111328125,713.0783081054688,-1,-1,1,-1,-1,-1
1621,33,1147.14111328125,712.8438720703125,-1,-1,1,-1,-1,-1
1622,33,1125.9610595703125,712.8463134765625,-1,-1,1,-1,-1,-1
1623,33,1104.637451171875,712.8446044921875,-1,-1,1,-1,-1,-1
1624,33,1083.166015625,720.1097412109375,-1,-1,1,-1,-1,-1
1625,33,1068.97998046875,719.9296875,-1,-1,1,-1,-1,-1
1626,33,1047.6348876953125,712.779296875,-1,-1,1,-1,-1,-1
1627,33,1019.3900756835938,712.9451904296875,-1,-1,1,-1,-1,-1
1628,33,1005.08544921875,712.7724609375,-1,-1,1,-1,-1,-1
1629,33,983.8199462890625,712.9818115234375,-1,-1,1,-1,-1,-1
1630,33,962.5201416015625,712.8232421875,-1,-1,1,-1,-1,-1
1631,33,941.0615234375,713.1151123046875,-1,-1,1,-1,-1,-1
1632,33,919.7711181640625,713.1322021484375,-1,-1,1,-1,-1,-1
1634,33,884.3623046875,705.738525390625,-1,-1,1,-1,-1,-1
1636,33,848.690673828125,705.7120971679688,-1,-1,1,-1,-1,-1
1637,33,827.5428466796875,705.72021484375,-1,-1,1,-1,-1,-1
1638,33,806.28662109375,705.82568359375,-1,-1,1,-1,-1,-1
1643,33,706.7779541015625,705.848388671875,-1,-1,1,-1,-1,-1
1644,33,692.5712890625,705.887451171875,-1,-1,1,-1,-1,-1
1646,33,649.8648681640625,698.5752563476562,-1,-1,1,-1,-1,-1
1647,33,621.5530395507812,698.713623046875,-1,-1,1,-1,-1,-1
1649,33,564.689697265625,691.6100463867188,-1,-1,1,-1,-1,-1
1651,33,514.8225708007812,684.6190795898438,-1,-1,1,-1,-1,-1
1652,33,479.519775390625,677.143798828125,-1,-1,1,-1,-1,-1
1653,33,450.88665771484375,670.113525390625,-1,-1,1,-1,-1,-1
1656,33,344.51068115234375,663.1439208984375,-1,-1,1,-1,-1,-1
1723,34,1196.798583984375,449.753662109375,-1,-1,1,-1,-1,-1
1724,34,1182.697021484375,449.5373840332031,-1,-1,1,-1,-1,-1
1725,34,1175.4844970703125,449.88275146484375,-1,-1,1,-1,-1,-1
1730,34,1147.10400390625,428.5111083984375,-1,-1,1,-1,-1,-1
1734,34,1111.6890869140625,421.44189453125,-1,-1,1,-1,-1,-1
1809,35,955.378662109375,762.80859375,-1,-1,1,-1,-1,-1
1811,35,863.12109375,755.6715087890625,-1,-1,1,-1,-1,-1
1813,35,770.7344970703125,748.4774169921875,-1,-1,1,-1,-1,-1
1862,36,1033.546142578125,506.5860290527344,-1,-1,1,-1,-1,-1
1864,36,1012.0799560546875,520.87353515625,-1,-1,1,-1,-1,-1
1865,36,1012.06298828125,507.0118408203125,-1,-1,1,-1,-1,-1
1866,36,998.0526123046875,507.18475341796875,-1,-1,1,-1,-1,-1
1867,36,983.7987060546875,514.3641967773438,-1,-1,1,-1,-1,-1
1868,36,969.484130859375,521.4248046875,-1,-1,1,-1,-1,-1
1870,36,955.3460083007812,528.6006469726562,-1,-1,1,-1,-1,-1
1871,36,941.1146240234375,535.802490234375,-1,-1,1,-1,-1,-1
1875,36,912.6956787109375,549.7398681640625,-1,-1,1,-1,-1,-1
1877,36,891.3851318359375,556.8177490234375,-1,-1,1,-1,-1,-1
1880,36,869.97412109375,563.9814453125,-1,-1,1,-1,-1,-1
1881,36,863.1456909179688,571.3193359375,-1,-1,1,-1,-1,-1
1882,36,855.9805297851562,571.3779296875,-1,-1,1,-1,-1,-1
1883,36,848.8662719726562,571.3626098632812,-1,-1,1,-1,-1,-1
1884,36,841.7734375,571.2493896484375,-1,-1,1,-1,-1,-1
1885,36,834.783447265625,578.4195556640625,-1,-1,1,-1,-1,-1
1887,36,813.441650390625,571.3320922851562,-1,-1,1,-1,-1,-1
1888,36,806.179931640625,571.1900634765625,-1,-1,1,-1,-1,-1
1889,36,799.1697998046875,564.1754150390625,-1,-1,1,-1,-1,-1
1890,36,799.1611938476562,571.3201904296875,-1,-1,1,-1,-1,-1
1891,36,799.2470703125,564.2040405273438,-1,-1,1,-1,-1,-1
1892,36,799.1349487304688,571.339599609375,-1,-1,1,-1,-1,-1
1893,36,799.230712890625,571.4447021484375,-1,-1,1,-1,-1,-1
1894,36,791.959716796875,571.3323364257812,-1,-1,1,-1,-1,-1
1895,36,791.961181640625,571.2376708984375,-1,-1,1,-1,-1,-1
1896,36,792.1571655273438,571.2740478515625,-1,-1,1,-1,-1,-1
1897,36,792.1434326171875,578.6087646484375,-1,-1,1,-1,-1,-1
1898,36,784.8487548828125,578.6028442382812,-1,-1,1,-1,-1,-1
1899,36,784.7443237304688,578.5423583984375,-1,-1,1,-1,-1,-1
1901,36,784.9027099609375,571.2529296875,-1,-1,1,-1,-1,-1
1902,36,777.6700439453125,571.21484375,-1,-1,1,-1,-1,-1
1903,36,777.5604248046875,571.243408203125,-1,-1,1,-1,-1,-1
1904,36,777.6385498046875,571.284912109375,-1,-1,1,-1,-1,-1
1920,36,756.0423583984375,549.9605102539062,-1,-1,1,-1,-1,-1
1927,36,735.0794067382812,564.0656127929688,-1,-1,1,-1,-1,-1
1932,36,699.27734375,571.26708984375,-1,-1,1,-1,-1,-1
1948,37,1409.831787109375,301.16259765625,-1,-1,1,-1,-1,-1
1949,37,1388.6412353515625,293.985595703125,-1,-1,1,-1,-1,-1
1951,37,1352.75048828125,293.9197692871094,-1,-1,1,-1,-1,-1
1953,37,1310.301025390625,286.9281311035156,-1,-1,1,-1,-1,-1
1955,37,1267.730224609375,279.6667785644531,-1,-1,1,-1,-1,-1
1959,37,1196.682861328125,265.55999755859375,-1,-1,1,-1,-1,-1
1960,36,287.56292724609375,464.5340881347656,-1,-1,1,-1,-1,-1
1960,37,1175.242919921875,265.3955383300781,-1,-1,1,-1,-1,-1
1961,37,1161.108642578125,258.4548645019531,-1,-1,1,-1,-1,-1
1962,37,1139.7650146484375,258.3880310058594,-1,-1,1,-1,-1,-1
1963,37,1125.717041015625,258.3269958496094,-1,-1,1,-1,-1,-1
1964,37,1104.4189453125,251.3779296875,-1,-1,1,-1,-1,-1
1965,37,1090.189208984375,251.38363647460938,-1,-1,1,-1,-1,-1
1966,37,1075.94140625,251.3671875,-1,-1,1,-1,-1,-1
1967,37,1054.736572265625,251.136962890625,-1,-1,1,-1,-1,-1
1968,37,1040.413818359375,251.23895263671875,-1,-1,1,-1,-1,-1
1969,37,1026.3935546875,251.12136840820312,-1,-1,1,-1,-1,-1
1970,37,1011.9276123046875,251.18313598632812,-1,-1,1,-1,-1,-1
1972,37,983.4337158203125,251.2635498046875,-1,-1,1,-1,-1,-1
1973,37,969.264404296875,251.29981994628906,-1,-1,1,-1,-1,-1
1974,37,962.0438842773438,251.2698974609375,-1,-1,1,-1,-1,-1
1992,37,735.06396484375,187.31039428710938,-1,-1,1,-1,-1,-1
1993,37,713.736083984375,187.32534790039062,-1,-1,1,-1,-1,-1
1994,37,692.2015380859375,187.25587463378906,-1,-1,1,-1,-1,-1
1995,37,678.1738891601562,180.1007080078125,-1,-1,1,-1,-1,-1
1996,37,628.4974365234375,215.75802612304688,-1,-1,1,-1,-1,-1
2008,37,401.35498046875,123.34091186523438,-1,-1,1,-1,-1,-1
2017,37,188.04611206054688,151.55535888671875,-1,-1,1,-1,-1,-1
2018,37,159.58045959472656,151.84381103515625,-1,-1,1,-1,-1,-1
2019,37,124.0731201171875,158.8949737548828,-1,-1,1,-1,-1,-1
2020,37,95.67522430419922,158.92465209960938,-1,-1,1,-1,-1,-1
2132,38,564.7530517578125,400.4034423828125,-1,-1,1,-1,-1,-1
2134,38,571.45947265625,407.38311767578125,-1,-1,1,-1,-1,-1
2242,39,1111.8055419921875,335.96533203125,-1,-1,1,-1,-1,-1
2243,39,1104.452392578125,328.925537109375,-1,-1,1,-1,-1,-1
2244,39,1097.3896484375,328.9459228515625,-1,-1,1,-1,-1,-1
2265,40,1310.1923828125,670.7159423828125,-1,-1,1,-1,-1,-1
2266,40,1296.04296875,670.7838134765625,-1,-1,1,-1,-1,-1
2268,40,1253.525390625,663.5963134765625,-1,-1,1,-1,-1,-1
2277,41,1552.0130615234375,698.803955078125,-1,-1,1,-1,-1,-1
2280,41,1459.863037109375,691.7388916015625,-1,-1,1,-1,-1,-1
2283,41,1367.140869140625,684.814208984375,-1,-1,1,-1,-1,-1
2284,41,1331.769287109375,684.6199951171875,-1,-1,1,-1,-1,-1
2285,41,1296.158935546875,684.7537841796875,-1,-1,1,-1,-1,-1
2286,41,1260.7183837890625,684.6022338867188,-1,-1,1,-1,-1,-1
2287,41,1225.2347412109375,684.6032104492188,-1,-1,1,-1,-1,-1
2288,41,1189.72021484375,684.7442626953125,-1,-1,1,-1,-1,-1
2289,41,1154.0546875,691.974365234375,-1,-1,1,-1,-1,-1
2290,41,1118.521484375,691.8617553710938,-1,-1,1,-1,-1,-1
2291,40,479.48760986328125,677.5941772460938,-1,-1,1,-1,-1,-1
2291,41,1090.02734375,699.0181884765625,-1,-1,1,-1,-1,-1
2293,41,1011.9676513671875,706.2514038085938,-1,-1,1,-1,-1,-1
2294,41,976.6771240234375,705.9603881835938,-1,-1,1,-1,-1,-1
2295,41,933.55712890625,705.950439453125,-1,-1,1,-1,-1,-1
2296,41,891.001953125,713.3270263671875,-1,-1,1,-1,-1,-1
2297,41,834.19775390625,713.0469970703125,-1,-1,1,-1,-1,-1
2298,41,798.6409912109375,720.2059326171875,-1,-1,1,-1,-1,-1
2299,41,756.2415771484375,720.1658325195312,-1,-1,1,-1,-1,-1
2299,42,1346.2421875,720.2996826171875,-1,-1,1,-1,-1,-1
2300,41,720.5438842773438,720.169189453125,-1,-1,1,-1,-1,-1
2300,42,1310.61181640625,719.9976806640625,-1,-1,1,-1,-1,-1
2301,41,678.1270751953125,727.3350830078125,-1,-1,1,-1,-1,-1
2302,41,635.0831298828125,727.3018188476562,-1,-1,1,-1,-1,-1
2302,42,1246.791015625,727.3150634765625,-1,-1,1,-1,-1,-1
2303,42,1211.164794921875,727.4898071289062,-1,-1,1,-1,-1,-1
2304,41,550.01513671875,734.5125732421875,-1,-1,1,-1,-1,-1
2305,42,1147.23291015625,734.384033203125,-1,-1,1,-1,-1,-1
2306,41,457.5391845703125,741.6129760742188,-1,-1,1,-1,-1,-1
2306,42,1111.72021484375,734.2068481445312,-1,-1,1,-1,-1,-1
2307,42,1076.299072265625,734.4151000976562,-1,-1,1,-1,-1,-1
2308,42,1047.57666015625,741.5823974609375,-1,-1,1,-1,-1,-1
2309,42,1012.0442504882812,741.45947265625,-1,-1,1,-1,-1,-1
2319,42,699.5103149414062,741.4412841796875,-1,-1,1,-1,-1,-1
2320,42,663.876708984375,741.48876953125,-1,-1,1,-1,-1,-1
2322,42,585.965087890625,734.669921875,-1,-1,1,-1,-1,-1
2323,42,550.3847045898438,734.6190185546875,-1,-1,1,-1,-1,-1
2324,42,507.88128662109375,734.572021484375,-1,-1,1,-1,-1,-1
2447,43,1403.17578125,684.5492553710938,-1,-1,1,-1,-1,-1
2450,43,1325.03271484375,684.34326171875,-1,-1,1,-1,-1,-1
2452,43,1275.343994140625,684.6048583984375,-1,-1,1,-1,-1,-1
2453,43,1246.833984375,684.6994018554688,-1,-1,1,-1,-1,-1
2456,43,1168.60498046875,691.713623046875,-1,-1,1,-1,-1,-1
2477,43,550.4312744140625,727.22607421875,-1,-1,1,-1,-1,-1
2490,44,543.6484375,606.31005859375,-1,-1,1,-1,-1,-1
2491,44,479.24359130859375,599.3367919921875,-1,-1,1,-1,-1,-1
2550,45,756.3995361328125,407.4744873046875,-1,-1,1,-1,-1,-1
2551,45,678.9380493164062,428.7703857421875,-1,-1,1,-1,-1,-1
2552,45,600.2244873046875,400.53021240234375,-1,-1,1,-1,-1,-1
2554,45,422.7308349609375,393.6114501953125,-1,-1,1,-1,-1,-1
2555,45,337.950439453125,379.2425537109375,-1,-1,1,-1,-1,-1
2556,45,231.07308959960938,365.041748046875,-1,-1,1,-1,-1,-1
2557,45,131.58016967773438,350.921142578125,-1,-1,1,-1,-1,-1
2617,46,1545.357666015625,286.8467102050781,-1,-1,1,-1,-1,-1
2618,46,1524.111083984375,279.5474853515625,-1,-1,1,-1,-1,-1
2791,47,1197.0859375,727.2803955078125,-1,-1,1,-1,-1,-1
2796,47,1026.5716552734375,727.154052734375,-1,-1,1,-1,-1,-1
2798,47,941.091552734375,727.1401977539062,-1,-1,1,-1,-1,-1
2802,47,756.3431396484375,720.0926513671875,-1,-1,1,-1,-1,-1
2805,47,628.6328125,684.5720825195312,-1,-1,1,-1,-1,-1
2808,47,493.6398620605469,684.5952758789062,-1,-1,1,-1,-1,-1
2809,47,444.0838317871094,691.7376708984375,-1,-1,1,-1,-1,-1
2810,47,394.40301513671875,691.5385131835938,-1,-1,1,-1,-1,-1
2811,47,344.4898681640625,698.812744140625,-1,-1,1,-1,-1,-1
2812,47,294.6978454589844,705.8902587890625,-1,-1,1,-1,-1,-1
2842,48,1324.775634765625,528.160400390625,-1,-1,1,-1,-1,-1
2843,48,1296.068115234375,528.2787475585938,-1,-1,1,-1,-1,-1
2850,49,643.108642578125,755.3582763671875,-1,-1,1,-1,-1,-1
2851,49,593.567138671875,762.3367919921875,-1,-1,1,-1,-1,-1
2852,49,543.5491943359375,762.5343017578125,-1,-1,1,-1,-1,-1
2853,49,486.85888671875,762.7069702148438,-1,-1,1,-1,-1,-1
2904,50,785.2232055664062,727.39453125,-1,-1,1,-1,-1,-1
2904,51,1055.1630859375,805.1705322265625,-1,-1,1,-1,-1,-1
2908,51,813.44970703125,819.10400390625,-1,-1,1,-1,-1,-1
2909,50,536.6983642578125,741.401123046875,-1,-1,1,-1,-1,-1
2910,50,458.4316711425781,748.0003662109375,-1,-1,1,-1,-1,-1
2938,52,1481.2099609375,706.150146484375,-1,-1,1,-1,-1,-1
2939,52,1474.2581787109375,706.182861328125,-1,-1,1,-1,-1,-1
2940,52,1467.09814453125,713.2927856445312,-1,-1,1,-1,-1,-1
2941,52,1460.002685546875,720.2332763671875,-1,-1,1,-1,-1,-1
2947,52,1395.8519287109375,720.2921142578125,-1,-1,1,-1,-1,-1
2948,52,1381.626220703125,720.236328125,-1,-1,1,-1,-1,-1
2971,53,1048.02783203125,755.584228515625,-1,-1,1,-1,-1,-1
2972,53,1012.6156005859375,762.843505859375,-1,-1,1,-1,-1,-1
2973,53,976.8624267578125,762.575439453125,-1,-1,1,-1,-1,-1
2974,53,941.3953857421875,755.4925537109375,-1,-1,1,-1,-1,-1
2975,53,912.98779296875,755.7514038085938,-1,-1,1,-1,-1,-1
2976,53,877.3931884765625,748.527099609375,-1,-1,1,-1,-1,-1
2977,53,841.907958984375,748.7171630859375,-1,-1,1,-1,-1,-1
2978,53,820.8403930664062,748.4815673828125,-1,-1,1,-1,-1,-1
2979,53,777.576904296875,734.4935302734375,-1,-1,1,-1,-1,-1
2980,53,749.216796875,741.809814453125,-1,-1,1,-1,-1,-1
2981,53,720.96337890625,741.6848754882812,-1,-1,1,-1,-1,-1
2982,53,678.2745971679688,734.4712524414062,-1,-1,1,-1,-1,-1
2983,53,650.2001953125,734.3091430664062,-1,-1,1,-1,-1,-1
2984,53,607.1383056640625,741.707275390625,-1,-1,1,-1,-1,-1
2985,53,564.6241455078125,734.5054321289062,-1,-1,1,-1,-1,-1
2986,53,514.837890625,727.1896362304688,-1,-1,1,-1,-1,-1
2987,53,465.089599609375,720.2210693359375,-1,-1,1,-1,-1,-1
2990,53,330.3731994628906,741.3802490234375,-1,-1,1,-1,-1,-1
3097,54,479.33294677734375,784.036376953125,-1,-1,1,-1,-1,-1
3098,54,443.9610595703125,791.2296142578125,-1,-1,1,-1,-1,-1
3153,55,1026.88671875,734.3433837890625,-1,-1,1,-1,-1,-1
3155,56,1587.6951904296875,677.482421875,-1,-1,1,-1,-1,-1
3156,56,1573.69384765625,677.6132202148438,-1,-1,1,-1,-1,-1
3157,56,1545.149169921875,677.3436279296875,-1,-1,1,-1,-1,-1
3158,56,1530.87744140625,677.1630859375,-1,-1,1,-1,-1,-1
3159,55,870.601806640625,741.6262817382812,-1,-1,1,-1,-1,-1
3162,56,1466.37255859375,670.3922119140625,-1,-1,1,-1,-1,-1
3163,56,1452.42626953125,670.321533203125,-1,-1,1,-1,-1,-1
3164,56,1431.091796875,670.3902587890625,-1,-1,1,-1,-1,-1
3165,56,1416.931396484375,663.3349609375,-1,-1,1,-1,-1,-1
3166,56,1402.7874755859375,663.4716796875,-1,-1,1,-1,-1,-1
3167,56,1388.433349609375,656.1431884765625,-1,-1,1,-1,-1,-1
3175,56,1296.0645751953125,649.826416015625,-1,-1,1,-1,-1,-1
3180,56,1210.7716064453125,627.9254760742188,-1,-1,1,-1,-1,-1
3182,56,1168.103515625,621.0777587890625,-1,-1,1,-1,-1,-1
3183,56,1139.637939453125,613.931884765625,-1,-1,1,-1,-1,-1
3184,56,1118.3360595703125,614.15625,-1,-1,1,-1,-1,-1
3185,56,1090.07568359375,614.4403686523438,-1,-1,1,-1,-1,-1
3187,56,1047.4605712890625,606.9718017578125,-1,-1,1,-1,-1,-1
3193,56,919.7691650390625,621.32861328125,-1,-1,1,-1,-1,-1
3194,56,891.527587890625,613.797119140625,-1,-1,1,-1,-1,-1
3195,56,870.2518310546875,613.94775390625,-1,-1,1,-1,-1,-1
3196,56,841.47900390625,613.9917602539062,-1,-1,1,-1,-1,-1
3197,56,820.5781860351562,613.9367065429688,-1,-1,1,-1,-1,-1
3198,56,791.9669189453125,614.044921875,-1,-1,1,-1,-1,-1
3199,56,763.418212890625,621.0438232421875,-1,-1,1,-1,-1,-1
3200,56,741.914306640625,620.9437255859375,-1,-1,1,-1,-1,-1
3201,56,713.7392578125,621.0357666015625,-1,-1,1,-1,-1,-1
3202,56,685.4044189453125,620.8502197265625,-1,-1,1,-1,-1,-1
3203,56,656.9857788085938,620.9631958007812,-1,-1,1,-1,-1,-1
3204,56,635.8380126953125,620.9632568359375,-1,-1,1,-1,-1,-1
3207,56,536.1007690429688,613.968505859375,-1,-1,1,-1,-1,-1
3208,56,500.38983154296875,613.9813232421875,-1,-1,1,-1,-1,-1
3396,57,408.33441162109375,571.2681274414062,-1,-1,1,-1,-1,-1
3418,57,166.73947143554688,556.8984375,-1,-1,1,-1,-1,-1
3419,57,159.6322784423828,549.68115234375,-1,-1,1,-1,-1,-1
3420,57,145.35488891601562,549.7359619140625,-1,-1,1,-1,-1,-1
3963,58,621.6182861328125,591.906982421875,-1,-1,1,-1,-1,-1
3964,58,586.044921875,591.6861572265625,-1,-1,1,-1,-1,-1
3995,59,727.855224609375,635.3685302734375,-1,-1,1,-1,-1,-1
4001,59,550.4784545898438,635.4047241210938,-1,-1,1,-1,-1,-1
4066,60,1374.833984375,664.0276489257812,-1,-1,1,-1,-1,-1
4067,60,1324.883544921875,656.4293212890625,-1,-1,1,-1,-1,-1
4068,60,1289.40234375,656.7344970703125,-1,-1,1,-1,-1,-1
4082,60,706.5968017578125,628.4449462890625,-1,-1,1,-1,-1,-1
4083,60,657.1778564453125,620.9981079101562,-1,-1,1,-1,-1,-1
4084,60,614.3228759765625,614.1175537109375,-1,-1,1,-1,-1,-1
4085,60,571.6012573242188,607.1336669921875,-1,-1,1,-1,-1,-1
4173,61,1380.9388427734375,593.06396484375,-1,-1,1,-1,-1,-1
4175,61,1345.432373046875,592.9657592773438,-1,-1,1,-1,-1,-1
4176,61,1324.114990234375,585.921875,-1,-1,1,-1,-1,-1
4177,61,1296.28271484375,585.6001586914062,-1,-1,1,-1,-1,-1
4178,61,1275.0125732421875,585.58056640625,-1,-1,1,-1,-1,-1
4179,61,1246.140869140625,585.7533569335938,-1,-1,1,-1,-1,-1
4181,61,1175.479736328125,585.61767578125,-1,-1,1,-1,-1,-1
4182,61,1132.96484375,578.5240478515625,-1,-1,1,-1,-1,-1
4183,61,1090.0849609375,578.6240234375,-1,-1,1,-1,-1,-1
4185,61,1019.169677734375,578.60400390625,-1,-1,1,-1,-1,-1
4186,61,976.4624633789062,578.5401611328125,-1,-1,1,-1,-1,-1
4187,61,940.81884765625,585.7380981445312,-1,-1,1,-1,-1,-1
4187,62,1318.020751953125,627.719482421875,-1,-1,1,-1,-1,-1
4188,61,905.3343505859375,585.5,-1,-1,1,-1,-1,-1
4188,62,1275.3367919921875,627.8348388671875,-1,-1,1,-1,-1,-1
4189,62,1239.44287109375,628.1251220703125,-1,-1,1,-1,-1,-1
4190,62,1203.82861328125,635.1138916015625,-1,-1,1,-1,-1,-1
4191,61,777.65380859375,599.56298828125,-1,-1,1,-1,-1,-1
4191,62,1153.9407958984375,635.1919555664062,-1,-1,1,-1,-1,-1
4196,62,1047.8294677734375,741.3433837890625,-1,-1,1,-1,-1,-1
4201,62,827.6708984375,755.705810546875,-1,-1,1,-1,-1,-1
4202,62,777.7955322265625,762.8023681640625,-1,-1,1,-1,-1,-1
4203,62,735.2579345703125,769.9134521484375,-1,-1,1,-1,-1,-1
4204,62,685.5149536132812,777.0193481445312,-1,-1,1,-1,-1,-1
4205,62,628.6961669921875,783.9674072265625,-1,-1,1,-1,-1,-1
4206,62,571.8493041992188,783.9578247070312,-1,-1,1,-1,-1,-1
4207,62,514.92041015625,784.1083984375,-1,-1,1,-1,-1,-1
4208,62,451.13482666015625,776.85791015625,-1,-1,1,-1,-1,-1
4209,62,372.96044921875,776.8621826171875,-1,-1,1,-1,-1,-1
4211,62,216.7989501953125,755.8272705078125,-1,-1,1,-1,-1,-1
4212,62,124.31940460205078,748.5310668945312,-1,-1,1,-1,-1,-1
4228,63,1211.368896484375,883.493408203125,-1,-1,1,-1,-1,-1
4229,63,1175.985595703125,890.6838989257812,-1,-1,1,-1,-1,-1
4265,64,1410.427490234375,208.82025146484375,-1,-1,1,-1,-1,-1
4266,64,1381.996337890625,244.0542755126953,-1,-1,1,-1,-1,-1
4268,64,1332.488037109375,215.78982543945312,-1,-1,1,-1,-1,-1
4296,65,1054.834228515625,755.703125,-1,-1,1,-1,-1,-1
4302,65,799.1722412109375,770.0262451171875,-1,-1,1,-1,-1,-1
4304,65,671.3823852539062,762.9288330078125,-1,-1,1,-1,-1,-1
4305,65,629.1448364257812,769.8543701171875,-1,-1,1,-1,-1,-1
4307,65,529.56298828125,769.7947998046875,-1,-1,1,-1,-1,-1
4308,65,479.9598388671875,776.95654296875,-1,-1,1,-1,-1,-1
4309,65,422.91448974609375,777.1419677734375,-1,-1,1,-1,-1,-1
4310,65,365.9185791015625,777.0252685546875,-1,-1,1,-1,-1,-1
4312,65,245.04193115234375,777.322998046875,-1,-1,1,-1,-1,-1
4314,66,1033.388427734375,798.65283203125,-1,-1,1,-1,-1,-1
4315,66,1004.6834716796875,791.7667846679688,-1,-1,1,-1,-1,-1
4316,66,941.1712646484375,798.731201171875,-1,-1,1,-1,-1,-1
4317,66,891.2158203125,798.7462158203125,-1,-1,1,-1,-1,-1
4318,66,841.3935546875,798.8348999023438,-1,-1,1,-1,-1,-1
4327,66,443.4591064453125,848.1045532226562,-1,-1,1,-1,-1,-1
4328,66,379.8701477050781,855.289794921875,-1,-1,1,-1,-1,-1
4329,66,316.0742492675781,862.30859375,-1,-1,1,-1,-1,-1
4330,66,294.63067626953125,861.9873046875,-1,-1,1,-1,-1,-1
4332,67,976.97705078125,636.2760009765625,-1,-1,1,-1,-1,-1
4334,67,919.78125,657.3272094726562,-1,-1,1,-1,-1,-1
4396,68,1062.087158203125,762.708251953125,-1,-1,1,-1,-1,-1
4399,68,976.7280883789062,769.9027099609375,-1,-1,1,-1,-1,-1
4401,68,912.6260986328125,769.7659912109375,-1,-1,1,-1,-1,-1
4402,68,884.2760620117188,769.7064208984375,-1,-1,1,-1,-1,-1
4405,68,784.937255859375,776.9410400390625,-1,-1,1,-1,-1,-1
4406,68,749.3135986328125,776.8861083984375,-1,-1,1,-1,-1,-1
4407,68,713.9029541015625,776.9930419921875,-1,-1,1,-1,-1,-1
4412,68,550.4205322265625,769.9456787109375,-1,-1,1,-1,-1,-1
4440,69,1133.3199462890625,280.3431701660156,-1,-1,1,-1,-1,-1
4441,69,1033.8951416015625,273.3612976074219,-1,-1,1,-1,-1,-1
4442,69,927.314697265625,245.26707458496094,-1,-1,1,-1,-1,-1
4444,69,692.5947875976562,223.29542541503906,-1,-1,1,-1,-1,-1
4560,70,1232.427734375,862.5423583984375,-1,-1,1,-1,-1,-1
4562,70,1182.67578125,862.56005859375,-1,-1,1,-1,-1,-1
4563,70,1154.22802734375,862.5020751953125,-1,-1,1,-1,-1,-1
4564,70,1118.50634765625,855.3731689453125,-1,-1,1,-1,-1,-1
4565,70,1090.125244140625,848.0790405273438,-1,-1,1,-1,-1,-1
4566,70,1068.8359375,855.4483642578125,-1,-1,1,-1,-1,-1
4567,70,1040.49462890625,848.469970703125,-1,-1,1,-1,-1,-1
4576,70,713.7859497070312,841.1658935546875,-1,-1,1,-1,-1,-1
4577,70,656.792236328125,819.8011474609375,-1,-1,1,-1,-1,-1
4578,70,642.6632690429688,841.22998046875,-1,-1,1,-1,-1,-1
4579,70,578.6865844726562,819.6000366210938,-1,-1,1,-1,-1,-1
4580,70,564.55712890625,841.1971435546875,-1,-1,1,-1,-1,-1
4581,70,521.7628173828125,841.2769775390625,-1,-1,1,-1,-1,-1
4841,71,486.48944091796875,627.7529296875,-1,-1,1,-1,-1,-1
4842,71,465.0634765625,627.949951171875,-1,-1,1,-1,-1,-1
4843,71,443.89483642578125,620.62744140625,-1,-1,1,-1,-1,-1
4844,71,422.5103759765625,620.7027587890625,-1,-1,1,-1,-1,-1
4852,71,195.0420379638672,606.3148803710938,-1,-1,1,-1,-1,-1
4890,72,1388.724853515625,706.0458984375,-1,-1,1,-1,-1,-1
4890,73,1857.76220703125,620.884521484375,-1,-1,1,-1,-1,-1
4891,73,1843.375244140625,621.0694580078125,-1,-1,1,-1,-1,-1
4892,73,1836.530517578125,613.6290893554688,-1,-1,1,-1,-1,-1
4893,73,1829.33544921875,620.8648681640625,-1,-1,1,-1,-1,-1
4894,73,1822.083251953125,627.9793090820312,-1,-1,1,-1,-1,-1
4895,73,1808.0050048828125,620.6757202148438,-1,-1,1,-1,-1,-1
4896,73,1800.83984375,620.4990234375,-1,-1,1,-1,-1,-1
4897,73,1786.595458984375,620.6612548828125,-1,-1,1,-1,-1,-1
4898,73,1779.353271484375,627.912109375,-1,-1,1,-1,-1,-1
4899,73,1765.267578125,627.97412109375,-1,-1,1,-1,-1,-1
4900,73,1758.2979736328125,628.0452270507812,-1,-1,1,-1,-1,-1
4901,72,1133.232177734375,727.1695556640625,-1,-1,1,-1,-1,-1
4901,73,1758.228515625,635.159423828125,-1,-1,1,-1,-1,-1
4902,72,1111.719482421875,734.47412109375,-1,-1,1,-1,-1,-1
4902,73,1758.3016357421875,635.04638671875,-1,-1,1,-1,-1,-1
4903,72,1083.2255859375,734.5772705078125,-1,-1,1,-1,-1,-1
4903,73,1751.140625,642.2694091796875,-1,-1,1,-1,-1,-1
4904,73,1744.14208984375,642.4003295898438,-1,-1,1,-1,-1,-1
4905,72,955.524658203125,705.981201171875,-1,-1,1,-1,-1,-1
4905,73,1737.04638671875,642.32861328125,-1,-1,1,-1,-1,-1
4906,72,934.1483154296875,705.9063720703125,-1,-1,1,-1,-1,-1
4906,73,1729.901611328125,642.2513427734375,-1,-1,1,-1,-1,-1
4907,72,905.7011108398438,705.8054809570312,-1,-1,1,-1,-1,-1
4907,73,1722.85693359375,642.2455444335938,-1,-1,1,-1,-1,-1
4908,72,877.30615234375,705.96337890625,-1,-1,1,-1,-1,-1
4908,73,1708.59619140625,642.3589477539062,-1,-1,1,-1,-1,-1
4909,73,1701.626220703125,642.4313354492188,-1,-1,1,-1,-1,-1
4910,73,1687.388916015625,642.447509765625,-1,-1,1,-1,-1,-1
4911,73,1680.2100830078125,635.093505859375,-1,-1,1,-1,-1,-1
4912,73,1673.125,635.2034912109375,-1,-1,1,-1,-1,-1
4913,73,1658.9837646484375,635.2357177734375,-1,-1,1,-1,-1,-1
4914,73,1644.6571044921875,627.7833251953125,-1,-1,1,-1,-1,-1
4915,73,1630.570068359375,627.96728515625,-1,-1,1,-1,-1,-1
4916,73,1616.304931640625,628.0452880859375,-1,-1,1,-1,-1,-1
4917,73,1602.0400390625,628.1336669921875,-1,-1,1,-1,-1,-1
4918,73,1587.8375244140625,620.7001953125,-1,-1,1,-1,-1,-1
4919,73,1573.69775390625,620.8944702148438,-1,-1,1,-1,-1,-1
4920,73,1559.37353515625,621.144775390625,-1,-1,1,-1,-1,-1
4921,73,1545.230712890625,621.0431518554688,-1,-1,1,-1,-1,-1
4922,73,1531.00634765625,613.641845703125,-1,-1,1,-1,-1,-1
4923,73,1516.763916015625,621.0775146484375,-1,-1,1,-1,-1,-1
4924,73,1495.348388671875,620.962158203125,-1,-1,1,-1,-1,-1
4925,73,1481.223876953125,621.0140380859375,-1,-1,1,-1,-1,-1
4925,74,1573.488525390625,556.4027099609375,-1,-1,1,-1,-1,-1
4926,73,1459.923583984375,620.9048461914062,-1,-1,1,-1,-1,-1
4926,74,1559.465576171875,563.562255859375,-1,-1,1,-1,-1,-1
4927,73,1445.80615234375,620.8162841796875,-1,-1,1,-1,-1,-1
4928,73,1431.6146240234375,620.7860717773438,-1,-1,1,-1,-1,-1
4928,74,1523.7596435546875,556.2499389648438,-1,-1,1,-1,-1,-1
4929,73,1410.138427734375,628.1683959960938,-1,-1,1,-1,-1,-1
4930,73,1395.8203125,628.1921997070312,-1,-1,1,-1,-1,-1
4931,73,1381.765869140625,628.2415161132812,-1,-1,1,-1,-1,-1
4932,73,1360.379638671875,628.1561889648438,-1,-1,1,-1,-1,-1
4933,73,1346.2840576171875,628.112060546875,-1,-1,1,-1,-1,-1
4934,73,1324.9246826171875,628.119873046875,-1,-1,1,-1,-1,-1
4935,73,1310.753662109375,628.161865234375,-1,-1,1,-1,-1,-1
4936,73,1296.548583984375,628.1585693359375,-1,-1,1,-1,-1,-1
4937,73,1275.166259765625,628.1069946289062,-1,-1,1,-1,-1,-1
4938,73,1260.9674072265625,628.1660766601562,-1,-1,1,-1,-1,-1
4939,73,1246.7764892578125,628.0963134765625,-1,-1,1,-1,-1,-1
4940,73,1225.4273681640625,628.0829467773438,-1,-1,1,-1,-1,-1
4941,73,1211.2647705078125,628.0278930664062,-1,-1,1,-1,-1,-1
4942,73,1197.04052734375,628.062255859375,-1,-1,1,-1,-1,-1
4943,73,1182.80224609375,628.1046752929688,-1,-1,1,-1,-1,-1
4944,73,1168.614990234375,628.2293090820312,-1,-1,1,-1,-1,-1
4945,73,1154.3687744140625,628.1478881835938,-1,-1,1,-1,-1,-1
4946,73,1133.08251953125,621.0092163085938,-1,-1,1,-1,-1,-1
4946,75,835.0118408203125,343.4771728515625,-1,-1,1,-1,-1,-1
4947,73,1118.8426513671875,621.1233520507812,-1,-1,1,-1,-1,-1
4947,75,813.7110595703125,343.30560302734375,-1,-1,1,-1,-1,-1
4948,73,1104.604736328125,621.2305297851562,-1,-1,1,-1,-1,-1
4948,75,806.4237060546875,343.7170715332031,-1,-1,1,-1,-1,-1
4949,73,1090.512451171875,613.7592163085938,-1,-1,1,-1,-1,-1
4949,74,1211.102783203125,613.5068359375,-1,-1,1,-1,-1,-1
4949,75,792.4791870117188,343.38726806640625,-1,-1,1,-1,-1,-1
4950,73,1076.274658203125,613.8511962890625,-1,-1,1,-1,-1,-1
4950,75,778.167236328125,336.47576904296875,-1,-1,1,-1,-1,-1
4951,73,1062.0919189453125,614.0089111328125,-1,-1,1,-1,-1,-1
4951,75,770.9859619140625,336.3320617675781,-1,-1,1,-1,-1,-1
4952,73,1047.869384765625,606.56201171875,-1,-1,1,-1,-1,-1
4952,75,756.6663818359375,329.47723388671875,-1,-1,1,-1,-1,-1
4953,73,1033.7757568359375,606.7864990234375,-1,-1,1,-1,-1,-1
4954,73,1012.361083984375,606.94140625,-1,-1,1,-1,-1,-1
4954,75,728.5872802734375,321.7504577636719,-1,-1,1,-1,-1,-1
4955,73,998.1820068359375,599.5826416015625,-1,-1,1,-1,-1,-1
4956,73,983.9380493164062,599.7093505859375,-1,-1,1,-1,-1,-1
4957,73,969.6669921875,599.7044067382812,-1,-1,1,-1,-1,-1
4958,73,955.5053100585938,592.4453735351562,-1,-1,1,-1,-1,-1
4958,75,678.4877319335938,307.8659362792969,-1,-1,1,-1,-1,-1
4959,73,941.3009643554688,592.62353515625,-1,-1,1,-1,-1,-1
4959,75,664.386962890625,308.1409912109375,-1,-1,1,-1,-1,-1
4960,73,926.9901123046875,585.1651611328125,-1,-1,1,-1,-1,-1
4960,75,650.1259765625,307.9017639160156,-1,-1,1,-1,-1,-1
4961,73,905.727783203125,585.341064453125,-1,-1,1,-1,-1,-1
4962,73,891.5308837890625,585.465087890625,-1,-1,1,-1,-1,-1
4962,74,1026.493896484375,585.2953491210938,-1,-1,1,-1,-1,-1
4962,75,621.4769287109375,300.7179870605469,-1,-1,1,-1,-1,-1
4963,73,877.34130859375,585.447265625,-1,-1,1,-1,-1,-1
4963,74,1012.3416748046875,585.2066650390625,-1,-1,1,-1,-1,-1
4963,75,607.3299560546875,300.89483642578125,-1,-1,1,-1,-1,-1
4964,73,863.0911865234375,585.4075927734375,-1,-1,1,-1,-1,-1
4964,74,998.2291259765625,585.117431640625,-1,-1,1,-1,-1,-1
4965,73,848.9277954101562,585.36181640625,-1,-1,1,-1,-1,-1
4966,73,834.599853515625,585.3695678710938,-1,-1,1,-1,-1,-1
4966,75,571.8271484375,308.21075439453125,-1,-1,1,-1,-1,-1
4967,73,827.5133056640625,592.6412353515625,-1,-1,1,-1,-1,-1
4968,73,813.256103515625,592.6148681640625,-1,-1,1,-1,-1,-1
4968,75,564.801025390625,308.0394592285156,-1,-1,1,-1,-1,-1
4969,73,806.22314453125,592.6279296875,-1,-1,1,-1,-1,-1
4969,75,557.7792358398438,308.139892578125,-1,-1,1,-1,-1,-1
4970,73,799.0850219726562,592.5283203125,-1,-1,1,-1,-1,-1
4971,73,792.0086669921875,592.3863525390625,-1,-1,1,-1,-1,-1
4971,74,934.0973510742188,592.3126220703125,-1,-1,1,-1,-1,-1
4972,73,777.648193359375,599.8436279296875,-1,-1,1,-1,-1,-1
4972,74,919.8489990234375,592.4403076171875,-1,-1,1,-1,-1,-1
4973,73,770.7392578125,599.720458984375,-1,-1,1,-1,-1,-1
4973,74,912.6563720703125,599.59033203125,-1,-1,1,-1,-1,-1
4974,73,756.4390258789062,599.615478515625,-1,-1,1,-1,-1,-1
4974,74,898.4188232421875,599.558349609375,-1,-1,1,-1,-1,-1
4974,75,529.4021606445312,315.37298583984375,-1,-1,1,-1,-1,-1
4975,73,749.352294921875,606.7916259765625,-1,-1,1,-1,-1,-1
4975,74,891.4112548828125,599.3941040039062,-1,-1,1,-1,-1,-1
4976,73,735.1417236328125,606.9494018554688,-1,-1,1,-1,-1,-1
4977,73,728.1029052734375,606.8291625976562,-1,-1,1,-1,-1,-1
4977,74,870.0389404296875,606.7111206054688,-1,-1,1,-1,-1,-1
4978,73,713.8589477539062,606.7945556640625,-1,-1,1,-1,-1,-1
4978,75,500.86358642578125,329.3935546875,-1,-1,1,-1,-1,-1
4979,73,706.7041015625,606.563232421875,-1,-1,1,-1,-1,-1
4979,75,494.0012512207031,329.31787109375,-1,-1,1,-1,-1,-1
4980,73,692.528076171875,606.725830078125,-1,-1,1,-1,-1,-1
4981,73,678.2898559570312,606.73193359375,-1,-1,1,-1,-1,-1
4981,75,479.5339050292969,336.2933349609375,-1,-1,1,-1,-1,-1
4982,73,671.1668701171875,606.6566162109375,-1,-1,1,-1,-1,-1
4982,75,472.31439208984375,336.40753173828125,-1,-1,1,-1,-1,-1
4983,73,656.970703125,614.0584716796875,-1,-1,1,-1,-1,-1
4983,75,465.334228515625,336.54522705078125,-1,-1,1,-1,-1,-1
4984,73,649.8980102539062,613.8902587890625,-1,-1,1,-1,-1,-1
4984,75,458.25177001953125,336.4875793457031,-1,-1,1,-1,-1,-1
4985,73,635.65576171875,613.9749755859375,-1,-1,1,-1,-1,-1
4986,73,621.513671875,613.9813842773438,-1,-1,1,-1,-1,-1
4986,75,437.01068115234375,336.4512634277344,-1,-1,1,-1,-1,-1
4987,73,614.3367919921875,613.929443359375,-1,-1,1,-1,-1,-1
4987,75,436.92132568359375,343.80096435546875,-1,-1,1,-1,-1,-1
4988,73,607.2332153320312,613.9188232421875,-1,-1,1,-1,-1,-1
4989,73,593.11083984375,613.6785888671875,-1,-1,1,-1,-1,-1
4989,75,422.6751708984375,343.634033203125,-1,-1,1,-1,-1,-1
4990,73,578.8755493164062,613.8426513671875,-1,-1,1,-1,-1,-1
4990,75,415.71636962890625,343.671630859375,-1,-1,1,-1,-1,-1
4991,73,564.58056640625,621.10400390625,-1,-1,1,-1,-1,-1
4991,75,401.4437561035156,343.5924072265625,-1,-1,1,-1,-1,-1
4992,73,550.3693237304688,621.2365112304688,-1,-1,1,-1,-1,-1
4992,75,394.37005615234375,343.5383605957031,-1,-1,1,-1,-1,-1
4993,73,536.2569580078125,613.719482421875,-1,-1,1,-1,-1,-1
4994,73,521.9600830078125,613.876708984375,-1,-1,1,-1,-1,-1
4995,73,500.73468017578125,606.7842407226562,-1,-1,1,-1,-1,-1
4996,73,486.4720153808594,606.8886108398438,-1,-1,1,-1,-1,-1
4997,73,472.1583251953125,606.8902587890625,-1,-1,1,-1,-1,-1
4998,73,465.1845397949219,599.5960693359375,-1,-1,1,-1,-1,-1
4999,73,443.7026062011719,599.824951171875,-1,-1,1,-1,-1,-1
5000,73,429.23052978515625,599.522216796875,-1,-1,1,-1,-1,-1
5001,73,415.324462890625,592.5863037109375,-1,-1,1,-1,-1,-1
5002,73,401.2778625488281,585.2916259765625,-1,-1,1,-1,-1,-1
5003,73,379.94683837890625,585.4497680664062,-1,-1,1,-1,-1,-1
5004,73,365.65740966796875,585.441650390625,-1,-1,1,-1,-1,-1
5005,73,344.37103271484375,578.0933837890625,-1,-1,1,-1,-1,-1
5006,73,323.19293212890625,578.1444702148438,-1,-1,1,-1,-1,-1
5007,73,301.68511962890625,578.215576171875,-1,-1,1,-1,-1,-1
5008,73,287.54815673828125,577.9825439453125,-1,-1,1,-1,-1,-1
5008,74,436.87664794921875,570.82763671875,-1,-1,1,-1,-1,-1
5009,73,266.1287841796875,585.48193359375,-1,-1,1,-1,-1,-1
5010,73,244.8260498046875,585.4982299804688,-1,-1,1,-1,-1,-1
5011,73,223.54986572265625,585.455078125,-1,-1,1,-1,-1,-1
5012,73,202.18515014648438,585.4105224609375,-1,-1,1,-1,-1,-1
5013,73,180.95748901367188,585.328369140625,-1,-1,1,-1,-1,-1
5014,73,152.54489135742188,585.304443359375,-1,-1,1,-1,-1,-1
5015,73,131.03652954101562,578.0570068359375,-1,-1,1,-1,-1,-1
5016,73,109.80462646484375,578.1735229492188,-1,-1,1,-1,-1,-1
5017,73,81.46637725830078,578.29248046875,-1,-1,1,-1,-1,-1
5017,74,280.1109619140625,493.1609191894531,-1,-1,1,-1,-1,-1
5018,73,60.21169662475586,578.4366455078125,-1,-1,1,-1,-1,-1
5018,74,258.8636779785156,493.18182373046875,-1,-1,1,-1,-1,-1
5028,76,1090.28564453125,719.9757080078125,-1,-1,1,-1,-1,-1
5029,76,1076.232666015625,719.9964599609375,-1,-1,1,-1,-1,-1
5030,76,1054.8631591796875,713.0401611328125,-1,-1,1,-1,-1,-1
5031,76,1033.6734619140625,705.841064453125,-1,-1,1,-1,-1,-1
5068,77,1772.499755859375,798.2879638671875,-1,-1,1,-1,-1,-1
5069,77,1758.29248046875,798.2330322265625,-1,-1,1,-1,-1,-1
5070,77,1743.9473876953125,798.2601318359375,-1,-1,1,-1,-1,-1
5071,77,1729.9417724609375,798.1224365234375,-1,-1,1,-1,-1,-1
5072,77,1708.730224609375,798.0618896484375,-1,-1,1,-1,-1,-1
5073,77,1694.5521240234375,798.0693359375,-1,-1,1,-1,-1,-1
5074,77,1680.180419921875,798.2236328125,-1,-1,1,-1,-1,-1
5075,77,1658.945556640625,798.3434448242188,-1,-1,1,-1,-1,-1
5076,77,1637.591796875,798.2130126953125,-1,-1,1,-1,-1,-1
5077,77,1623.19970703125,798.1612548828125,-1,-1,1,-1,-1,-1
5078,77,1609.26123046875,798.3233032226562,-1,-1,1,-1,-1,-1
5079,77,1587.9566650390625,798.0255126953125,-1,-1,1,-1,-1,-1
5080,77,1566.609619140625,791.056884765625,-1,-1,1,-1,-1,-1
5081,77,1545.346923828125,791.1484375,-1,-1,1,-1,-1,-1
5082,77,1516.975830078125,790.9243774414062,-1,-1,1,-1,-1,-1
5083,77,1502.83984375,790.8743896484375,-1,-1,1,-1,-1,-1
5084,77,1481.410400390625,784.0078125,-1,-1,1,-1,-1,-1
5085,77,1459.9775390625,784.0234375,-1,-1,1,-1,-1,-1
5086,77,1445.72607421875,783.8653564453125,-1,-1,1,-1,-1,-1
5087,77,1424.11181640625,776.9923706054688,-1,-1,1,-1,-1,-1
5088,77,1402.9921875,776.7500610351562,-1,-1,1,-1,-1,-1
5089,77,1374.575439453125,776.8280029296875,-1,-1,1,-1,-1,-1
5090,77,1353.098388671875,769.7484130859375,-1,-1,1,-1,-1,-1
5091,77,1331.724365234375,769.7193603515625,-1,-1,1,-1,-1,-1
5092,77,1317.674560546875,769.7286987304688,-1,-1,1,-1,-1,-1
5093,77,1296.12158203125,762.7200317382812,-1,-1,1,-1,-1,-1
5094,77,1274.939208984375,762.7332153320312,-1,-1,1,-1,-1,-1
5095,77,1246.6104736328125,762.79638671875,-1,-1,1,-1,-1,-1
5096,77,1224.899658203125,755.9046630859375,-1,-1,1,-1,-1,-1
5097,77,1203.71923828125,755.8169555664062,-1,-1,1,-1,-1,-1
5098,77,1182.41796875,755.7227783203125,-1,-1,1,-1,-1,-1
5099,77,1161.17333984375,755.5836181640625,-1,-1,1,-1,-1,-1
5100,77,1132.81689453125,755.5262451171875,-1,-1,1,-1,-1,-1
5101,77,1111.3896484375,755.5272216796875,-1,-1,1,-1,-1,-1
5102,77,1082.967041015625,755.5588989257812,-1,-1,1,-1,-1,-1
5103,77,1061.79736328125,755.6651000976562,-1,-1,1,-1,-1,-1
5105,77,1011.7813720703125,748.5474853515625,-1,-1,1,-1,-1,-1
5106,77,983.4598388671875,748.55615234375,-1,-1,1,-1,-1,-1
5107,77,962.33203125,748.554443359375,-1,-1,1,-1,-1,-1
5111,77,869.8719482421875,741.7353515625,-1,-1,1,-1,-1,-1
5112,77,841.791748046875,741.685791015625,-1,-1,1,-1,-1,-1
5114,77,791.7694091796875,734.4176025390625,-1,-1,1,-1,-1,-1
5115,77,763.518798828125,734.38134765625,-1,-1,1,-1,-1,-1
5116,77,734.8952026367188,727.1796875,-1,-1,1,-1,-1,-1
5117,77,713.4088134765625,727.278564453125,-1,-1,1,-1,-1,-1
5118,77,685.3203125,727.1494140625,-1,-1,1,-1,-1,-1
5119,77,657.1043701171875,727.334716796875,-1,-1,1,-1,-1,-1
5120,77,635.5865478515625,720.1046142578125,-1,-1,1,-1,-1,-1
5121,77,607.02197265625,719.9564819335938,-1,-1,1,-1,-1,-1
5122,77,585.7127075195312,720.0362548828125,-1,-1,1,-1,-1,-1
5123,77,557.4061279296875,719.9523315429688,-1,-1,1,-1,-1,-1
5124,77,521.89501953125,720.1754760742188,-1,-1,1,-1,-1,-1
5125,77,493.5518798828125,720.1446533203125,-1,-1,1,-1,-1,-1
5126,77,472.29876708984375,720.0564575195312,-1,-1,1,-1,-1,-1
5127,77,443.77398681640625,720.2017822265625,-1,-1,1,-1,-1,-1
5128,77,415.4048156738281,720.2433471679688,-1,-1,1,-1,-1,-1
5129,77,387.2345886230469,720.1934204101562,-1,-1,1,-1,-1,-1
5130,77,358.5914306640625,720.11376953125,-1,-1,1,-1,-1,-1
5131,77,330.4940490722656,720.1100463867188,-1,-1,1,-1,-1,-1
5132,77,309.04168701171875,720.1325073242188,-1,-1,1,-1,-1,-1
5133,77,280.4029235839844,720.0604248046875,-1,-1,1,-1,-1,-1
5134,77,252.07888793945312,720.2828369140625,-1,-1,1,-1,-1,-1
5244,78,1716.3189697265625,535.2100830078125,-1,-1,1,-1,-1,-1
5246,78,1751.163818359375,464.43701171875,-1,-1,1,-1,-1,-1
5248,78,1652.1832275390625,535.4599609375,-1,-1,1,-1,-1,-1
5249,78,1637.9365234375,535.4776000976562,-1,-1,1,-1,-1,-1
5250,78,1623.788818359375,535.3984985351562,-1,-1,1,-1,-1,-1
5252,78,1595.13916015625,535.467041015625,-1,-1,1,-1,-1,-1
5254,78,1573.5386962890625,535.3883056640625,-1,-1,1,-1,-1,-1
5256,78,1538.0687255859375,542.4060668945312,-1,-1,1,-1,-1,-1
5257,78,1523.773193359375,542.5609741210938,-1,-1,1,-1,-1,-1
5258,78,1509.7373046875,549.427978515625,-1,-1,1,-1,-1,-1
5259,78,1495.3140869140625,549.5174560546875,-1,-1,1,-1,-1,-1
5260,78,1481.2366943359375,549.52880859375,-1,-1,1,-1,-1,-1
5261,78,1473.999267578125,549.5888671875,-1,-1,1,-1,-1,-1
5262,78,1459.78955078125,549.5553588867188,-1,-1,1,-1,-1,-1
5263,78,1445.51220703125,549.5980834960938,-1,-1,1,-1,-1,-1
5264,78,1431.279541015625,556.5869140625,-1,-1,1,-1,-1,-1
5265,78,1424.037353515625,556.532958984375,-1,-1,1,-1,-1,-1
5268,78,1402.78369140625,556.589599609375,-1,-1,1,-1,-1,-1
5269,78,1402.8697509765625,549.6661987304688,-1,-1,1,-1,-1,-1
5270,78,1388.69970703125,556.8129272460938,-1,-1,1,-1,-1,-1
5279,78,1317.63134765625,549.8399047851562,-1,-1,1,-1,-1,-1
5280,78,1303.296142578125,549.7042236328125,-1,-1,1,-1,-1,-1
5281,78,1296.3165283203125,556.710693359375,-1,-1,1,-1,-1,-1
5282,78,1289.1646728515625,556.62353515625,-1,-1,1,-1,-1,-1
5283,78,1282.01123046875,556.662109375,-1,-1,1,-1,-1,-1
5283,79,1118.8883056640625,649.30859375,-1,-1,1,-1,-1,-1
5284,78,1274.9903564453125,556.8330078125,-1,-1,1,-1,-1,-1
5284,79,1104.60498046875,649.2518310546875,-1,-1,1,-1,-1,-1
5285,78,1260.66015625,556.5648193359375,-1,-1,1,-1,-1,-1
5285,79,1090.451171875,649.2078857421875,-1,-1,1,-1,-1,-1
5286,78,1253.625732421875,556.8294677734375,-1,-1,1,-1,-1,-1
5286,79,1076.02294921875,642.1358642578125,-1,-1,1,-1,-1,-1
5287,78,1246.397705078125,557.0778198242188,-1,-1,1,-1,-1,-1
5287,79,1061.899658203125,642.2404174804688,-1,-1,1,-1,-1,-1
5288,78,1239.29345703125,556.5979614257812,-1,-1,1,-1,-1,-1
5289,79,1033.571044921875,635.027587890625,-1,-1,1,-1,-1,-1
5291,78,1210.97021484375,542.7001953125,-1,-1,1,-1,-1,-1
5292,78,1197.0550537109375,542.3406982421875,-1,-1,1,-1,-1,-1
5294,78,1182.634521484375,535.4655151367188,-1,-1,1,-1,-1,-1
5319,79,593.4381103515625,542.5302734375,-1,-1,1,-1,-1,-1
5320,79,565.1758422851562,542.588134765625,-1,-1,1,-1,-1,-1
5321,79,529.470947265625,542.6043090820312,-1,-1,1,-1,-1,-1
5322,79,515.35400390625,542.6668090820312,-1,-1,1,-1,-1,-1
5323,79,487.02325439453125,549.689697265625,-1,-1,1,-1,-1,-1
5324,79,465.71978759765625,549.7455444335938,-1,-1,1,-1,-1,-1
5325,79,444.32073974609375,549.7542114257812,-1,-1,1,-1,-1,-1
5405,80,628.6116943359375,627.8197021484375,-1,-1,1,-1,-1,-1
5414,81,1687.438232421875,258.37359619140625,-1,-1,1,-1,-1,-1
5415,80,479.310302734375,627.810302734375,-1,-1,1,-1,-1,-1
5445,81,1182.73876953125,293.9842529296875,-1,-1,1,-1,-1,-1
5446,81,1168.60498046875,293.80023193359375,-1,-1,1,-1,-1,-1
