1,1,501.2236328125,656.6669921875,-1,-1,1,-1,-1,-1
8,1,635.8609619140625,699.784423828125,-1,-1,1,-1,-1,-1
9,1,657.3670654296875,706.6975708007812,-1,-1,1,-1,-1,-1
10,1,678.8529052734375,713.611572265625,-1,-1,1,-1,-1,-1
11,1,707.398193359375,713.4781494140625,-1,-1,1,-1,-1,-1
16,1,828.2545166015625,727.7745971679688,-1,-1,1,-1,-1,-1
18,1,877.9517822265625,727.65283203125,-1,-1,1,-1,-1,-1
19,1,899.3710327148438,727.8665771484375,-1,-1,1,-1,-1,-1
20,1,920.6793212890625,720.6865234375,-1,-1,1,-1,-1,-1
21,1,948.86962890625,727.991943359375,-1,-1,1,-1,-1,-1
22,1,970.348876953125,720.71923828125,-1,-1,1,-1,-1,-1
23,1,998.6861572265625,713.7242431640625,-1,-1,1,-1,-1,-1
24,1,1027.024658203125,714.0601806640625,-1,-1,1,-1,-1,-1
25,1,1062.5179443359375,713.8893432617188,-1,-1,1,-1,-1,-1
26,1,1091.0623779296875,706.76611328125,-1,-1,1,-1,-1,-1
27,1,1119.434326171875,706.78173828125,-1,-1,1,-1,-1,-1
65,2,849.1141357421875,642.73291015625,-1,-1,1,-1,-1,-1
66,2,863.46728515625,642.5761108398438,-1,-1,1,-1,-1,-1
73,2,948.7467041015625,649.6934814453125,-1,-1,1,-1,-1,-1
76,2,984.271240234375,642.4366455078125,-1,-1,1,-1,-1,-1
77,2,991.272216796875,642.60205078125,-1,-1,1,-1,-1,-1
78,2,1005.6353759765625,635.560546875,-1,-1,1,-1,-1,-1
80,2,1041.0234375,628.4099731445312,-1,-1,1,-1,-1,-1
83,2,1105.102294921875,614.1214599609375,-1,-1,1,-1,-1,-1
84,2,1126.36572265625,606.9627685546875,-1,-1,1,-1,-1,-1
86,2,1176.1173095703125,607.1148681640625,-1,-1,1,-1,-1,-1
87,2,1204.513916015625,607.1412963867188,-1,-1,1,-1,-1,-1
88,2,1232.943115234375,607.3529052734375,-1,-1,1,-1,-1,-1
89,2,1261.3377685546875,614.3900756835938,-1,-1,1,-1,-1,-1
90,2,1289.8172607421875,614.2042236328125,-1,-1,1,-1,-1,-1
91,2,1318.35400390625,614.3974609375,-1,-1,1,-1,-1,-1
92,2,1353.89794921875,614.3880615234375,-1,-1,1,-1,-1,-1
93,2,1382.355224609375,621.3795166015625,-1,-1,1,-1,-1,-1
94,2,1410.658447265625,628.56103515625,-1,-1,1,-1,-1,-1
95,2,1446.287353515625,628.4329833984375,-1,-1,1,-1,-1,-1
96,2,1474.70703125,635.6348876953125,-1,-1,1,-1,-1,-1
97,2,1510.20849609375,635.808837890625,-1,-1,1,-1,-1,-1
98,2,1538.6572265625,642.902099609375,-1,-1,1,-1,-1,-1
99,2,1567.0045166015625,650.1171875,-1,-1,1,-1,-1,-1
100,2,1602.61767578125,650.010986328125,-1,-1,1,-1,-1,-1
101,2,1638.1826171875,657.1414184570312,-1,-1,1,-1,-1,-1
114,3,209.87445068359375,734.765869140625,-1,-1,1,-1,-1,-1
123,3,423.1119689941406,706.444091796875,-1,-1,1,-1,-1,-1
125,3,465.78955078125,699.2525634765625,-1,-1,1,-1,-1,-1
126,3,487.0638427734375,699.3008422851562,-1,-1,1,-1,-1,-1
127,3,508.4400634765625,699.2413330078125,-1,-1,1,-1,-1,-1
128,3,529.6148681640625,699.40478515625,-1,-1,1,-1,-1,-1
129,3,550.8079833984375,706.2147216796875,-1,-1,1,-1,-1,-1
130,3,565.0706787109375,706.3739013671875,-1,-1,1,-1,-1,-1
131,3,586.4472045898438,706.3941650390625,-1,-1,1,-1,-1,-1
132,3,600.67431640625,706.4268798828125,-1,-1,1,-1,-1,-1
133,3,614.8035278320312,699.4518432617188,-1,-1,1,-1,-1,-1
134,3,621.762451171875,692.05810546875,-1,-1,1,-1,-1,-1
135,3,636.006591796875,691.783447265625,-1,-1,1,-1,-1,-1
136,3,657.3345947265625,684.7581787109375,-1,-1,1,-1,-1,-1
137,3,671.4622802734375,684.774169921875,-1,-1,1,-1,-1,-1
137,4,1240.5635986328125,671.986083984375,-1,-1,1,-1,-1,-1
138,3,678.5478515625,684.809326171875,-1,-1,1,-1,-1,-1
139,3,692.8154296875,684.8511962890625,-1,-1,1,-1,-1,-1
139,4,1290.4674072265625,665.0670776367188,-1,-1,1,-1,-1,-1
140,3,699.768798828125,677.7733154296875,-1,-1,1,-1,-1,-1
140,4,1304.52880859375,664.971923828125,-1,-1,1,-1,-1,-1
141,3,706.8883666992188,677.7509155273438,-1,-1,1,-1,-1,-1
142,3,706.99951171875,677.65234375,-1,-1,1,-1,-1,-1
143,3,714.15087890625,684.7994384765625,-1,-1,1,-1,-1,-1
144,3,713.9000244140625,684.704345703125,-1,-1,1,-1,-1,-1
145,3,713.7774047851562,692.153564453125,-1,-1,1,-1,-1,-1
146,3,713.9262084960938,699.1864013671875,-1,-1,1,-1,-1,-1
147,3,713.8016967773438,706.4490966796875,-1,-1,1,-1,-1,-1
148,3,713.7857055664062,713.5498046875,-1,-1,1,-1,-1,-1
149,3,713.8575439453125,713.518310546875,-1,-1,1,-1,-1,-1
150,3,713.8993530273438,720.6414794921875,-1,-1,1,-1,-1,-1
151,3,714.090576171875,720.626953125,-1,-1,1,-1,-1,-1
152,3,714.1422119140625,720.694091796875,-1,-1,1,-1,-1,-1
153,3,714.1424560546875,727.6337890625,-1,-1,1,-1,-1,-1
153,4,1439.940673828125,707.7586669921875,-1,-1,1,-1,-1,-1
154,3,714.3228759765625,727.71533203125,-1,-1,1,-1,-1,-1
154,4,1439.727294921875,708.0498046875,-1,-1,1,-1,-1,-1
155,3,707.2711181640625,734.5821533203125,-1,-1,1,-1,-1,-1
156,3,707.176513671875,734.8037109375,-1,-1,1,-1,-1,-1
156,4,1439.835693359375,707.6889038085938,-1,-1,1,-1,-1,-1
157,3,707.2374267578125,741.9146728515625,-1,-1,1,-1,-1,-1
158,3,707.1072998046875,742.0677490234375,-1,-1,1,-1,-1,-1
159,3,714.2305297851562,749.135498046875,-1,-1,1,-1,-1,-1
160,3,714.349609375,749.1112060546875,-1,-1,1,-1,-1,-1
160,4,1454.1875,721.9393920898438,-1,-1,1,-1,-1,-1
161,3,721.496826171875,749.17138671875,-1,-1,1,-1,-1,-1
162,3,728.669677734375,756.2255859375,-1,-1,1,-1,-1,-1
163,3,742.7877197265625,763.3519287109375,-1,-1,1,-1,-1,-1
164,3,749.7570190429688,763.491455078125,-1,-1,1,-1,-1,-1
165,3,764.0216674804688,770.7357177734375,-1,-1,1,-1,-1,-1
166,3,771.1409912109375,770.65771484375,-1,-1,1,-1,-1,-1
166,4,1511.2724609375,736.1644287109375,-1,-1,1,-1,-1,-1
167,3,785.318359375,770.7891845703125,-1,-1,1,-1,-1,-1
168,3,785.3790893554688,770.6396484375,-1,-1,1,-1,-1,-1
169,3,800.0076904296875,770.668701171875,-1,-1,1,-1,-1,-1
170,3,807.0574340820312,770.7503662109375,-1,-1,1,-1,-1,-1
171,3,821.28955078125,770.7745361328125,-1,-1,1,-1,-1,-1
172,3,835.1415405273438,763.5885009765625,-1,-1,1,-1,-1,-1
173,3,856.5791015625,763.7001953125,-1,-1,1,-1,-1,-1
174,3,870.7783203125,763.5726928710938,-1,-1,1,-1,-1,-1
175,3,892.275634765625,763.6571655273438,-1,-1,1,-1,-1,-1
176,3,899.2734375,756.6478271484375,-1,-1,1,-1,-1,-1
177,3,920.4158325195312,749.314697265625,-1,-1,1,-1,-1,-1
178,3,934.6743774414062,749.528076171875,-1,-1,1,-1,-1,-1
179,3,956.0949096679688,742.1283569335938,-1,-1,1,-1,-1,-1
180,3,984.4014892578125,742.2928466796875,-1,-1,1,-1,-1,-1
181,3,1005.7684936523438,742.3392333984375,-1,-1,1,-1,-1,-1
182,3,1026.9295654296875,735.46923828125,-1,-1,1,-1,-1,-1
183,3,1062.5750732421875,727.9202880859375,-1,-1,1,-1,-1,-1
184,3,1083.69384765625,728.072265625,-1,-1,1,-1,-1,-1
185,3,1112.25341796875,728.3004150390625,-1,-1,1,-1,-1,-1
186,3,1140.542724609375,721.1035766601562,-1,-1,1,-1,-1,-1
187,3,1161.9482421875,713.6375732421875,-1,-1,1,-1,-1,-1
188,3,1183.318115234375,706.5914306640625,-1,-1,1,-1,-1,-1
189,3,1211.642333984375,706.53759765625,-1,-1,1,-1,-1,-1
190,3,1240.158447265625,706.5831298828125,-1,-1,1,-1,-1,-1
191,3,1268.6038818359375,706.6022338867188,-1,-1,1,-1,-1,-1
192,3,1289.74755859375,706.47607421875,-1,-1,1,-1,-1,-1
193,3,1303.8828125,706.50927734375,-1,-1,1,-1,-1,-1
194,3,1332.14794921875,706.8614501953125,-1,-1,1,-1,-1,-1
195,3,1353.673583984375,706.6405029296875,-1,-1,1,-1,-1,-1
196,3,1374.9990234375,706.8530883789062,-1,-1,1,-1,-1,-1
197,3,1396.148193359375,699.3233642578125,-1,-1,1,-1,-1,-1
198,3,1431.289794921875,699.477294921875,-1,-1,1,-1,-1,-1
199,3,1459.998291015625,692.5145263671875,-1,-1,1,-1,-1,-1
200,3,1481.45263671875,685.1416015625,-1,-1,1,-1,-1,-1
201,3,1495.924072265625,685.1727294921875,-1,-1,1,-1,-1,-1
204,3,1566.782958984375,677.9881591796875,-1,-1,1,-1,-1,-1
205,3,1587.9332275390625,678.1339111328125,-1,-1,1,-1,-1,-1
206,3,1609.404052734375,678.0103759765625,-1,-1,1,-1,-1,-1
207,3,1637.7470703125,678.1200561523438,-1,-1,1,-1,-1,-1
328,5,422.9883728027344,564.5697021484375,-1,-1,1,-1,-1,-1
331,5,444.20001220703125,564.8175048828125,-1,-1,1,-1,-1,-1
332,5,458.27264404296875,564.8109130859375,-1,-1,1,-1,-1,-1
333,5,465.5777587890625,557.544189453125,-1,-1,1,-1,-1,-1
334,5,472.62152099609375,564.4688720703125,-1,-1,1,-1,-1,-1
335,5,486.7026062011719,564.6163330078125,-1,-1,1,-1,-1,-1
336,5,493.85443115234375,564.5637817382812,-1,-1,1,-1,-1,-1
337,5,501.05340576171875,564.6467895507812,-1,-1,1,-1,-1,-1
338,5,515.08056640625,571.6500854492188,-1,-1,1,-1,-1,-1
339,5,529.2674560546875,571.7022094726562,-1,-1,1,-1,-1,-1
340,5,543.6605224609375,571.8701171875,-1,-1,1,-1,-1,-1
341,5,564.9426879882812,578.67724609375,-1,-1,1,-1,-1,-1
342,5,579.0894165039062,578.7923583984375,-1,-1,1,-1,-1,-1
343,5,600.414306640625,578.5791015625,-1,-1,1,-1,-1,-1
344,5,621.81298828125,578.7351684570312,-1,-1,1,-1,-1,-1
345,5,643.0660400390625,585.5133056640625,-1,-1,1,-1,-1,-1
346,5,671.584716796875,585.572998046875,-1,-1,1,-1,-1,-1
347,5,692.9676513671875,585.6643676757812,-1,-1,1,-1,-1,-1
348,5,714.1646728515625,585.7200927734375,-1,-1,1,-1,-1,-1
349,5,728.634033203125,592.6393432617188,-1,-1,1,-1,-1,-1
350,5,749.7698364257812,592.737548828125,-1,-1,1,-1,-1,-1
351,5,771.189208984375,592.8390502929688,-1,-1,1,-1,-1,-1
352,5,785.4344482421875,592.7361450195312,-1,-1,1,-1,-1,-1
353,5,806.6461181640625,592.5732421875,-1,-1,1,-1,-1,-1
354,5,820.8818359375,592.78955078125,-1,-1,1,-1,-1,-1
355,5,835.143310546875,592.6565551757812,-1,-1,1,-1,-1,-1
356,5,849.39794921875,592.6400146484375,-1,-1,1,-1,-1,-1
357,5,863.5513916015625,585.6886596679688,-1,-1,1,-1,-1,-1
358,5,877.855224609375,592.7044067382812,-1,-1,1,-1,-1,-1
359,5,892.02587890625,592.7186279296875,-1,-1,1,-1,-1,-1
360,5,899.0888671875,592.7353515625,-1,-1,1,-1,-1,-1
361,5,906.2938842773438,592.748779296875,-1,-1,1,-1,-1,-1
362,5,913.232177734375,592.791748046875,-1,-1,1,-1,-1,-1
363,5,927.4296875,592.7994384765625,-1,-1,1,-1,-1,-1
364,5,934.6204833984375,599.8694458007812,-1,-1,1,-1,-1,-1
365,5,941.60498046875,599.9073486328125,-1,-1,1,-1,-1,-1
366,5,941.7291259765625,606.8663330078125,-1,-1,1,-1,-1,-1
367,5,956.001953125,607.0309448242188,-1,-1,1,-1,-1,-1
368,5,962.961669921875,607.1331787109375,-1,-1,1,-1,-1,-1
369,5,970.0899658203125,614.1212158203125,-1,-1,1,-1,-1,-1
370,5,984.2457275390625,614.138671875,-1,-1,1,-1,-1,-1
371,5,991.2811889648438,621.1141967773438,-1,-1,1,-1,-1,-1
372,5,998.4961547851562,621.1867065429688,-1,-1,1,-1,-1,-1
373,5,1005.6409301757812,621.2384033203125,-1,-1,1,-1,-1,-1
374,5,1019.7509765625,621.234375,-1,-1,1,-1,-1,-1
375,5,1026.8369140625,621.2233276367188,-1,-1,1,-1,-1,-1
376,5,1041.1671142578125,621.2071533203125,-1,-1,1,-1,-1,-1
377,5,1055.381591796875,621.070068359375,-1,-1,1,-1,-1,-1
378,5,1062.359130859375,621.1873779296875,-1,-1,1,-1,-1,-1
379,5,1076.610107421875,614.2662353515625,-1,-1,1,-1,-1,-1
380,5,1090.80078125,614.3167724609375,-1,-1,1,-1,-1,-1
381,5,1104.8525390625,621.109619140625,-1,-1,1,-1,-1,-1
383,5,1133.443115234375,614.3358154296875,-1,-1,1,-1,-1,-1
384,5,1147.376708984375,614.0389404296875,-1,-1,1,-1,-1,-1
385,5,1161.8951416015625,607.2540283203125,-1,-1,1,-1,-1,-1
386,5,1183.227783203125,606.999267578125,-1,-1,1,-1,-1,-1
390,5,1247.047607421875,599.84521484375,-1,-1,1,-1,-1,-1
396,5,1353.686767578125,592.826416015625,-1,-1,1,-1,-1,-1
398,5,1396.4041748046875,585.9442138671875,-1,-1,1,-1,-1,-1
400,5,1439.0023193359375,585.9950561523438,-1,-1,1,-1,-1,-1
401,5,1460.22607421875,585.9529418945312,-1,-1,1,-1,-1,-1
404,6,472.4320373535156,1040.256103515625,-1,-1,1,-1,-1,-1
405,6,543.74169921875,1040.173095703125,-1,-1,1,-1,-1,-1
415,6,1134.271484375,990.1177978515625,-1,-1,1,-1,-1,-1
418,6,1311.6932373046875,976.1695556640625,-1,-1,1,-1,-1,-1
419,6,1368.422119140625,961.97900390625,-1,-1,1,-1,-1,-1
420,6,1425.2706298828125,954.432861328125,-1,-1,1,-1,-1,-1
421,6,1488.910400390625,954.6787109375,-1,-1,1,-1,-1,-1
422,6,1545.7421875,947.5308227539062,-1,-1,1,-1,-1,-1
500,7,650.5538330078125,173.71456909179688,-1,-1,1,-1,-1,-1
501,7,657.7124633789062,181.02511596679688,-1,-1,1,-1,-1,-1
558,8,636.0341796875,798.7559814453125,-1,-1,1,-1,-1,-1
567,8,728.3782958984375,770.4193115234375,-1,-1,1,-1,-1,-1
569,8,749.6355590820312,763.3941650390625,-1,-1,1,-1,-1,-1
573,8,792.4439697265625,756.349609375,-1,-1,1,-1,-1,-1
574,8,806.60791015625,756.305419921875,-1,-1,1,-1,-1,-1
575,8,820.76611328125,756.071533203125,-1,-1,1,-1,-1,-1
576,8,820.8236083984375,756.31494140625,-1,-1,1,-1,-1,-1
578,8,842.1929931640625,756.320068359375,-1,-1,1,-1,-1,-1
587,8,955.8130493164062,735.1451416015625,-1,-1,1,-1,-1,-1
591,8,1048.17626953125,713.7283935546875,-1,-1,1,-1,-1,-1
592,8,1069.4964599609375,713.7474365234375,-1,-1,1,-1,-1,-1
593,8,1090.791259765625,706.59814453125,-1,-1,1,-1,-1,-1
594,8,1119.16943359375,713.741455078125,-1,-1,1,-1,-1,-1
595,8,1147.588623046875,713.6585083007812,-1,-1,1,-1,-1,-1
602,9,1261.824462890625,81.55253601074219,-1,-1,1,-1,-1,-1
605,9,1304.388671875,88.65980529785156,-1,-1,1,-1,-1,-1
607,7,1602.91748046875,166.72064208984375,-1,-1,1,-1,-1,-1
608,7,1616.9747314453125,166.6571044921875,-1,-1,1,-1,-1,-1
611,9,1397.031005859375,95.43598175048828,-1,-1,1,-1,-1,-1
614,9,1439.811767578125,88.32777404785156,-1,-1,1,-1,-1,-1
615,9,1454.058837890625,88.3194580078125,-1,-1,1,-1,-1,-1
616,7,1737.873046875,159.57867431640625,-1,-1,1,-1,-1,-1
616,9,1468.18701171875,88.17401123046875,-1,-1,1,-1,-1,-1
617,7,1752.038330078125,152.28350830078125,-1,-1,1,-1,-1,-1
617,9,1475.140380859375,81.4044189453125,-1,-1,1,-1,-1,-1
619,9,1503.502685546875,74.3607406616211,-1,-1,1,-1,-1,-1
621,7,1787.512939453125,74.01792907714844,-1,-1,1,-1,-1,-1
621,9,1531.976318359375,59.94716262817383,-1,-1,1,-1,-1,-1
643,10,231.4088897705078,514.93505859375,-1,-1,1,-1,-1,-1
645,11,515.5421142578125,727.5021362304688,-1,-1,1,-1,-1,-1
647,10,316.485107421875,507.82196044921875,-1,-1,1,-1,-1,-1
649,10,359.3688049316406,507.915771484375,-1,-1,1,-1,-1,-1
649,11,593.5628662109375,727.6309814453125,-1,-1,1,-1,-1,-1
652,10,416.2739562988281,515.0242919921875,-1,-1,1,-1,-1,-1
653,10,437.40606689453125,514.9388427734375,-1,-1,1,-1,-1,-1
654,10,458.832763671875,514.9813842773438,-1,-1,1,-1,-1,-1
655,10,480.0799560546875,514.9583740234375,-1,-1,1,-1,-1,-1
656,10,501.5102844238281,507.7967224121094,-1,-1,1,-1,-1,-1
657,10,522.8441162109375,507.83209228515625,-1,-1,1,-1,-1,-1
658,10,536.9417724609375,507.77569580078125,-1,-1,1,-1,-1,-1
659,10,558.2952880859375,507.9569396972656,-1,-1,1,-1,-1,-1
660,10,572.5068359375,508.00677490234375,-1,-1,1,-1,-1,-1
660,11,813.8055419921875,741.7783203125,-1,-1,1,-1,-1,-1
661,10,586.8525390625,500.7386474609375,-1,-1,1,-1,-1,-1
662,10,600.9738159179688,500.90740966796875,-1,-1,1,-1,-1,-1
662,11,849.5927734375,741.7298583984375,-1,-1,1,-1,-1,-1
663,10,622.2551879882812,493.79852294921875,-1,-1,1,-1,-1,-1
663,11,877.9383544921875,741.7316284179688,-1,-1,1,-1,-1,-1
664,10,643.695556640625,486.61065673828125,-1,-1,1,-1,-1,-1
664,11,899.2352905273438,734.6775512695312,-1,-1,1,-1,-1,-1
665,10,664.841552734375,486.698486328125,-1,-1,1,-1,-1,-1
665,11,920.6024169921875,727.63427734375,-1,-1,1,-1,-1,-1
666,10,679.0862426757812,479.667236328125,-1,-1,1,-1,-1,-1
666,11,949.0301513671875,720.5759887695312,-1,-1,1,-1,-1,-1
667,10,700.5357666015625,472.64013671875,-1,-1,1,-1,-1,-1
667,11,970.5255126953125,720.5423583984375,-1,-1,1,-1,-1,-1
668,10,721.6785888671875,465.34771728515625,-1,-1,1,-1,-1,-1
669,10,743.08984375,458.1829833984375,-1,-1,1,-1,-1,-1
670,10,757.351806640625,458.2681579589844,-1,-1,1,-1,-1,-1
671,10,778.4879150390625,451.20904541015625,-1,-1,1,-1,-1,-1
671,11,1062.7513427734375,699.2342529296875,-1,-1,1,-1,-1,-1
672,10,792.785888671875,444.17877197265625,-1,-1,1,-1,-1,-1
672,11,1084.0035400390625,692.174560546875,-1,-1,1,-1,-1,-1
673,10,814.05859375,437.0030212402344,-1,-1,1,-1,-1,-1
674,10,828.2976684570312,429.87677001953125,-1,-1,1,-1,-1,-1
674,11,1119.4541015625,684.922119140625,-1,-1,1,-1,-1,-1
675,10,842.584716796875,429.99127197265625,-1,-1,1,-1,-1,-1
675,11,1140.78125,677.904296875,-1,-1,1,-1,-1,-1
676,10,856.90771484375,422.8466796875,-1,-1,1,-1,-1,-1
676,11,1154.905517578125,677.9827270507812,-1,-1,1,-1,-1,-1
677,10,877.8482666015625,422.8092956542969,-1,-1,1,-1,-1,-1
677,11,1176.35888671875,677.9111938476562,-1,-1,1,-1,-1,-1
678,10,892.263671875,422.92303466796875,-1,-1,1,-1,-1,-1
678,11,1197.642578125,677.9989013671875,-1,-1,1,-1,-1,-1
679,10,913.564697265625,415.61431884765625,-1,-1,1,-1,-1,-1
679,11,1218.948974609375,677.9044189453125,-1,-1,1,-1,-1,-1
680,10,927.9410400390625,415.6947326660156,-1,-1,1,-1,-1,-1
680,11,1240.613525390625,684.9966430664062,-1,-1,1,-1,-1,-1
681,10,942.1520385742188,415.6881103515625,-1,-1,1,-1,-1,-1
681,11,1254.777099609375,684.8916625976562,-1,-1,1,-1,-1,-1
682,10,956.1475219726562,422.9150695800781,-1,-1,1,-1,-1,-1
682,11,1275.979736328125,685.12939453125,-1,-1,1,-1,-1,-1
683,10,970.384521484375,422.917724609375,-1,-1,1,-1,-1,-1
683,11,1290.2979736328125,692.0645141601562,-1,-1,1,-1,-1,-1
684,10,984.6573486328125,422.8997497558594,-1,-1,1,-1,-1,-1
684,11,1311.45458984375,692.173583984375,-1,-1,1,-1,-1,-1
685,10,998.9136962890625,422.7059326171875,-1,-1,1,-1,-1,-1
686,10,1005.8139038085938,429.8851013183594,-1,-1,1,-1,-1,-1
687,10,1013.0499267578125,429.875244140625,-1,-1,1,-1,-1,-1
688,10,1027.2998046875,429.8941650390625,-1,-1,1,-1,-1,-1
689,10,1041.5413818359375,429.8311767578125,-1,-1,1,-1,-1,-1
690,10,1048.317626953125,436.97747802734375,-1,-1,1,-1,-1,-1
691,10,1062.7242431640625,437.01361083984375,-1,-1,1,-1,-1,-1
692,10,1077.143310546875,436.92669677734375,-1,-1,1,-1,-1,-1
693,10,1091.247802734375,444.17071533203125,-1,-1,1,-1,-1,-1
694,10,1098.2647705078125,443.963134765625,-1,-1,1,-1,-1,-1
695,10,1112.69384765625,443.9886779785156,-1,-1,1,-1,-1,-1
696,10,1126.935791015625,443.97247314453125,-1,-1,1,-1,-1,-1
697,10,1148.10791015625,443.9630432128906,-1,-1,1,-1,-1,-1
698,10,1162.237548828125,443.9117431640625,-1,-1,1,-1,-1,-1
699,10,1176.5853271484375,451.26763916015625,-1,-1,1,-1,-1,-1
700,10,1197.90576171875,451.1864929199219,-1,-1,1,-1,-1,-1
701,10,1219.19677734375,451.0691223144531,-1,-1,1,-1,-1,-1
702,10,1240.644287109375,451.1344909667969,-1,-1,1,-1,-1,-1
703,10,1261.86279296875,451.0599060058594,-1,-1,1,-1,-1,-1
704,10,1283.4476318359375,451.17425537109375,-1,-1,1,-1,-1,-1
705,10,1304.40625,458.2811279296875,-1,-1,1,-1,-1,-1
706,10,1325.8992919921875,458.379638671875,-1,-1,1,-1,-1,-1
707,10,1347.348388671875,458.3424072265625,-1,-1,1,-1,-1,-1
708,10,1368.5819091796875,458.3135986328125,-1,-1,1,-1,-1,-1
709,10,1389.577392578125,465.47235107421875,-1,-1,1,-1,-1,-1
710,10,1411.08203125,465.3739318847656,-1,-1,1,-1,-1,-1
711,10,1432.3602294921875,465.1521301269531,-1,-1,1,-1,-1,-1
712,10,1453.586669921875,465.06805419921875,-1,-1,1,-1,-1,-1
713,10,1482.1787109375,465.1226806640625,-1,-1,1,-1,-1,-1
714,10,1503.3140869140625,472.3284912109375,-1,-1,1,-1,-1,-1
715,10,1524.655517578125,472.267822265625,-1,-1,1,-1,-1,-1
793,12,352.1174011230469,741.890869140625,-1,-1,1,-1,-1,-1
794,12,373.405029296875,741.962646484375,-1,-1,1,-1,-1,-1
795,12,387.63677978515625,741.8460693359375,-1,-1,1,-1,-1,-1
799,12,444.3081970214844,749.125732421875,-1,-1,1,-1,-1,-1
801,12,479.868408203125,741.9212036132812,-1,-1,1,-1,-1,-1
802,12,501.3046569824219,749.0030517578125,-1,-1,1,-1,-1,-1
804,12,536.857177734375,749.045166015625,-1,-1,1,-1,-1,-1
805,12,558.21484375,748.9775390625,-1,-1,1,-1,-1,-1
806,12,586.4041748046875,755.994384765625,-1,-1,1,-1,-1,-1
807,12,607.8697509765625,755.9798583984375,-1,-1,1,-1,-1,-1
808,12,622.07080078125,749.0733642578125,-1,-1,1,-1,-1,-1
809,12,643.390869140625,749.0869140625,-1,-1,1,-1,-1,-1
810,12,664.5568237304688,749.199462890625,-1,-1,1,-1,-1,-1
819,12,991.4745483398438,770.3428344726562,-1,-1,1,-1,-1,-1
820,12,1034.193359375,770.3609619140625,-1,-1,1,-1,-1,-1
821,12,1076.788818359375,777.5670166015625,-1,-1,1,-1,-1,-1
822,12,1119.3310546875,777.47314453125,-1,-1,1,-1,-1,-1
823,12,1169.180908203125,777.36328125,-1,-1,1,-1,-1,-1
824,12,1211.675537109375,784.5872192382812,-1,-1,1,-1,-1,-1
825,12,1261.5693359375,791.656005859375,-1,-1,1,-1,-1,-1
826,12,1311.0352783203125,791.3505859375,-1,-1,1,-1,-1,-1
827,12,1360.890380859375,798.7296142578125,-1,-1,1,-1,-1,-1
829,12,1474.70654296875,812.92431640625,-1,-1,1,-1,-1,-1
830,12,1531.6669921875,820.15478515625,-1,-1,1,-1,-1,-1
832,12,1666.5089111328125,834.2320556640625,-1,-1,1,-1,-1,-1
833,12,1730.722900390625,841.32080078125,-1,-1,1,-1,-1,-1
896,13,643.2122802734375,408.1387634277344,-1,-1,1,-1,-1,-1
897,13,657.30908203125,415.3349914550781,-1,-1,1,-1,-1,-1
899,13,678.78564453125,436.55926513671875,-1,-1,1,-1,-1,-1
900,13,693.009521484375,436.9661865234375,-1,-1,1,-1,-1,-1
901,13,707.140380859375,443.9420166015625,-1,-1,1,-1,-1,-1
902,13,714.28759765625,443.95941162109375,-1,-1,1,-1,-1,-1
903,13,728.4774169921875,444.03564453125,-1,-1,1,-1,-1,-1
905,13,749.80517578125,450.79644775390625,-1,-1,1,-1,-1,-1
906,13,756.9537353515625,450.8377685546875,-1,-1,1,-1,-1,-1
907,13,771.1590576171875,450.93914794921875,-1,-1,1,-1,-1,-1
908,13,778.3609619140625,451.02398681640625,-1,-1,1,-1,-1,-1
909,13,785.436767578125,451.128173828125,-1,-1,1,-1,-1,-1
910,13,792.4090576171875,451.197265625,-1,-1,1,-1,-1,-1
911,13,799.58447265625,451.01812744140625,-1,-1,1,-1,-1,-1
912,13,806.7490234375,451.16375732421875,-1,-1,1,-1,-1,-1
913,13,813.8067016601562,458.2066650390625,-1,-1,1,-1,-1,-1
914,13,821.0670166015625,464.988037109375,-1,-1,1,-1,-1,-1
915,13,828.0817260742188,465.3941955566406,-1,-1,1,-1,-1,-1
916,13,835.121337890625,472.4677734375,-1,-1,1,-1,-1,-1
917,13,842.223388671875,479.26629638671875,-1,-1,1,-1,-1,-1
918,13,842.2279052734375,486.382080078125,-1,-1,1,-1,-1,-1
919,13,849.3773193359375,486.5548095703125,-1,-1,1,-1,-1,-1
920,13,856.475830078125,493.8064270019531,-1,-1,1,-1,-1,-1
921,13,863.44482421875,500.7950439453125,-1,-1,1,-1,-1,-1
922,13,870.6130981445312,507.8120422363281,-1,-1,1,-1,-1,-1
923,13,884.8194580078125,514.923583984375,-1,-1,1,-1,-1,-1
924,13,892.0224609375,522.0828857421875,-1,-1,1,-1,-1,-1
926,13,913.3289794921875,536.2703247070312,-1,-1,1,-1,-1,-1
927,13,920.5447387695312,543.393310546875,-1,-1,1,-1,-1,-1
928,13,934.7384033203125,550.1227416992188,-1,-1,1,-1,-1,-1
929,13,941.697998046875,557.3016357421875,-1,-1,1,-1,-1,-1
930,13,948.99365234375,557.58056640625,-1,-1,1,-1,-1,-1
931,13,955.8729248046875,564.137939453125,-1,-1,1,-1,-1,-1
932,13,963.2857666015625,564.574462890625,-1,-1,1,-1,-1,-1
933,13,970.1317138671875,571.4083251953125,-1,-1,1,-1,-1,-1
934,13,977.4693603515625,571.7403564453125,-1,-1,1,-1,-1,-1
935,13,984.5450439453125,571.7498168945312,-1,-1,1,-1,-1,-1
936,13,991.604736328125,571.6552124023438,-1,-1,1,-1,-1,-1
937,13,1005.8568725585938,578.650634765625,-1,-1,1,-1,-1,-1
938,13,1012.939453125,578.7393188476562,-1,-1,1,-1,-1,-1
939,13,1020.12744140625,578.85986328125,-1,-1,1,-1,-1,-1
940,13,1034.3482666015625,578.7190551757812,-1,-1,1,-1,-1,-1
941,13,1041.39794921875,578.6995849609375,-1,-1,1,-1,-1,-1
942,13,1055.60888671875,578.7296142578125,-1,-1,1,-1,-1,-1
943,13,1062.7484130859375,578.7105712890625,-1,-1,1,-1,-1,-1
944,13,1076.9869384765625,578.760009765625,-1,-1,1,-1,-1,-1
945,13,1091.133544921875,578.5501098632812,-1,-1,1,-1,-1,-1
946,13,1098.2728271484375,578.76806640625,-1,-1,1,-1,-1,-1
947,13,1112.49755859375,579.064208984375,-1,-1,1,-1,-1,-1
948,13,1119.638916015625,579.1661376953125,-1,-1,1,-1,-1,-1
949,13,1126.7490234375,586.0372924804688,-1,-1,1,-1,-1,-1
950,13,1133.8726806640625,586.1229248046875,-1,-1,1,-1,-1,-1
951,13,1140.951171875,586.125,-1,-1,1,-1,-1,-1
952,13,1148.107666015625,586.069580078125,-1,-1,1,-1,-1,-1
953,13,1155.2572021484375,586.013916015625,-1,-1,1,-1,-1,-1
954,13,1162.304443359375,578.9307861328125,-1,-1,1,-1,-1,-1
955,13,1169.2734375,579.1141357421875,-1,-1,1,-1,-1,-1
956,13,1176.3797607421875,579.1233520507812,-1,-1,1,-1,-1,-1
957,13,1183.5289306640625,579.1150512695312,-1,-1,1,-1,-1,-1
958,13,1190.6773681640625,578.875244140625,-1,-1,1,-1,-1,-1
959,13,1197.68701171875,571.8223876953125,-1,-1,1,-1,-1,-1
960,13,1204.841064453125,572.0684814453125,-1,-1,1,-1,-1,-1
961,13,1219.064697265625,572.048583984375,-1,-1,1,-1,-1,-1
962,13,1226.144287109375,571.94189453125,-1,-1,1,-1,-1,-1
963,13,1240.35107421875,564.9407958984375,-1,-1,1,-1,-1,-1
964,13,1247.383056640625,564.8888549804688,-1,-1,1,-1,-1,-1
965,13,1261.698974609375,564.8642578125,-1,-1,1,-1,-1,-1
966,13,1275.88525390625,557.56689453125,-1,-1,1,-1,-1,-1
967,13,1290.12353515625,557.9600830078125,-1,-1,1,-1,-1,-1
968,13,1304.377197265625,557.7628173828125,-1,-1,1,-1,-1,-1
969,13,1325.5828857421875,550.7142333984375,-1,-1,1,-1,-1,-1
970,13,1339.932373046875,550.7659912109375,-1,-1,1,-1,-1,-1
971,13,1361.29248046875,543.3157348632812,-1,-1,1,-1,-1,-1
972,13,1375.30224609375,543.2471313476562,-1,-1,1,-1,-1,-1
973,13,1389.4853515625,543.5067138671875,-1,-1,1,-1,-1,-1
974,13,1403.906494140625,543.6424560546875,-1,-1,1,-1,-1,-1
975,13,1418.0313720703125,543.6942749023438,-1,-1,1,-1,-1,-1
976,13,1432.279052734375,543.6585083007812,-1,-1,1,-1,-1,-1
977,13,1453.44970703125,543.6144409179688,-1,-1,1,-1,-1,-1
978,13,1467.6705322265625,543.4556274414062,-1,-1,1,-1,-1,-1
979,13,1481.9869384765625,543.5289306640625,-1,-1,1,-1,-1,-1
980,13,1496.2548828125,543.537841796875,-1,-1,1,-1,-1,-1
981,13,1510.355224609375,543.531982421875,-1,-1,1,-1,-1,-1
982,13,1524.649169921875,536.2215576171875,-1,-1,1,-1,-1,-1
983,13,1531.80615234375,543.608154296875,-1,-1,1,-1,-1,-1
984,13,1545.932373046875,543.3697509765625,-1,-1,1,-1,-1,-1
985,13,1553.06494140625,543.4541625976562,-1,-1,1,-1,-1,-1
986,13,1560.0736083984375,543.352294921875,-1,-1,1,-1,-1,-1
987,13,1567.099365234375,543.315185546875,-1,-1,1,-1,-1,-1
988,13,1567.3011474609375,550.5809326171875,-1,-1,1,-1,-1,-1
989,13,1574.2666015625,550.5556640625,-1,-1,1,-1,-1,-1
990,13,1574.29248046875,550.5253295898438,-1,-1,1,-1,-1,-1
991,13,1574.28955078125,550.5528564453125,-1,-1,1,-1,-1,-1
992,13,1574.3330078125,550.56591796875,-1,-1,1,-1,-1,-1
993,13,1574.327880859375,550.3546752929688,-1,-1,1,-1,-1,-1
994,13,1574.279541015625,557.6646118164062,-1,-1,1,-1,-1,-1
995,13,1574.4302978515625,557.693359375,-1,-1,1,-1,-1,-1
996,13,1574.338623046875,557.6458740234375,-1,-1,1,-1,-1,-1
997,13,1581.2958984375,557.6484375,-1,-1,1,-1,-1,-1
998,13,1595.51513671875,557.872802734375,-1,-1,1,-1,-1,-1
999,13,1609.694580078125,550.512451171875,-1,-1,1,-1,-1,-1
1000,13,1631.165283203125,550.5599365234375,-1,-1,1,-1,-1,-1
1001,13,1645.296142578125,543.5068359375,-1,-1,1,-1,-1,-1
1002,13,1666.55859375,543.40966796875,-1,-1,1,-1,-1,-1
1003,13,1687.826416015625,536.3818969726562,-1,-1,1,-1,-1,-1
1004,13,1716.3651123046875,536.361328125,-1,-1,1,-1,-1,-1
1005,13,1744.749267578125,529.2628173828125,-1,-1,1,-1,-1,-1
1006,13,1766.0196533203125,529.1968383789062,-1,-1,1,-1,-1,-1
1007,13,1794.36962890625,529.2040405273438,-1,-1,1,-1,-1,-1
1008,13,1822.7088623046875,529.1574096679688,-1,-1,1,-1,-1,-1
1009,13,1851.1693115234375,529.0670776367188,-1,-1,1,-1,-1,-1
1010,13,1879.609130859375,528.9072265625,-1,-1,1,-1,-1,-1
1061,14,145.63632202148438,344.37158203125,-1,-1,1,-1,-1,-1
1062,14,223.63401794433594,351.42608642578125,-1,-1,1,-1,-1,-1
1064,14,394.4320068359375,337.1112060546875,-1,-1,1,-1,-1,-1
1065,14,536.34814453125,351.53277587890625,-1,-1,1,-1,-1,-1
1066,14,629.1698608398438,358.47222900390625,-1,-1,1,-1,-1,-1
1067,14,721.3133544921875,372.74609375,-1,-1,1,-1,-1,-1
1068,14,813.9041137695312,372.66986083984375,-1,-1,1,-1,-1,-1
1071,14,1105.2041015625,379.4339904785156,-1,-1,1,-1,-1,-1
1240,15,565.319580078125,400.7989501953125,-1,-1,1,-1,-1,-1
1241,15,607.6035766601562,407.93206787109375,-1,-1,1,-1,-1,-1
1242,15,614.7830810546875,407.89984130859375,-1,-1,1,-1,-1,-1
1244,16,870.79150390625,819.951416015625,-1,-1,1,-1,-1,-1
1245,16,884.8796997070312,819.8822631835938,-1,-1,1,-1,-1,-1
1247,15,643.4361572265625,415.016357421875,-1,-1,1,-1,-1,-1
1249,16,948.7227783203125,834.4312744140625,-1,-1,1,-1,-1,-1
1250,15,664.8031005859375,414.96954345703125,-1,-1,1,-1,-1,-1
1250,16,962.866455078125,827.01904296875,-1,-1,1,-1,-1,-1
1251,16,977.301513671875,826.6727905273438,-1,-1,1,-1,-1,-1
1252,15,657.787109375,400.893310546875,-1,-1,1,-1,-1,-1
1252,16,991.3985595703125,826.74169921875,-1,-1,1,-1,-1,-1
1253,16,1012.749755859375,826.8345336914062,-1,-1,1,-1,-1,-1
1255,15,707.2236938476562,400.856201171875,-1,-1,1,-1,-1,-1
1256,16,1062.4697265625,819.7067260742188,-1,-1,1,-1,-1,-1
1260,15,763.9598388671875,386.8330383300781,-1,-1,1,-1,-1,-1
1262,15,778.455322265625,379.6928405761719,-1,-1,1,-1,-1,-1
1264,15,814.0114135742188,372.6844482421875,-1,-1,1,-1,-1,-1
1268,15,892.1270751953125,358.6214599609375,-1,-1,1,-1,-1,-1
1272,15,963.2005004882812,358.442138671875,-1,-1,1,-1,-1,-1
1275,15,1027.21728515625,351.525146484375,-1,-1,1,-1,-1,-1
1279,15,1119.4627685546875,329.9906921386719,-1,-1,1,-1,-1,-1
1281,15,1155.0283203125,322.8094482421875,-1,-1,1,-1,-1,-1
1282,15,1183.661865234375,315.7515563964844,-1,-1,1,-1,-1,-1
1284,17,138.93728637695312,741.753662109375,-1,-1,1,-1,-1,-1
1285,17,167.25892639160156,742.129150390625,-1,-1,1,-1,-1,-1
1286,17,202.7772216796875,742.1090087890625,-1,-1,1,-1,-1,-1
1287,17,231.1756591796875,734.9803466796875,-1,-1,1,-1,-1,-1
1302,17,643.423828125,734.9290771484375,-1,-1,1,-1,-1,-1
1303,17,664.70263671875,734.6617431640625,-1,-1,1,-1,-1,-1
1304,17,693.061279296875,734.5828857421875,-1,-1,1,-1,-1,-1
1575,18,778.099609375,450.50439453125,-1,-1,1,-1,-1,-1
1578,18,835.0169677734375,450.3172912597656,-1,-1,1,-1,-1,-1
1579,18,849.2642822265625,443.2596435546875,-1,-1,1,-1,-1,-1
1580,18,877.498046875,443.5650329589844,-1,-1,1,-1,-1,-1
1582,18,906.2508544921875,429.5142517089844,-1,-1,1,-1,-1,-1
1583,18,927.4456787109375,422.0638427734375,-1,-1,1,-1,-1,-1
1584,18,948.8621826171875,415.221435546875,-1,-1,1,-1,-1,-1
1585,18,963.09814453125,415.51531982421875,-1,-1,1,-1,-1,-1
1586,18,984.5047607421875,408.3524169921875,-1,-1,1,-1,-1,-1
1587,18,1005.7376708984375,401.291015625,-1,-1,1,-1,-1,-1
1588,18,1027.1488037109375,400.4725646972656,-1,-1,1,-1,-1,-1
1589,18,1041.519775390625,393.59173583984375,-1,-1,1,-1,-1,-1
1594,18,1119.5533447265625,365.7076416015625,-1,-1,1,-1,-1,-1
1595,18,1126.661865234375,365.40386962890625,-1,-1,1,-1,-1,-1
1612,19,103.43476867675781,500.5435791015625,-1,-1,1,-1,-1,-1
1613,18,1481.968994140625,337.08502197265625,-1,-1,1,-1,-1,-1
1613,19,139.00534057617188,500.4835510253906,-1,-1,1,-1,-1,-1
1615,19,210.01724243164062,507.5721435546875,-1,-1,1,-1,-1,-1
1617,19,273.84368896484375,514.7860717773438,-1,-1,1,-1,-1,-1
1618,19,309.52191162109375,521.6951904296875,-1,-1,1,-1,-1,-1
1621,19,401.77056884765625,528.884765625,-1,-1,1,-1,-1,-1
1624,19,487.00201416015625,535.9788818359375,-1,-1,1,-1,-1,-1
1626,19,543.9321899414062,535.9385986328125,-1,-1,1,-1,-1,-1
1633,19,728.433349609375,556.8642578125,-1,-1,1,-1,-1,-1
1634,19,756.662353515625,557.077392578125,-1,-1,1,-1,-1,-1
1637,19,841.7940063476562,557.4578247070312,-1,-1,1,-1,-1,-1
1638,19,870.398193359375,564.5208129882812,-1,-1,1,-1,-1,-1
1640,19,927.427978515625,564.1544189453125,-1,-1,1,-1,-1,-1
1642,19,984.0853271484375,564.3003540039062,-1,-1,1,-1,-1,-1
1644,19,1040.8134765625,571.6280517578125,-1,-1,1,-1,-1,-1
1645,19,1068.9921875,571.7013549804688,-1,-1,1,-1,-1,-1
1646,19,1097.50634765625,571.61279296875,-1,-1,1,-1,-1,-1
1647,19,1126.091552734375,571.66259765625,-1,-1,1,-1,-1,-1
1648,19,1154.629638671875,564.3431396484375,-1,-1,1,-1,-1,-1
1649,19,1183.068359375,564.27197265625,-1,-1,1,-1,-1,-1
1650,19,1211.604736328125,564.1596069335938,-1,-1,1,-1,-1,-1
1653,19,1296.867431640625,550.0889892578125,-1,-1,1,-1,-1,-1
1654,19,1325.268310546875,550.0083618164062,-1,-1,1,-1,-1,-1
1713,20,167.42904663085938,557.66552734375,-1,-1,1,-1,-1,-1
1714,20,202.69943237304688,557.717041015625,-1,-1,1,-1,-1,-1
1715,20,238.33645629882812,557.660400390625,-1,-1,1,-1,-1,-1
1716,20,273.9205017089844,557.56494140625,-1,-1,1,-1,-1,-1
1717,20,302.35400390625,557.759521484375,-1,-1,1,-1,-1,-1
1718,20,338.0084228515625,564.831298828125,-1,-1,1,-1,-1,-1
1719,20,366.1407165527344,564.8034057617188,-1,-1,1,-1,-1,-1
1720,20,401.89263916015625,571.9339599609375,-1,-1,1,-1,-1,-1
1721,20,430.1243591308594,571.67529296875,-1,-1,1,-1,-1,-1
1722,20,458.4918212890625,578.8868408203125,-1,-1,1,-1,-1,-1
1723,20,479.91058349609375,578.9322509765625,-1,-1,1,-1,-1,-1
1724,20,508.4910888671875,586.1072998046875,-1,-1,1,-1,-1,-1
1725,20,536.63916015625,585.9212646484375,-1,-1,1,-1,-1,-1
1726,20,558.244873046875,586.1536254882812,-1,-1,1,-1,-1,-1
1727,20,586.5948486328125,593.1943359375,-1,-1,1,-1,-1,-1
1728,20,614.9818725585938,593.119384765625,-1,-1,1,-1,-1,-1
1729,20,643.481201171875,593.132080078125,-1,-1,1,-1,-1,-1
1730,20,665.054443359375,600.2457275390625,-1,-1,1,-1,-1,-1
1731,20,686.1571044921875,600.201904296875,-1,-1,1,-1,-1,-1
1732,20,714.33154296875,593.0151977539062,-1,-1,1,-1,-1,-1
1733,20,735.849853515625,593.172607421875,-1,-1,1,-1,-1,-1
1734,20,757.208740234375,593.3408813476562,-1,-1,1,-1,-1,-1
1735,20,785.7039794921875,593.1549072265625,-1,-1,1,-1,-1,-1
1736,20,806.58056640625,585.8489379882812,-1,-1,1,-1,-1,-1
1737,20,828.23828125,586.0189208984375,-1,-1,1,-1,-1,-1
1738,20,849.5550537109375,585.9047241210938,-1,-1,1,-1,-1,-1
1739,20,870.7005615234375,578.774169921875,-1,-1,1,-1,-1,-1
1740,20,892.1144409179688,578.8978271484375,-1,-1,1,-1,-1,-1
1741,20,906.44677734375,578.9619750976562,-1,-1,1,-1,-1,-1
1742,20,927.667724609375,578.9708862304688,-1,-1,1,-1,-1,-1
1743,20,956.0849609375,578.771240234375,-1,-1,1,-1,-1,-1
1744,20,977.398193359375,578.8599853515625,-1,-1,1,-1,-1,-1
1745,20,998.66796875,578.8575439453125,-1,-1,1,-1,-1,-1
1746,20,1027.0673828125,571.783203125,-1,-1,1,-1,-1,-1
1747,20,1055.406982421875,571.650390625,-1,-1,1,-1,-1,-1
1748,20,1083.74853515625,564.4337158203125,-1,-1,1,-1,-1,-1
1749,20,1112.283203125,564.576416015625,-1,-1,1,-1,-1,-1
1750,20,1147.706787109375,564.4996337890625,-1,-1,1,-1,-1,-1
1751,20,1176.345703125,564.574462890625,-1,-1,1,-1,-1,-1
1752,20,1204.75732421875,564.595458984375,-1,-1,1,-1,-1,-1
1753,20,1240.238037109375,564.5523681640625,-1,-1,1,-1,-1,-1
1753,21,338.245361328125,670.8397216796875,-1,-1,1,-1,-1,-1
1754,20,1275.7587890625,564.5238037109375,-1,-1,1,-1,-1,-1
1754,21,366.5244140625,670.66015625,-1,-1,1,-1,-1,-1
1755,20,1304.13916015625,564.5745849609375,-1,-1,1,-1,-1,-1
1755,21,402.1174621582031,670.5052490234375,-1,-1,1,-1,-1,-1
1756,20,1339.64892578125,564.5074462890625,-1,-1,1,-1,-1,-1
1757,21,465.87933349609375,663.530029296875,-1,-1,1,-1,-1,-1
1758,21,501.48101806640625,663.4481201171875,-1,-1,1,-1,-1,-1
1759,21,529.9962158203125,656.1864624023438,-1,-1,1,-1,-1,-1
1760,21,565.4017333984375,656.1646728515625,-1,-1,1,-1,-1,-1
1760,22,274.0674743652344,677.419677734375,-1,-1,1,-1,-1,-1
1761,21,600.9451293945312,656.35107421875,-1,-1,1,-1,-1,-1
1761,22,309.4698486328125,677.556884765625,-1,-1,1,-1,-1,-1
1762,21,629.3536376953125,656.2635498046875,-1,-1,1,-1,-1,-1
1762,22,337.9384765625,677.471435546875,-1,-1,1,-1,-1,-1
1763,21,664.865966796875,663.3154296875,-1,-1,1,-1,-1,-1
1763,22,373.439453125,677.470947265625,-1,-1,1,-1,-1,-1
1764,20,1616.8154296875,571.8582763671875,-1,-1,1,-1,-1,-1
1764,21,700.3824462890625,663.4853515625,-1,-1,1,-1,-1,-1
1764,22,408.95855712890625,685.1990966796875,-1,-1,1,-1,-1,-1
1765,21,728.7318725585938,663.4607543945312,-1,-1,1,-1,-1,-1
1765,22,430.13116455078125,677.4354248046875,-1,-1,1,-1,-1,-1
1766,20,1695.020263671875,571.7657470703125,-1,-1,1,-1,-1,-1
1766,21,764.149658203125,663.5325317382812,-1,-1,1,-1,-1,-1
1766,22,458.7127990722656,677.3841552734375,-1,-1,1,-1,-1,-1
1767,21,792.709228515625,663.4873046875,-1,-1,1,-1,-1,-1
1767,22,486.94781494140625,684.8384399414062,-1,-1,1,-1,-1,-1
1768,20,1766.3017578125,578.7696533203125,-1,-1,1,-1,-1,-1
1768,21,828.4196166992188,670.6038818359375,-1,-1,1,-1,-1,-1
1768,22,515.3375854492188,684.8101806640625,-1,-1,1,-1,-1,-1
1769,20,1801.58935546875,585.943115234375,-1,-1,1,-1,-1,-1
1769,21,856.7206420898438,670.6063232421875,-1,-1,1,-1,-1,-1
1769,22,543.8193359375,684.6796264648438,-1,-1,1,-1,-1,-1
1770,21,892.13720703125,677.6535034179688,-1,-1,1,-1,-1,-1
1770,22,572.3256225585938,684.5863037109375,-1,-1,1,-1,-1,-1
1771,20,1879.8214111328125,585.69677734375,-1,-1,1,-1,-1,-1
1771,21,920.7191162109375,670.4799194335938,-1,-1,1,-1,-1,-1
1771,22,600.69482421875,684.7293701171875,-1,-1,1,-1,-1,-1
1772,21,949.10791015625,677.6468505859375,-1,-1,1,-1,-1,-1
1772,22,629.0970458984375,684.809814453125,-1,-1,1,-1,-1,-1
1773,21,984.5969848632812,677.713623046875,-1,-1,1,-1,-1,-1
1773,22,657.6199951171875,692.2842407226562,-1,-1,1,-1,-1,-1
1773,23,1332.59228515625,315.57379150390625,-1,-1,1,-1,-1,-1
1774,21,1013.0012817382812,677.6083374023438,-1,-1,1,-1,-1,-1
1774,22,685.94189453125,692.0887451171875,-1,-1,1,-1,-1,-1
1774,23,1360.961669921875,308.3992919921875,-1,-1,1,-1,-1,-1
1775,22,707.3154907226562,691.9013671875,-1,-1,1,-1,-1,-1
1775,23,1389.458984375,308.33203125,-1,-1,1,-1,-1,-1
1776,21,1076.771728515625,684.8829956054688,-1,-1,1,-1,-1,-1
1776,22,742.759033203125,699.4436645507812,-1,-1,1,-1,-1,-1
1776,23,1417.8271484375,308.40618896484375,-1,-1,1,-1,-1,-1
1777,22,771.085693359375,699.2535400390625,-1,-1,1,-1,-1,-1
1778,22,799.7083740234375,699.1434326171875,-1,-1,1,-1,-1,-1
1779,22,828.1357421875,699.0182495117188,-1,-1,1,-1,-1,-1
1780,22,863.5401611328125,706.2894287109375,-1,-1,1,-1,-1,-1
1780,23,1538.5328369140625,315.60308837890625,-1,-1,1,-1,-1,-1
1781,22,892.0440673828125,706.0545043945312,-1,-1,1,-1,-1,-1
1781,23,1567.0419921875,315.514892578125,-1,-1,1,-1,-1,-1
1782,22,927.69482421875,713.5724487304688,-1,-1,1,-1,-1,-1
1782,23,1602.666748046875,315.46246337890625,-1,-1,1,-1,-1,-1
1783,22,956.006591796875,713.3604736328125,-1,-1,1,-1,-1,-1
1784,21,1360.5244140625,699.3345947265625,-1,-1,1,-1,-1,-1
1785,21,1382.079833984375,692.2362060546875,-1,-1,1,-1,-1,-1
1785,22,1020.2213134765625,720.6378173828125,-1,-1,1,-1,-1,-1
1786,22,1055.5850830078125,720.552490234375,-1,-1,1,-1,-1,-1
1787,21,1446.140869140625,706.5548095703125,-1,-1,1,-1,-1,-1
1787,22,1084.0472412109375,727.7425537109375,-1,-1,1,-1,-1,-1
1788,22,1119.4222412109375,727.5674438476562,-1,-1,1,-1,-1,-1
1789,21,1524.1021728515625,713.5111694335938,-1,-1,1,-1,-1,-1
1789,22,1140.82861328125,727.9661865234375,-1,-1,1,-1,-1,-1
1790,22,1183.624267578125,727.8572998046875,-1,-1,1,-1,-1,-1
1791,22,1219.2030029296875,734.910400390625,-1,-1,1,-1,-1,-1
1792,22,1254.8212890625,734.88720703125,-1,-1,1,-1,-1,-1
1793,22,1290.0751953125,734.751708984375,-1,-1,1,-1,-1,-1
1794,22,1318.462646484375,734.6566772460938,-1,-1,1,-1,-1,-1
1802,22,1610.00634765625,735.0372314453125,-1,-1,1,-1,-1,-1
1803,22,1645.6636962890625,735.0538330078125,-1,-1,1,-1,-1,-1
1895,24,437.2512512207031,642.4637451171875,-1,-1,1,-1,-1,-1
1897,24,437.0953369140625,656.86572265625,-1,-1,1,-1,-1,-1
1898,24,429.80877685546875,663.868408203125,-1,-1,1,-1,-1,-1
1899,24,422.8374938964844,664.0010986328125,-1,-1,1,-1,-1,-1
1901,24,415.7715148925781,671.061279296875,-1,-1,1,-1,-1,-1
1902,24,415.7984619140625,670.8734130859375,-1,-1,1,-1,-1,-1
1906,24,408.697265625,671.00048828125,-1,-1,1,-1,-1,-1
1908,24,408.70489501953125,671.087890625,-1,-1,1,-1,-1,-1
1909,24,408.6019287109375,671.0350952148438,-1,-1,1,-1,-1,-1
1910,24,408.5531005859375,670.9560546875,-1,-1,1,-1,-1,-1
1911,24,415.7184143066406,670.8118286132812,-1,-1,1,-1,-1,-1
1912,24,415.83197021484375,670.8694458007812,-1,-1,1,-1,-1,-1
1913,24,415.64642333984375,671.0857543945312,-1,-1,1,-1,-1,-1
1914,24,422.74578857421875,671.01708984375,-1,-1,1,-1,-1,-1
1915,24,429.9930114746094,671.0804443359375,-1,-1,1,-1,-1,-1
1916,24,437.16680908203125,670.91064453125,-1,-1,1,-1,-1,-1
1917,24,444.08258056640625,678.1924438476562,-1,-1,1,-1,-1,-1
1918,24,451.1943359375,685.551025390625,-1,-1,1,-1,-1,-1
1919,24,458.4000244140625,685.1863403320312,-1,-1,1,-1,-1,-1
1920,24,472.69073486328125,692.2215576171875,-1,-1,1,-1,-1,-1
1921,24,486.7818908691406,699.8792724609375,-1,-1,1,-1,-1,-1
1922,24,501.2078857421875,699.46826171875,-1,-1,1,-1,-1,-1
1923,24,522.2653198242188,706.7738037109375,-1,-1,1,-1,-1,-1
1924,24,536.5611572265625,706.7320556640625,-1,-1,1,-1,-1,-1
1925,24,550.7730102539062,706.8102416992188,-1,-1,1,-1,-1,-1
1926,24,565.023193359375,699.5411376953125,-1,-1,1,-1,-1,-1
1927,24,579.1231689453125,706.7713623046875,-1,-1,1,-1,-1,-1
1928,24,600.4273681640625,706.6195678710938,-1,-1,1,-1,-1,-1
1929,24,614.6469116210938,713.9239501953125,-1,-1,1,-1,-1,-1
1930,24,636.0968017578125,713.88037109375,-1,-1,1,-1,-1,-1
1931,24,650.2356567382812,706.781982421875,-1,-1,1,-1,-1,-1
1932,24,671.5006713867188,699.7747802734375,-1,-1,1,-1,-1,-1
1933,24,678.671630859375,685.2811279296875,-1,-1,1,-1,-1,-1
1934,24,692.7154541015625,678.349365234375,-1,-1,1,-1,-1,-1
1935,24,706.9854736328125,671.2750244140625,-1,-1,1,-1,-1,-1
1936,24,728.421630859375,664.0691528320312,-1,-1,1,-1,-1,-1
1937,24,742.6123046875,657.0338745117188,-1,-1,1,-1,-1,-1
1938,24,749.7559204101562,649.9727783203125,-1,-1,1,-1,-1,-1
1939,24,756.9194946289062,642.919189453125,-1,-1,1,-1,-1,-1
1940,24,763.9412841796875,635.8250732421875,-1,-1,1,-1,-1,-1
1941,24,771.1455078125,621.585205078125,-1,-1,1,-1,-1,-1
1942,24,771.009033203125,614.551025390625,-1,-1,1,-1,-1,-1
1943,24,785.290283203125,614.5396728515625,-1,-1,1,-1,-1,-1
1944,24,792.2957763671875,614.650390625,-1,-1,1,-1,-1,-1
1945,24,799.359130859375,614.6720581054688,-1,-1,1,-1,-1,-1
1946,24,813.54931640625,614.6417236328125,-1,-1,1,-1,-1,-1
1947,24,820.6589965820312,614.6685791015625,-1,-1,1,-1,-1,-1
1948,24,827.812744140625,614.6747436523438,-1,-1,1,-1,-1,-1
1949,24,842.2474365234375,614.6597900390625,-1,-1,1,-1,-1,-1
1950,24,849.245849609375,621.7552490234375,-1,-1,1,-1,-1,-1
1951,24,849.2991943359375,621.5482177734375,-1,-1,1,-1,-1,-1
1952,24,849.3524169921875,621.5925903320312,-1,-1,1,-1,-1,-1
1953,24,856.35888671875,628.9515380859375,-1,-1,1,-1,-1,-1
1954,24,856.3656005859375,628.8885498046875,-1,-1,1,-1,-1,-1
1955,24,856.3305053710938,621.607666015625,-1,-1,1,-1,-1,-1
1956,24,863.365234375,621.6964111328125,-1,-1,1,-1,-1,-1
1957,24,863.676025390625,621.88037109375,-1,-1,1,-1,-1,-1
1958,24,863.5823974609375,614.6982421875,-1,-1,1,-1,-1,-1
1959,24,870.7726440429688,614.7635498046875,-1,-1,1,-1,-1,-1
1960,24,877.68408203125,607.5582275390625,-1,-1,1,-1,-1,-1
1961,24,884.8016357421875,607.468994140625,-1,-1,1,-1,-1,-1
1962,24,891.9629516601562,607.5855102539062,-1,-1,1,-1,-1,-1
1963,24,899.24462890625,607.42578125,-1,-1,1,-1,-1,-1
1964,24,906.259033203125,600.393798828125,-1,-1,1,-1,-1,-1
1965,24,920.5164794921875,600.4141845703125,-1,-1,1,-1,-1,-1
1966,24,941.5772705078125,607.480712890625,-1,-1,1,-1,-1,-1
1967,24,956.1322021484375,607.6400146484375,-1,-1,1,-1,-1,-1
1968,24,970.199951171875,607.47509765625,-1,-1,1,-1,-1,-1
1969,24,991.58935546875,614.6439208984375,-1,-1,1,-1,-1,-1
1970,24,1012.9198608398438,614.6644287109375,-1,-1,1,-1,-1,-1
1971,24,1034.291015625,614.792236328125,-1,-1,1,-1,-1,-1
1972,24,1055.639892578125,614.6942138671875,-1,-1,1,-1,-1,-1
1973,24,1076.850830078125,621.8133544921875,-1,-1,1,-1,-1,-1
1974,24,1098.0958251953125,628.8238525390625,-1,-1,1,-1,-1,-1
1975,24,1119.5162353515625,643.0986938476562,-1,-1,1,-1,-1,-1
1976,24,1140.9139404296875,657.2008056640625,-1,-1,1,-1,-1,-1
1977,24,1162.2213134765625,671.2747802734375,-1,-1,1,-1,-1,-1
1978,24,1190.5152587890625,685.50341796875,-1,-1,1,-1,-1,-1
1979,24,1218.7864990234375,699.908447265625,-1,-1,1,-1,-1,-1
1980,24,1240.1492919921875,713.9942626953125,-1,-1,1,-1,-1,-1
1981,24,1275.82958984375,728.3828735351562,-1,-1,1,-1,-1,-1
1982,24,1311.3956298828125,749.62890625,-1,-1,1,-1,-1,-1
1983,24,1360.938232421875,763.835693359375,-1,-1,1,-1,-1,-1
1984,24,1403.8067626953125,763.8956298828125,-1,-1,1,-1,-1,-1
1985,24,1439.207275390625,756.787841796875,-1,-1,1,-1,-1,-1
1986,24,1474.689453125,749.692626953125,-1,-1,1,-1,-1,-1
1987,24,1517.3876953125,742.3790283203125,-1,-1,1,-1,-1,-1
1988,24,1552.7940673828125,728.146240234375,-1,-1,1,-1,-1,-1
1989,24,1595.5084228515625,721.063232421875,-1,-1,1,-1,-1,-1
1990,24,1645.025390625,706.5633544921875,-1,-1,1,-1,-1,-1
1991,24,1694.955322265625,699.5528564453125,-1,-1,1,-1,-1,-1
1992,24,1751.783203125,685.201416015625,-1,-1,1,-1,-1,-1
1993,24,1794.466552734375,699.4769287109375,-1,-1,1,-1,-1,-1
1994,24,1858.501708984375,706.6727294921875,-1,-1,1,-1,-1,-1
2055,25,39.33603286743164,606.8642578125,-1,-1,1,-1,-1,-1
2056,25,60.43789291381836,607.01611328125,-1,-1,1,-1,-1,-1
2057,25,81.91142272949219,607.0524291992188,-1,-1,1,-1,-1,-1
2058,25,103.21293640136719,606.952880859375,-1,-1,1,-1,-1,-1
2059,25,117.5444107055664,607.118896484375,-1,-1,1,-1,-1,-1
2060,25,138.67689514160156,607.1029052734375,-1,-1,1,-1,-1,-1
2061,25,160.07723999023438,607.0147705078125,-1,-1,1,-1,-1,-1
2062,25,174.32583618164062,607.050537109375,-1,-1,1,-1,-1,-1
2063,25,195.61146545410156,607.0628662109375,-1,-1,1,-1,-1,-1
2064,25,216.7938232421875,606.9332885742188,-1,-1,1,-1,-1,-1
2065,25,238.15036010742188,614.210205078125,-1,-1,1,-1,-1,-1
2066,25,259.41986083984375,614.2877197265625,-1,-1,1,-1,-1,-1
2067,25,287.8270263671875,614.1898803710938,-1,-1,1,-1,-1,-1
2068,25,309.2553405761719,614.0580444335938,-1,-1,1,-1,-1,-1
2068,26,970.1204833984375,749.06201171875,-1,-1,1,-1,-1,-1
2069,25,330.6336669921875,613.9873657226562,-1,-1,1,-1,-1,-1
2069,26,998.7283935546875,749.04248046875,-1,-1,1,-1,-1,-1
2070,25,344.86090087890625,614.089111328125,-1,-1,1,-1,-1,-1
2070,26,1027.4759521484375,748.8231201171875,-1,-1,1,-1,-1,-1
2071,25,359.08013916015625,613.976806640625,-1,-1,1,-1,-1,-1
2071,26,1056.087890625,748.8212280273438,-1,-1,1,-1,-1,-1
2071,27,465.8227233886719,720.05810546875,-1,-1,1,-1,-1,-1
2072,25,373.2887268066406,614.22998046875,-1,-1,1,-1,-1,-1
2072,26,1091.431396484375,742.0732421875,-1,-1,1,-1,-1,-1
2072,27,480.10906982421875,719.89111328125,-1,-1,1,-1,-1,-1
2073,25,387.3951416015625,614.2752685546875,-1,-1,1,-1,-1,-1
2073,26,1112.22998046875,748.79443359375,-1,-1,1,-1,-1,-1
2073,27,501.455078125,720.0543823242188,-1,-1,1,-1,-1,-1
2074,25,401.78887939453125,607.0565795898438,-1,-1,1,-1,-1,-1
2074,26,1140.501708984375,748.867431640625,-1,-1,1,-1,-1,-1
2074,27,515.8382568359375,719.7432861328125,-1,-1,1,-1,-1,-1
2075,25,415.96978759765625,607.0249633789062,-1,-1,1,-1,-1,-1
2075,26,1176.063232421875,742.0235595703125,-1,-1,1,-1,-1,-1
2075,27,530.0361328125,720.0177612304688,-1,-1,1,-1,-1,-1
2076,25,437.165283203125,607.1131591796875,-1,-1,1,-1,-1,-1
2076,26,1204.46484375,748.8421630859375,-1,-1,1,-1,-1,-1
2076,27,550.9664306640625,720.1514892578125,-1,-1,1,-1,-1,-1
2077,25,458.573974609375,607.1325073242188,-1,-1,1,-1,-1,-1
2077,26,1240.3272705078125,741.8118896484375,-1,-1,1,-1,-1,-1
2077,27,572.4703369140625,713.0064697265625,-1,-1,1,-1,-1,-1
2078,25,472.70062255859375,607.3477783203125,-1,-1,1,-1,-1,-1
2078,26,1268.6920166015625,741.856201171875,-1,-1,1,-1,-1,-1
2078,27,593.9639282226562,727.0847778320312,-1,-1,1,-1,-1,-1
2079,25,493.97967529296875,607.3233642578125,-1,-1,1,-1,-1,-1
2079,26,1303.765380859375,755.88623046875,-1,-1,1,-1,-1,-1
2079,27,615.156494140625,720.0955200195312,-1,-1,1,-1,-1,-1
2080,25,515.4534301757812,607.093505859375,-1,-1,1,-1,-1,-1
2080,26,1339.195068359375,763.1438598632812,-1,-1,1,-1,-1,-1
2080,27,643.5653686523438,727.1109619140625,-1,-1,1,-1,-1,-1
2081,25,543.751220703125,614.2716064453125,-1,-1,1,-1,-1,-1
2082,25,557.92578125,621.4041748046875,-1,-1,1,-1,-1,-1
2083,25,579.2950439453125,628.5101928710938,-1,-1,1,-1,-1,-1
2083,27,700.47119140625,755.7291259765625,-1,-1,1,-1,-1,-1
2084,25,586.2471923828125,635.833984375,-1,-1,1,-1,-1,-1
2085,25,607.8319702148438,635.4664916992188,-1,-1,1,-1,-1,-1
2085,27,736.0040283203125,769.612548828125,-1,-1,1,-1,-1,-1
2086,25,628.9414672851562,642.634521484375,-1,-1,1,-1,-1,-1
2087,25,643.372314453125,642.5997314453125,-1,-1,1,-1,-1,-1
2088,25,664.6810913085938,649.836181640625,-1,-1,1,-1,-1,-1
2089,25,685.6824951171875,657.07275390625,-1,-1,1,-1,-1,-1
2090,25,707.12646484375,656.944580078125,-1,-1,1,-1,-1,-1
2091,25,735.4276123046875,664.0711669921875,-1,-1,1,-1,-1,-1
2092,25,756.948486328125,663.9180908203125,-1,-1,1,-1,-1,-1
2093,25,771.24560546875,663.870361328125,-1,-1,1,-1,-1,-1
2093,27,849.21044921875,870.3070068359375,-1,-1,1,-1,-1,-1
2094,25,792.4942626953125,671.1376953125,-1,-1,1,-1,-1,-1
2095,25,813.8388671875,671.1127319335938,-1,-1,1,-1,-1,-1
2096,25,828.125732421875,670.9818115234375,-1,-1,1,-1,-1,-1
2097,25,849.3079833984375,664.0543212890625,-1,-1,1,-1,-1,-1
2098,25,863.7208251953125,656.8382568359375,-1,-1,1,-1,-1,-1
2099,25,877.8807373046875,649.6209716796875,-1,-1,1,-1,-1,-1
2100,25,899.08740234375,642.4467163085938,-1,-1,1,-1,-1,-1
2101,25,920.561279296875,635.4418334960938,-1,-1,1,-1,-1,-1
2102,25,948.9536743164062,635.609130859375,-1,-1,1,-1,-1,-1
2102,28,96.01593780517578,763.737060546875,-1,-1,1,-1,-1,-1
2103,28,109.87223815917969,763.8370361328125,-1,-1,1,-1,-1,-1
2104,25,998.5888671875,628.497314453125,-1,-1,1,-1,-1,-1
2104,28,131.42837524414062,763.6764526367188,-1,-1,1,-1,-1,-1
2105,25,1026.9410400390625,621.2928466796875,-1,-1,1,-1,-1,-1
2105,28,145.7064971923828,756.4647827148438,-1,-1,1,-1,-1,-1
2106,25,1055.42431640625,614.312255859375,-1,-1,1,-1,-1,-1
2106,28,167.15968322753906,756.485107421875,-1,-1,1,-1,-1,-1
2107,25,1091.027587890625,614.3644409179688,-1,-1,1,-1,-1,-1
2108,25,1126.4454345703125,607.2935180664062,-1,-1,1,-1,-1,-1
2109,25,1154.84033203125,599.9866943359375,-1,-1,1,-1,-1,-1
2111,25,1218.897216796875,599.9483642578125,-1,-1,1,-1,-1,-1
2112,25,1254.292236328125,592.8220825195312,-1,-1,1,-1,-1,-1
2113,25,1290.0478515625,600.0626220703125,-1,-1,1,-1,-1,-1
2114,25,1332.62451171875,600.0650024414062,-1,-1,1,-1,-1,-1
2114,28,458.4420166015625,741.6279296875,-1,-1,1,-1,-1,-1
2115,25,1368.239501953125,599.836181640625,-1,-1,1,-1,-1,-1
2115,28,508.19830322265625,741.9681396484375,-1,-1,1,-1,-1,-1
2116,25,1410.9683837890625,599.9301147460938,-1,-1,1,-1,-1,-1
2117,25,1453.48681640625,606.96044921875,-1,-1,1,-1,-1,-1
2118,25,1503.0399169921875,614.1428833007812,-1,-1,1,-1,-1,-1
2119,25,1538.6810302734375,621.1634521484375,-1,-1,1,-1,-1,-1
2120,25,1588.4833984375,628.42236328125,-1,-1,1,-1,-1,-1
2121,25,1631.230712890625,628.3023681640625,-1,-1,1,-1,-1,-1
2122,25,1673.838134765625,635.50439453125,-1,-1,1,-1,-1,-1
2123,25,1716.3302001953125,642.5682373046875,-1,-1,1,-1,-1,-1
2126,25,1858.400634765625,649.1969604492188,-1,-1,1,-1,-1,-1
2153,29,1247.2142333984375,919.0565185546875,-1,-1,1,-1,-1,-1
2155,29,1325.337158203125,926.1917724609375,-1,-1,1,-1,-1,-1
2156,29,1361.078369140625,904.846923828125,-1,-1,1,-1,-1,-1
2157,29,1403.632080078125,905.1530151367188,-1,-1,1,-1,-1,-1
2158,29,1446.38818359375,905.0728759765625,-1,-1,1,-1,-1,-1
2159,29,1488.80908203125,905.2054443359375,-1,-1,1,-1,-1,-1
2160,29,1538.3580322265625,905.419189453125,-1,-1,1,-1,-1,-1
2161,29,1595.356689453125,898.1810913085938,-1,-1,1,-1,-1,-1
2162,29,1651.9395751953125,905.3336791992188,-1,-1,1,-1,-1,-1
2163,29,1701.662353515625,905.4072265625,-1,-1,1,-1,-1,-1
2188,30,1240.494873046875,805.4083251953125,-1,-1,1,-1,-1,-1
2189,30,1269.165771484375,805.522705078125,-1,-1,1,-1,-1,-1
2190,30,1304.67626953125,805.2785034179688,-1,-1,1,-1,-1,-1
2191,30,1333.0,826.592529296875,-1,-1,1,-1,-1,-1
2192,30,1375.545166015625,833.5322875976562,-1,-1,1,-1,-1,-1
2193,30,1417.88427734375,840.623291015625,-1,-1,1,-1,-1,-1
2194,30,1460.3687744140625,840.6978759765625,-1,-1,1,-1,-1,-1
2195,30,1503.167236328125,826.671630859375,-1,-1,1,-1,-1,-1
2195,31,330.0634765625,614.6114501953125,-1,-1,1,-1,-1,-1
2196,30,1553.117431640625,819.609619140625,-1,-1,1,-1,-1,-1
2197,30,1595.605224609375,841.21142578125,-1,-1,1,-1,-1,-1
2199,31,451.04473876953125,601.0654296875,-1,-1,1,-1,-1,-1
2200,31,479.35760498046875,593.71826171875,-1,-1,1,-1,-1,-1
2203,31,551.4473266601562,628.269287109375,-1,-1,1,-1,-1,-1
2204,31,579.3818359375,614.340576171875,-1,-1,1,-1,-1,-1
2205,31,600.5542602539062,614.2943115234375,-1,-1,1,-1,-1,-1
2206,31,650.4185791015625,564.5520629882812,-1,-1,1,-1,-1,-1
2208,31,707.1959228515625,550.3602294921875,-1,-1,1,-1,-1,-1
2332,32,998.3923950195312,578.7528076171875,-1,-1,1,-1,-1,-1
2333,32,1026.53955078125,579.1602783203125,-1,-1,1,-1,-1,-1
2334,32,1048.1162109375,558.0472412109375,-1,-1,1,-1,-1,-1
2335,32,1069.37255859375,571.7752685546875,-1,-1,1,-1,-1,-1
2336,32,1090.726318359375,543.7485961914062,-1,-1,1,-1,-1,-1
2337,32,1104.9666748046875,550.8695068359375,-1,-1,1,-1,-1,-1
2338,32,1119.2093505859375,543.9114379882812,-1,-1,1,-1,-1,-1
2350,32,1310.7669677734375,528.9774169921875,-1,-1,1,-1,-1,-1
2356,32,1452.744873046875,543.4225463867188,-1,-1,1,-1,-1,-1
2358,32,1488.31103515625,550.3330078125,-1,-1,1,-1,-1,-1
2360,32,1524.055908203125,564.54296875,-1,-1,1,-1,-1,-1
2362,32,1559.79296875,578.745849609375,-1,-1,1,-1,-1,-1
2409,33,472.5621643066406,763.459716796875,-1,-1,1,-1,-1,-1
2411,33,529.5032958984375,742.2578735351562,-1,-1,1,-1,-1,-1
2412,33,550.9266967773438,727.93408203125,-1,-1,1,-1,-1,-1
2413,33,586.637451171875,720.935791015625,-1,-1,1,-1,-1,-1
2414,33,607.6360473632812,706.66015625,-1,-1,1,-1,-1,-1
2415,33,628.82666015625,699.554931640625,-1,-1,1,-1,-1,-1
2416,33,657.2742919921875,685.1529541015625,-1,-1,1,-1,-1,-1
2417,33,678.71923828125,678.1458740234375,-1,-1,1,-1,-1,-1
2423,33,884.7205810546875,628.424072265625,-1,-1,1,-1,-1,-1
2424,33,934.4681396484375,635.5897827148438,-1,-1,1,-1,-1,-1
2425,33,977.0466918945312,642.7821655273438,-1,-1,1,-1,-1,-1
2426,33,1019.5672607421875,650.10400390625,-1,-1,1,-1,-1,-1
2427,33,1062.231689453125,657.133056640625,-1,-1,1,-1,-1,-1
2428,33,1097.925537109375,656.6893310546875,-1,-1,1,-1,-1,-1
2429,33,1133.286865234375,663.9078369140625,-1,-1,1,-1,-1,-1
2430,33,1161.65771484375,663.870849609375,-1,-1,1,-1,-1,-1
2431,33,1197.13916015625,678.1207885742188,-1,-1,1,-1,-1,-1
2432,33,1232.777587890625,692.2035522460938,-1,-1,1,-1,-1,-1
2433,33,1268.42919921875,699.1448364257812,-1,-1,1,-1,-1,-1
2433,34,160.16006469726562,408.19036865234375,-1,-1,1,-1,-1,-1
2434,33,1311.29052734375,706.1121826171875,-1,-1,1,-1,-1,-1
2434,34,202.76904296875,429.62042236328125,-1,-1,1,-1,-1,-1
2437,34,416.1440124511719,486.3784484863281,-1,-1,1,-1,-1,-1
2439,34,564.9053344726562,521.8933715820312,-1,-1,1,-1,-1,-1
2440,34,614.6582641601562,550.2943115234375,-1,-1,1,-1,-1,-1
2441,34,678.2674560546875,564.6683349609375,-1,-1,1,-1,-1,-1
2442,34,728.279052734375,572.087890625,-1,-1,1,-1,-1,-1
2443,34,764.1211547851562,571.640869140625,-1,-1,1,-1,-1,-1
2444,34,813.4539794921875,586.1593627929688,-1,-1,1,-1,-1,-1
2445,34,870.3048095703125,600.1256103515625,-1,-1,1,-1,-1,-1
2446,34,926.8743286132812,600.4594116210938,-1,-1,1,-1,-1,-1
2446,35,316.30474853515625,380.07379150390625,-1,-1,1,-1,-1,-1
2447,34,969.8723754882812,600.3535766601562,-1,-1,1,-1,-1,-1
2448,34,1026.4976806640625,628.8135986328125,-1,-1,1,-1,-1,-1
2449,34,1097.7423095703125,642.70458984375,-1,-1,1,-1,-1,-1
2449,35,444.1834716796875,422.14556884765625,-1,-1,1,-1,-1,-1
2450,34,1154.6246337890625,671.2486572265625,-1,-1,1,-1,-1,-1
2450,35,494.05072021484375,450.69122314453125,-1,-1,1,-1,-1,-1
2451,34,1218.6435546875,692.140869140625,-1,-1,1,-1,-1,-1
2451,35,536.656982421875,471.96142578125,-1,-1,1,-1,-1,-1
2452,34,1260.7789306640625,706.614990234375,-1,-1,1,-1,-1,-1
2452,35,572.2490234375,493.60772705078125,-1,-1,1,-1,-1,-1
2453,34,1303.69384765625,720.9384765625,-1,-1,1,-1,-1,-1
2453,35,607.4764404296875,507.8760070800781,-1,-1,1,-1,-1,-1
2454,34,1353.3406982421875,735.3818359375,-1,-1,1,-1,-1,-1
2454,35,657.0614013671875,522.1139526367188,-1,-1,1,-1,-1,-1
2455,34,1403.6407470703125,742.229248046875,-1,-1,1,-1,-1,-1
2455,35,678.53955078125,543.1932373046875,-1,-1,1,-1,-1,-1
2456,34,1460.4765625,734.9454956054688,-1,-1,1,-1,-1,-1
2456,35,721.111328125,550.1461791992188,-1,-1,1,-1,-1,-1
2457,34,1510.396728515625,734.8187255859375,-1,-1,1,-1,-1,-1
2457,35,756.67431640625,550.3062133789062,-1,-1,1,-1,-1,-1
2458,34,1552.9029541015625,727.880859375,-1,-1,1,-1,-1,-1
2458,35,806.7283935546875,543.2313842773438,-1,-1,1,-1,-1,-1
2459,34,1595.72998046875,727.7342529296875,-1,-1,1,-1,-1,-1
2459,35,834.630126953125,557.5275268554688,-1,-1,1,-1,-1,-1
2460,34,1616.85595703125,741.8515014648438,-1,-1,1,-1,-1,-1
2460,35,870.552001953125,557.4588623046875,-1,-1,1,-1,-1,-1
2461,35,913.3544921875,571.5035400390625,-1,-1,1,-1,-1,-1
2462,35,955.740478515625,578.8495483398438,-1,-1,1,-1,-1,-1
2463,35,990.9478759765625,571.6882934570312,-1,-1,1,-1,-1,-1
2464,35,976.790283203125,593.0045166015625,-1,-1,1,-1,-1,-1
2467,35,1176.282958984375,550.0872802734375,-1,-1,1,-1,-1,-1
2468,35,1232.8564453125,585.9580078125,-1,-1,1,-1,-1,-1
2469,35,1289.6947021484375,571.5682373046875,-1,-1,1,-1,-1,-1
2472,36,1509.621337890625,578.7136840820312,-1,-1,1,-1,-1,-1
2472,37,124.62725830078125,670.9532470703125,-1,-1,1,-1,-1,-1
2473,36,1609.1865234375,585.9620361328125,-1,-1,1,-1,-1,-1
2474,36,1687.4210205078125,593.0048217773438,-1,-1,1,-1,-1,-1
2475,36,1765.9951171875,578.6459350585938,-1,-1,1,-1,-1,-1
2476,36,1822.53955078125,571.5315551757812,-1,-1,1,-1,-1,-1
2476,38,1105.448486328125,599.753662109375,-1,-1,1,-1,-1,-1
2477,36,1851.1519775390625,600.3394775390625,-1,-1,1,-1,-1,-1
2477,38,1183.6044921875,592.97509765625,-1,-1,1,-1,-1,-1
2478,36,1865.083740234375,607.4901123046875,-1,-1,1,-1,-1,-1
2478,38,1240.196533203125,620.8485107421875,-1,-1,1,-1,-1,-1
2479,37,565.1288452148438,677.9765014648438,-1,-1,1,-1,-1,-1
2479,38,1311.2081298828125,620.7767333984375,-1,-1,1,-1,-1,-1
2480,37,628.9248046875,656.8370971679688,-1,-1,1,-1,-1,-1
2480,38,1389.387451171875,606.67626953125,-1,-1,1,-1,-1,-1
2481,38,1454.093994140625,592.8134765625,-1,-1,1,-1,-1,-1
2482,38,1517.8291015625,600.0400390625,-1,-1,1,-1,-1,-1
2483,37,777.7582397460938,685.6434326171875,-1,-1,1,-1,-1,-1
2483,38,1588.88623046875,592.8089599609375,-1,-1,1,-1,-1,-1
2484,37,841.75439453125,671.309814453125,-1,-1,1,-1,-1,-1
2485,37,891.8456420898438,692.3632202148438,-1,-1,1,-1,-1,-1
2486,37,941.1548461914062,699.697998046875,-1,-1,1,-1,-1,-1
2487,37,998.1718139648438,706.6864013671875,-1,-1,1,-1,-1,-1
2488,37,1047.583251953125,713.7172241210938,-1,-1,1,-1,-1,-1
2489,37,1097.767822265625,699.526123046875,-1,-1,1,-1,-1,-1
2490,37,1140.580078125,699.6236572265625,-1,-1,1,-1,-1,-1
2491,37,1169.159912109375,699.9360961914062,-1,-1,1,-1,-1,-1
2492,37,1226.1007080078125,692.7552490234375,-1,-1,1,-1,-1,-1
2493,37,1325.082275390625,692.292236328125,-1,-1,1,-1,-1,-1
2494,37,1339.6884765625,692.9947509765625,-1,-1,1,-1,-1,-1
2495,37,1404.03759765625,685.2608642578125,-1,-1,1,-1,-1,-1
2497,37,1545.469970703125,649.9305419921875,-1,-1,1,-1,-1,-1
2531,39,288.00152587890625,699.4981079101562,-1,-1,1,-1,-1,-1
2532,39,323.4681396484375,741.8980102539062,-1,-1,1,-1,-1,-1
2533,39,373.0789794921875,748.946533203125,-1,-1,1,-1,-1,-1
2534,39,408.6590576171875,756.1234130859375,-1,-1,1,-1,-1,-1
2535,39,458.5063171386719,756.07568359375,-1,-1,1,-1,-1,-1
2536,39,500.9350891113281,755.9581909179688,-1,-1,1,-1,-1,-1
2537,39,550.632568359375,763.196533203125,-1,-1,1,-1,-1,-1
2538,39,593.5881958007812,777.307861328125,-1,-1,1,-1,-1,-1
2539,39,643.2759399414062,784.6383056640625,-1,-1,1,-1,-1,-1
2540,39,692.8604736328125,777.4987182617188,-1,-1,1,-1,-1,-1
2541,39,735.4281005859375,791.630615234375,-1,-1,1,-1,-1,-1
2549,40,394.5023193359375,535.9588012695312,-1,-1,1,-1,-1,-1
2550,39,1325.603759765625,919.33984375,-1,-1,1,-1,-1,-1
2550,40,408.16009521484375,479.2934875488281,-1,-1,1,-1,-1,-1
2551,40,465.22430419921875,543.03173828125,-1,-1,1,-1,-1,-1
2552,40,486.83599853515625,549.8013305664062,-1,-1,1,-1,-1,-1
2553,40,515.3897705078125,549.8678588867188,-1,-1,1,-1,-1,-1
2554,40,550.9569091796875,549.8212890625,-1,-1,1,-1,-1,-1
2555,40,593.2408447265625,549.9336547851562,-1,-1,1,-1,-1,-1
2556,40,636.0413208007812,557.157958984375,-1,-1,1,-1,-1,-1
2557,40,664.6453247070312,556.7756958007812,-1,-1,1,-1,-1,-1
2558,40,700.240234375,556.853271484375,-1,-1,1,-1,-1,-1
2559,40,728.536865234375,571.213134765625,-1,-1,1,-1,-1,-1
2560,40,756.5205078125,571.4254150390625,-1,-1,1,-1,-1,-1
2561,40,777.842041015625,571.193603515625,-1,-1,1,-1,-1,-1
2562,40,799.1560668945312,571.4478759765625,-1,-1,1,-1,-1,-1
2563,40,827.6785888671875,585.720703125,-1,-1,1,-1,-1,-1
2564,40,855.9141845703125,592.7694091796875,-1,-1,1,-1,-1,-1
2565,40,891.4468994140625,606.8953247070312,-1,-1,1,-1,-1,-1
2566,40,927.0042724609375,599.8076171875,-1,-1,1,-1,-1,-1
2567,40,955.5941772460938,613.9947509765625,-1,-1,1,-1,-1,-1
2568,40,997.923828125,628.508056640625,-1,-1,1,-1,-1,-1
2569,40,1040.5621337890625,642.591064453125,-1,-1,1,-1,-1,-1
2570,40,1083.43017578125,656.828369140625,-1,-1,1,-1,-1,-1
2571,40,1147.295166015625,671.1218872070312,-1,-1,1,-1,-1,-1
2572,40,1204.510986328125,670.9228515625,-1,-1,1,-1,-1,-1
2573,40,1254.024658203125,678.1831665039062,-1,-1,1,-1,-1,-1
2574,40,1310.6065673828125,678.2720947265625,-1,-1,1,-1,-1,-1
2575,40,1360.500244140625,678.08642578125,-1,-1,1,-1,-1,-1
2576,40,1417.336669921875,678.2646484375,-1,-1,1,-1,-1,-1
2577,40,1474.077880859375,656.8543090820312,-1,-1,1,-1,-1,-1
2581,40,1744.6553955078125,678.8265991210938,-1,-1,1,-1,-1,-1
2582,40,1786.91845703125,685.9180297851562,-1,-1,1,-1,-1,-1
2617,41,39.66306686401367,549.8924560546875,-1,-1,1,-1,-1,-1
2618,41,53.627132415771484,578.5736694335938,-1,-1,1,-1,-1,-1
2619,41,81.86653900146484,585.6697387695312,-1,-1,1,-1,-1,-1
2620,41,110.1794662475586,599.9107666015625,-1,-1,1,-1,-1,-1
2621,41,145.80421447753906,606.9304809570312,-1,-1,1,-1,-1,-1
2622,41,160.06430053710938,621.0938720703125,-1,-1,1,-1,-1,-1
2623,41,188.42295837402344,635.2382202148438,-1,-1,1,-1,-1,-1
2624,41,202.79656982421875,649.5999755859375,-1,-1,1,-1,-1,-1
2625,41,217.11932373046875,656.7359619140625,-1,-1,1,-1,-1,-1
2626,41,223.98776245117188,670.8364868164062,-1,-1,1,-1,-1,-1
2627,41,231.25009155273438,678.0306396484375,-1,-1,1,-1,-1,-1
2628,41,238.40977478027344,685.162109375,-1,-1,1,-1,-1,-1
2629,41,252.60504150390625,699.2081298828125,-1,-1,1,-1,-1,-1
2630,41,266.6798400878906,713.2593994140625,-1,-1,1,-1,-1,-1
2631,41,280.8831481933594,720.4898681640625,-1,-1,1,-1,-1,-1
2632,41,302.1127014160156,720.343994140625,-1,-1,1,-1,-1,-1
2633,41,323.4936828613281,727.6844482421875,-1,-1,1,-1,-1,-1
2634,41,344.7430419921875,734.84033203125,-1,-1,1,-1,-1,-1
2635,41,366.0325927734375,741.787841796875,-1,-1,1,-1,-1,-1
2636,41,394.55615234375,741.9825439453125,-1,-1,1,-1,-1,-1
2637,41,415.6709899902344,749.0429077148438,-1,-1,1,-1,-1,-1
2638,41,444.2518615722656,748.99462890625,-1,-1,1,-1,-1,-1
2639,41,472.60125732421875,749.0660400390625,-1,-1,1,-1,-1,-1
2640,41,508.1227722167969,741.7579345703125,-1,-1,1,-1,-1,-1
2641,41,536.5862426757812,734.5470581054688,-1,-1,1,-1,-1,-1
2642,41,564.97216796875,741.7297973632812,-1,-1,1,-1,-1,-1
2643,41,600.4593505859375,734.4657592773438,-1,-1,1,-1,-1,-1
2644,41,621.8243408203125,727.3967895507812,-1,-1,1,-1,-1,-1
2645,41,657.6895751953125,706.0359497070312,-1,-1,1,-1,-1,-1
2646,41,693.1617431640625,698.6563720703125,-1,-1,1,-1,-1,-1
2647,41,728.5704345703125,684.6002807617188,-1,-1,1,-1,-1,-1
2648,41,757.0314331054688,684.6195068359375,-1,-1,1,-1,-1,-1
2649,41,785.5238037109375,677.5235595703125,-1,-1,1,-1,-1,-1
2650,41,821.2847900390625,677.50048828125,-1,-1,1,-1,-1,-1
2651,41,856.4564819335938,670.5035400390625,-1,-1,1,-1,-1,-1
2652,41,891.979736328125,663.4244384765625,-1,-1,1,-1,-1,-1
2653,41,920.533447265625,656.2584228515625,-1,-1,1,-1,-1,-1
2654,41,955.7872314453125,656.2051391601562,-1,-1,1,-1,-1,-1
2655,41,991.1827392578125,649.1641845703125,-1,-1,1,-1,-1,-1
2656,41,1026.8543701171875,649.1370849609375,-1,-1,1,-1,-1,-1
2657,41,1062.461669921875,642.06884765625,-1,-1,1,-1,-1,-1
2658,41,1097.943115234375,642.1888427734375,-1,-1,1,-1,-1,-1
2659,41,1133.4349365234375,635.1536865234375,-1,-1,1,-1,-1,-1
2660,41,1169.0191650390625,627.9786987304688,-1,-1,1,-1,-1,-1
2661,41,1211.4599609375,628.0547485351562,-1,-1,1,-1,-1,-1
2662,41,1247.2994384765625,620.847900390625,-1,-1,1,-1,-1,-1
2663,41,1289.657958984375,620.8011474609375,-1,-1,1,-1,-1,-1
2664,41,1325.481201171875,613.9196166992188,-1,-1,1,-1,-1,-1
2665,41,1360.748046875,613.90869140625,-1,-1,1,-1,-1,-1
2666,41,1403.458984375,613.830810546875,-1,-1,1,-1,-1,-1
2667,41,1439.034912109375,613.7672729492188,-1,-1,1,-1,-1,-1
2668,41,1474.4327392578125,613.8218994140625,-1,-1,1,-1,-1,-1
2669,41,1516.8336181640625,613.958740234375,-1,-1,1,-1,-1,-1
2670,41,1552.6871337890625,613.82763671875,-1,-1,1,-1,-1,-1
2671,41,1595.263427734375,613.7438354492188,-1,-1,1,-1,-1,-1
2672,41,1637.744140625,613.9655151367188,-1,-1,1,-1,-1,-1
2673,41,1680.805419921875,607.0031127929688,-1,-1,1,-1,-1,-1
2674,41,1723.366943359375,606.9805908203125,-1,-1,1,-1,-1,-1
2675,41,1765.884033203125,607.0000610351562,-1,-1,1,-1,-1,-1
2676,41,1808.5966796875,599.73681640625,-1,-1,1,-1,-1,-1
2677,41,1858.60595703125,592.8507690429688,-1,-1,1,-1,-1,-1
2689,42,39.388832092285156,585.7396240234375,-1,-1,1,-1,-1,-1
2690,42,81.86564636230469,578.7095336914062,-1,-1,1,-1,-1,-1
2691,42,117.33805084228516,579.06396484375,-1,-1,1,-1,-1,-1
2692,42,159.6795654296875,585.7828369140625,-1,-1,1,-1,-1,-1
2693,42,195.2758331298828,578.9320678710938,-1,-1,1,-1,-1,-1
2694,42,223.77003479003906,578.9012451171875,-1,-1,1,-1,-1,-1
2695,42,252.3904266357422,578.94140625,-1,-1,1,-1,-1,-1
2696,42,287.66986083984375,585.8953247070312,-1,-1,1,-1,-1,-1
2697,42,309.13983154296875,585.8411865234375,-1,-1,1,-1,-1,-1
2700,42,359.26641845703125,592.8347778320312,-1,-1,1,-1,-1,-1
2701,42,380.2370300292969,599.9732666015625,-1,-1,1,-1,-1,-1
2702,42,387.43646240234375,585.5560302734375,-1,-1,1,-1,-1,-1
2705,43,586.3985595703125,606.4295654296875,-1,-1,1,-1,-1,-1
2706,42,515.41748046875,607.3487548828125,-1,-1,1,-1,-1,-1
2707,42,529.6689453125,621.1822509765625,-1,-1,1,-1,-1,-1
2708,42,543.918701171875,621.2716674804688,-1,-1,1,-1,-1,-1
2709,42,565.2886962890625,628.5604248046875,-1,-1,1,-1,-1,-1
2710,42,586.5814208984375,621.1396484375,-1,-1,1,-1,-1,-1
2710,43,686.0235595703125,606.0161743164062,-1,-1,1,-1,-1,-1
2711,42,607.9625854492188,628.5428466796875,-1,-1,1,-1,-1,-1
2712,42,636.205322265625,628.5614013671875,-1,-1,1,-1,-1,-1
2712,43,735.8126831054688,606.00830078125,-1,-1,1,-1,-1,-1
2713,42,671.7020263671875,628.4052124023438,-1,-1,1,-1,-1,-1
2713,43,757.106689453125,606.3946533203125,-1,-1,1,-1,-1,-1
2714,42,700.2293701171875,628.4284057617188,-1,-1,1,-1,-1,-1
2714,43,785.4505615234375,613.5634155273438,-1,-1,1,-1,-1,-1
2715,42,721.4229736328125,635.4776611328125,-1,-1,1,-1,-1,-1
2716,42,749.9157104492188,642.5885009765625,-1,-1,1,-1,-1,-1
2717,42,771.2017211914062,642.5443115234375,-1,-1,1,-1,-1,-1
2717,43,856.8533935546875,641.8453369140625,-1,-1,1,-1,-1,-1
2718,42,799.48779296875,649.8441162109375,-1,-1,1,-1,-1,-1
2719,42,813.934326171875,649.697265625,-1,-1,1,-1,-1,-1
2719,43,906.5633544921875,634.6754150390625,-1,-1,1,-1,-1,-1
2720,42,842.1448974609375,649.4965209960938,-1,-1,1,-1,-1,-1
2720,43,934.942626953125,634.9389038085938,-1,-1,1,-1,-1,-1
2721,42,870.67822265625,649.5289306640625,-1,-1,1,-1,-1,-1
2722,42,906.1597900390625,649.5281982421875,-1,-1,1,-1,-1,-1
2723,42,941.7698364257812,656.8768310546875,-1,-1,1,-1,-1,-1
2724,42,977.1812744140625,649.659912109375,-1,-1,1,-1,-1,-1
2725,42,1005.6719360351562,649.6032104492188,-1,-1,1,-1,-1,-1
2726,42,1040.975830078125,649.7161865234375,-1,-1,1,-1,-1,-1
2727,42,1076.4688720703125,649.710693359375,-1,-1,1,-1,-1,-1
2728,42,1119.225830078125,649.7564086914062,-1,-1,1,-1,-1,-1
2729,42,1154.840087890625,649.7632446289062,-1,-1,1,-1,-1,-1
2730,42,1190.542236328125,649.7045288085938,-1,-1,1,-1,-1,-1
2731,42,1218.87158203125,649.57568359375,-1,-1,1,-1,-1,-1
2732,42,1254.349853515625,656.8352661132812,-1,-1,1,-1,-1,-1
2733,42,1282.707275390625,656.913818359375,-1,-1,1,-1,-1,-1
2734,42,1318.1494140625,656.757568359375,-1,-1,1,-1,-1,-1
2735,42,1346.664794921875,656.7513427734375,-1,-1,1,-1,-1,-1
2736,42,1382.2354736328125,656.7914428710938,-1,-1,1,-1,-1,-1
2737,42,1417.7100830078125,656.7926025390625,-1,-1,1,-1,-1,-1
2738,42,1453.337158203125,656.86962890625,-1,-1,1,-1,-1,-1
2739,42,1481.7801513671875,656.6979370117188,-1,-1,1,-1,-1,-1
2740,42,1510.08935546875,664.074951171875,-1,-1,1,-1,-1,-1
2741,42,1538.552978515625,664.0443725585938,-1,-1,1,-1,-1,-1
2742,42,1566.9326171875,664.10205078125,-1,-1,1,-1,-1,-1
2743,42,1602.6815185546875,656.6849365234375,-1,-1,1,-1,-1,-1
2744,42,1638.19677734375,656.7637939453125,-1,-1,1,-1,-1,-1
2745,42,1666.443115234375,656.8223876953125,-1,-1,1,-1,-1,-1
2746,42,1702.224853515625,649.4486694335938,-1,-1,1,-1,-1,-1
2747,42,1730.458740234375,649.569580078125,-1,-1,1,-1,-1,-1
2748,42,1766.021484375,649.4121704101562,-1,-1,1,-1,-1,-1
2749,42,1794.36279296875,649.6375732421875,-1,-1,1,-1,-1,-1
2750,42,1829.73486328125,649.5748291015625,-1,-1,1,-1,-1,-1
2751,42,1857.974853515625,649.6380615234375,-1,-1,1,-1,-1,-1
2803,44,529.464599609375,735.997314453125,-1,-1,1,-1,-1,-1
2805,44,571.9935302734375,735.8839111328125,-1,-1,1,-1,-1,-1
2809,44,686.0845947265625,742.851806640625,-1,-1,1,-1,-1,-1
2812,44,764.27001953125,750.0325927734375,-1,-1,1,-1,-1,-1
2813,44,785.5904541015625,749.9789428710938,-1,-1,1,-1,-1,-1
2817,44,906.3845825195312,756.638427734375,-1,-1,1,-1,-1,-1
2818,44,934.797119140625,756.5426025390625,-1,-1,1,-1,-1,-1
2820,44,1012.9488525390625,770.5868530273438,-1,-1,1,-1,-1,-1
2824,44,1169.3577880859375,770.31396484375,-1,-1,1,-1,-1,-1
2828,44,1361.49658203125,756.3685302734375,-1,-1,1,-1,-1,-1
2835,45,1325.5625,720.4451904296875,-1,-1,1,-1,-1,-1
2837,45,1403.93994140625,727.5667724609375,-1,-1,1,-1,-1,-1
2839,45,1496.35986328125,727.5030517578125,-1,-1,1,-1,-1,-1
2840,45,1545.864990234375,720.4586181640625,-1,-1,1,-1,-1,-1
2841,45,1595.639892578125,720.4356689453125,-1,-1,1,-1,-1,-1
2842,45,1645.357421875,720.4380493164062,-1,-1,1,-1,-1,-1
2843,45,1695.3603515625,727.5675048828125,-1,-1,1,-1,-1,-1
2881,46,416.0017395019531,870.2271728515625,-1,-1,1,-1,-1,-1
2886,46,628.5712890625,777.2977294921875,-1,-1,1,-1,-1,-1
2890,46,778.71435546875,898.4949951171875,-1,-1,1,-1,-1,-1
2894,46,949.3917236328125,905.53125,-1,-1,1,-1,-1,-1
2896,46,1048.573486328125,912.77587890625,-1,-1,1,-1,-1,-1
2897,46,1098.32568359375,912.5572509765625,-1,-1,1,-1,-1,-1
2899,46,1197.6463623046875,919.67333984375,-1,-1,1,-1,-1,-1
2900,46,1254.4736328125,919.74267578125,-1,-1,1,-1,-1,-1
2901,46,1311.0567626953125,919.7899780273438,-1,-1,1,-1,-1,-1
2911,47,1020.0255126953125,805.7466430664062,-1,-1,1,-1,-1,-1
2912,47,1062.6337890625,805.796875,-1,-1,1,-1,-1,-1
2913,47,1105.197998046875,805.7484130859375,-1,-1,1,-1,-1,-1
2914,47,1147.903076171875,798.5657958984375,-1,-1,1,-1,-1,-1
2915,47,1190.323974609375,805.6865844726562,-1,-1,1,-1,-1,-1
2918,47,1325.261962890625,805.75390625,-1,-1,1,-1,-1,-1
2919,47,1367.9556884765625,805.77392578125,-1,-1,1,-1,-1,-1
2920,47,1424.74853515625,805.605224609375,-1,-1,1,-1,-1,-1
2921,47,1474.5970458984375,812.652099609375,-1,-1,1,-1,-1,-1
2922,47,1524.480712890625,812.7060546875,-1,-1,1,-1,-1,-1
2923,47,1566.781494140625,812.73388671875,-1,-1,1,-1,-1,-1
2925,47,1673.617919921875,819.7327880859375,-1,-1,1,-1,-1,-1
3013,48,415.7170104980469,585.6043090820312,-1,-1,1,-1,-1,-1
3047,48,1175.72509765625,607.056640625,-1,-1,1,-1,-1,-1
3048,48,1211.495361328125,600.0128173828125,-1,-1,1,-1,-1,-1
3049,48,1253.9892578125,599.9244995117188,-1,-1,1,-1,-1,-1
3050,48,1289.375732421875,599.98388671875,-1,-1,1,-1,-1,-1
3051,48,1332.051513671875,592.8028564453125,-1,-1,1,-1,-1,-1
3052,48,1374.729736328125,585.513916015625,-1,-1,1,-1,-1,-1
3053,48,1417.4298095703125,585.7099609375,-1,-1,1,-1,-1,-1
3054,48,1452.99853515625,578.55908203125,-1,-1,1,-1,-1,-1
3055,48,1495.583740234375,578.5706176757812,-1,-1,1,-1,-1,-1
3056,48,1538.2119140625,578.704345703125,-1,-1,1,-1,-1,-1
3058,48,1630.553466796875,571.4898071289062,-1,-1,1,-1,-1,-1
3059,48,1673.3067626953125,571.6963500976562,-1,-1,1,-1,-1,-1
3142,49,544.1005859375,535.6364135742188,-1,-1,1,-1,-1,-1
3142,50,451.5286865234375,564.3264770507812,-1,-1,1,-1,-1,-1
3143,49,621.9721069335938,564.4573974609375,-1,-1,1,-1,-1,-1
3143,50,564.97509765625,543.17431640625,-1,-1,1,-1,-1,-1
3144,50,593.424560546875,543.0655517578125,-1,-1,1,-1,-1,-1
3145,49,671.5855712890625,564.3623046875,-1,-1,1,-1,-1,-1
3145,50,614.5706787109375,543.0584106445312,-1,-1,1,-1,-1,-1
3146,49,700.1331787109375,564.3980712890625,-1,-1,1,-1,-1,-1
3146,50,636.11083984375,542.90576171875,-1,-1,1,-1,-1,-1
3147,50,664.5673828125,542.9954833984375,-1,-1,1,-1,-1,-1
3148,49,685.8530883789062,542.950439453125,-1,-1,1,-1,-1,-1
3148,50,643.390625,635.81494140625,-1,-1,1,-1,-1,-1
3149,49,671.7294921875,642.866455078125,-1,-1,1,-1,-1,-1
3149,50,621.953857421875,571.511962890625,-1,-1,1,-1,-1,-1
3150,49,728.2896728515625,550.1599731445312,-1,-1,1,-1,-1,-1
3150,50,693.0406494140625,635.6243896484375,-1,-1,1,-1,-1,-1
3152,49,742.600341796875,649.686279296875,-1,-1,1,-1,-1,-1
3152,50,685.8314819335938,578.69677734375,-1,-1,1,-1,-1,-1
3153,49,792.4048461914062,557.1719970703125,-1,-1,1,-1,-1,-1
3154,49,813.6681518554688,564.3602905273438,-1,-1,1,-1,-1,-1
3155,49,799.5481567382812,649.4082641601562,-1,-1,1,-1,-1,-1
3156,50,763.94189453125,585.68994140625,-1,-1,1,-1,-1,-1
3157,49,849.1649780273438,656.8873901367188,-1,-1,1,-1,-1,-1
3158,49,870.449462890625,656.699462890625,-1,-1,1,-1,-1,-1
3158,50,806.4740600585938,592.8473510742188,-1,-1,1,-1,-1,-1
3159,49,891.7380981445312,656.5704956054688,-1,-1,1,-1,-1,-1
3159,50,827.8345947265625,592.8345947265625,-1,-1,1,-1,-1,-1
3160,49,913.1363525390625,656.525390625,-1,-1,1,-1,-1,-1
3161,49,941.6756591796875,656.7603759765625,-1,-1,1,-1,-1,-1
3169,49,1133.548583984375,642.4247436523438,-1,-1,1,-1,-1,-1
3169,50,1034.14794921875,571.5235595703125,-1,-1,1,-1,-1,-1
3172,50,1112.1904296875,571.413330078125,-1,-1,1,-1,-1,-1
3173,50,1140.551025390625,571.4098510742188,-1,-1,1,-1,-1,-1
3175,50,1197.4095458984375,564.24365234375,-1,-1,1,-1,-1,-1
3176,50,1311.0400390625,535.6777954101562,-1,-1,1,-1,-1,-1
3177,49,1332.388427734375,535.8512573242188,-1,-1,1,-1,-1,-1
3177,50,1254.286376953125,564.3243408203125,-1,-1,1,-1,-1,-1
3187,51,415.95684814453125,550.48779296875,-1,-1,1,-1,-1,-1
3188,51,437.30523681640625,550.5804443359375,-1,-1,1,-1,-1,-1
3189,51,458.681396484375,557.6765747070312,-1,-1,1,-1,-1,-1
3190,51,479.8194580078125,557.7732543945312,-1,-1,1,-1,-1,-1
3191,51,508.27862548828125,557.4873657226562,-1,-1,1,-1,-1,-1
3191,52,380.55078125,727.9178466796875,-1,-1,1,-1,-1,-1
3192,51,529.752197265625,557.6270751953125,-1,-1,1,-1,-1,-1
3192,52,416.0049743652344,734.932373046875,-1,-1,1,-1,-1,-1
3193,51,557.9843139648438,557.6325073242188,-1,-1,1,-1,-1,-1
3194,51,586.4739990234375,550.7234497070312,-1,-1,1,-1,-1,-1
3195,51,607.8226318359375,557.8074951171875,-1,-1,1,-1,-1,-1
3195,52,586.4136962890625,827.335693359375,-1,-1,1,-1,-1,-1
3196,51,636.181396484375,557.8446044921875,-1,-1,1,-1,-1,-1
3197,51,657.6402587890625,557.8341674804688,-1,-1,1,-1,-1,-1
3197,52,679.337890625,841.28759765625,-1,-1,1,-1,-1,-1
3198,51,685.9533081054688,550.8687744140625,-1,-1,1,-1,-1,-1
3199,51,714.2669067382812,550.8355712890625,-1,-1,1,-1,-1,-1
3199,52,699.9832763671875,734.937744140625,-1,-1,1,-1,-1,-1
3200,51,742.63720703125,550.7848510742188,-1,-1,1,-1,-1,-1
3200,52,735.5986938476562,741.8840942382812,-1,-1,1,-1,-1,-1
3201,51,757.028076171875,543.788330078125,-1,-1,1,-1,-1,-1
3201,52,771.220458984375,749.09375,-1,-1,1,-1,-1,-1
3202,51,785.1781616210938,550.47021484375,-1,-1,1,-1,-1,-1
3202,52,813.7982177734375,749.08740234375,-1,-1,1,-1,-1,-1
3203,51,799.64794921875,543.832275390625,-1,-1,1,-1,-1,-1
3203,52,849.420654296875,749.02734375,-1,-1,1,-1,-1,-1
3204,51,827.800537109375,550.7340698242188,-1,-1,1,-1,-1,-1
3204,52,892.0211181640625,756.068359375,-1,-1,1,-1,-1,-1
3205,51,849.268798828125,550.5538940429688,-1,-1,1,-1,-1,-1
3205,52,934.8260498046875,756.13525390625,-1,-1,1,-1,-1,-1
3206,51,877.7265625,557.7015991210938,-1,-1,1,-1,-1,-1
3206,52,977.2061767578125,763.202392578125,-1,-1,1,-1,-1,-1
3207,52,1026.9755859375,770.4097900390625,-1,-1,1,-1,-1,-1
3208,52,1069.6612548828125,770.2303466796875,-1,-1,1,-1,-1,-1
3208,53,1297.072021484375,642.99462890625,-1,-1,1,-1,-1,-1
3209,52,1119.68994140625,770.3290405273438,-1,-1,1,-1,-1,-1
3209,53,1332.7353515625,649.961669921875,-1,-1,1,-1,-1,-1
3210,52,1162.2711181640625,770.3388061523438,-1,-1,1,-1,-1,-1
3211,52,1197.5933837890625,763.020263671875,-1,-1,1,-1,-1,-1
3211,53,1403.797607421875,650.3246459960938,-1,-1,1,-1,-1,-1
3212,52,1240.149169921875,763.0855712890625,-1,-1,1,-1,-1,-1
3212,53,1432.1055908203125,650.13037109375,-1,-1,1,-1,-1,-1
3213,52,1282.8294677734375,763.129638671875,-1,-1,1,-1,-1,-1
3213,53,1467.55029296875,657.4703979492188,-1,-1,1,-1,-1,-1
3214,52,1332.4237060546875,763.2413330078125,-1,-1,1,-1,-1,-1
3214,53,1488.96923828125,650.100341796875,-1,-1,1,-1,-1,-1
3215,52,1375.1395263671875,763.2259521484375,-1,-1,1,-1,-1,-1
3215,53,1538.3046875,650.0921630859375,-1,-1,1,-1,-1,-1
3216,52,1417.78369140625,763.2705078125,-1,-1,1,-1,-1,-1
3217,53,1602.312255859375,650.33642578125,-1,-1,1,-1,-1,-1
3219,53,1687.931396484375,650.24853515625,-1,-1,1,-1,-1,-1
3219,54,394.39593505859375,599.9279174804688,-1,-1,1,-1,-1,-1
3220,53,1716.3114013671875,650.2823486328125,-1,-1,1,-1,-1,-1
3220,54,422.7861633300781,607.1453857421875,-1,-1,1,-1,-1,-1
3221,54,458.43829345703125,600.2127075195312,-1,-1,1,-1,-1,-1
3222,54,493.95318603515625,600.0816650390625,-1,-1,1,-1,-1,-1
3223,51,1290.08837890625,564.7676391601562,-1,-1,1,-1,-1,-1
3225,54,621.795654296875,585.8433227539062,-1,-1,1,-1,-1,-1
3226,51,1424.96142578125,557.2798461914062,-1,-1,1,-1,-1,-1
3227,54,721.21875,585.828369140625,-1,-1,1,-1,-1,-1
3228,54,771.0441284179688,578.6832275390625,-1,-1,1,-1,-1,-1
3229,51,1538.4091796875,543.0008544921875,-1,-1,1,-1,-1,-1
3235,54,1048.0838623046875,614.455810546875,-1,-1,1,-1,-1,-1
3236,54,1098.05810546875,607.1649169921875,-1,-1,1,-1,-1,-1
3237,54,1154.60986328125,607.2105712890625,-1,-1,1,-1,-1,-1
3238,54,1204.565673828125,600.170654296875,-1,-1,1,-1,-1,-1
3239,54,1254.43798828125,600.1393432617188,-1,-1,1,-1,-1,-1
3240,54,1311.357421875,592.8540649414062,-1,-1,1,-1,-1,-1
3241,54,1361.0078125,592.9141845703125,-1,-1,1,-1,-1,-1
3242,54,1410.765869140625,585.7789306640625,-1,-1,1,-1,-1,-1
3247,54,1694.54296875,543.1090698242188,-1,-1,1,-1,-1,-1
3386,55,67.8719253540039,642.86572265625,-1,-1,1,-1,-1,-1
3387,55,88.9758071899414,642.8431396484375,-1,-1,1,-1,-1,-1
3388,55,117.2418212890625,649.8748779296875,-1,-1,1,-1,-1,-1
3389,55,152.78533935546875,649.93505859375,-1,-1,1,-1,-1,-1
3390,55,152.75448608398438,649.9658203125,-1,-1,1,-1,-1,-1
3394,55,309.34539794921875,649.8175659179688,-1,-1,1,-1,-1,-1
3395,55,337.7502136230469,649.85107421875,-1,-1,1,-1,-1,-1
3396,55,366.0452880859375,649.8340454101562,-1,-1,1,-1,-1,-1
3397,55,401.75640869140625,649.5975341796875,-1,-1,1,-1,-1,-1
3397,56,366.1815185546875,649.9068603515625,-1,-1,1,-1,-1,-1
3398,55,430.2811279296875,642.4481811523438,-1,-1,1,-1,-1,-1
3399,55,465.6724853515625,649.4713134765625,-1,-1,1,-1,-1,-1
3400,55,494.00396728515625,649.6475219726562,-1,-1,1,-1,-1,-1
3401,55,522.3848876953125,649.7586059570312,-1,-1,1,-1,-1,-1
3402,55,558.0948486328125,649.6302490234375,-1,-1,1,-1,-1,-1
3403,55,586.6044311523438,649.590087890625,-1,-1,1,-1,-1,-1
3404,55,614.7805786132812,642.6842041015625,-1,-1,1,-1,-1,-1
3405,55,650.4771728515625,649.8048706054688,-1,-1,1,-1,-1,-1
3406,55,678.4501953125,642.823486328125,-1,-1,1,-1,-1,-1
3407,55,714.15185546875,642.80029296875,-1,-1,1,-1,-1,-1
3407,56,587.2611083984375,721.1098022460938,-1,-1,1,-1,-1,-1
3408,55,742.3052978515625,642.8229370117188,-1,-1,1,-1,-1,-1
3409,55,770.73095703125,635.7568359375,-1,-1,1,-1,-1,-1
3409,56,665.8072509765625,720.2664794921875,-1,-1,1,-1,-1,-1
3410,55,806.182373046875,635.6378173828125,-1,-1,1,-1,-1,-1
3411,55,834.6922607421875,628.5982055664062,-1,-1,1,-1,-1,-1
3412,55,863.0845947265625,628.556884765625,-1,-1,1,-1,-1,-1
3413,55,891.484619140625,628.5855102539062,-1,-1,1,-1,-1,-1
3414,55,919.708251953125,628.6439819335938,-1,-1,1,-1,-1,-1
3415,55,948.161376953125,628.7122802734375,-1,-1,1,-1,-1,-1
3416,55,976.5838623046875,628.614013671875,-1,-1,1,-1,-1,-1
3417,55,997.7960205078125,628.7161865234375,-1,-1,1,-1,-1,-1
3418,55,1019.3487548828125,635.7167358398438,-1,-1,1,-1,-1,-1
3419,55,1040.721923828125,635.76220703125,-1,-1,1,-1,-1,-1
3419,56,1019.6680297851562,635.7318115234375,-1,-1,1,-1,-1,-1
3420,55,1069.074951171875,635.9550170898438,-1,-1,1,-1,-1,-1
3420,56,1040.9564208984375,635.8689575195312,-1,-1,1,-1,-1,-1
3421,56,1069.447998046875,649.913818359375,-1,-1,1,-1,-1,-1
3422,56,1090.9561767578125,670.9197387695312,-1,-1,1,-1,-1,-1
3423,56,1119.40380859375,670.8181762695312,-1,-1,1,-1,-1,-1
3424,56,1147.8822021484375,670.887451171875,-1,-1,1,-1,-1,-1
3425,56,1162.328369140625,670.649169921875,-1,-1,1,-1,-1,-1
3426,56,1197.35986328125,663.7730712890625,-1,-1,1,-1,-1,-1
3427,56,1225.8070068359375,656.7875366210938,-1,-1,1,-1,-1,-1
3428,56,1254.177490234375,656.6837768554688,-1,-1,1,-1,-1,-1
3429,56,1282.7392578125,656.9310913085938,-1,-1,1,-1,-1,-1
3430,56,1325.710693359375,663.4136962890625,-1,-1,1,-1,-1,-1
3431,56,1382.373779296875,649.806396484375,-1,-1,1,-1,-1,-1
3433,56,1474.802001953125,656.5584106445312,-1,-1,1,-1,-1,-1
3435,56,1567.471435546875,649.4044799804688,-1,-1,1,-1,-1,-1
3436,57,1020.606201171875,777.455078125,-1,-1,1,-1,-1,-1
3437,57,1077.256103515625,756.049072265625,-1,-1,1,-1,-1,-1
3438,57,1134.01220703125,749.0628662109375,-1,-1,1,-1,-1,-1
3439,57,1183.3095703125,742.1310424804688,-1,-1,1,-1,-1,-1
3440,57,1240.1221923828125,735.0654296875,-1,-1,1,-1,-1,-1
3441,56,1801.693603515625,557.700927734375,-1,-1,1,-1,-1,-1
3441,57,1296.958251953125,735.2808837890625,-1,-1,1,-1,-1,-1
3442,56,1830.354736328125,542.98828125,-1,-1,1,-1,-1,-1
3442,57,1353.73486328125,735.1932373046875,-1,-1,1,-1,-1,-1
3443,56,1850.938232421875,536.188232421875,-1,-1,1,-1,-1,-1
3443,57,1410.798095703125,728.039794921875,-1,-1,1,-1,-1,-1
3456,58,387.551025390625,635.263916015625,-1,-1,1,-1,-1,-1
3458,58,458.7293701171875,628.419677734375,-1,-1,1,-1,-1,-1
3459,58,494.09820556640625,628.2542724609375,-1,-1,1,-1,-1,-1
3460,58,522.5794067382812,621.32861328125,-1,-1,1,-1,-1,-1
3461,58,558.18798828125,621.15673828125,-1,-1,1,-1,-1,-1
3462,58,586.5106201171875,614.1806640625,-1,-1,1,-1,-1,-1
3463,58,614.9857788085938,614.1256713867188,-1,-1,1,-1,-1,-1
3464,58,650.5035400390625,607.203369140625,-1,-1,1,-1,-1,-1
3465,58,671.686279296875,607.0899047851562,-1,-1,1,-1,-1,-1
3466,58,700.0906982421875,606.8887329101562,-1,-1,1,-1,-1,-1
3467,58,728.7684326171875,600.0197143554688,-1,-1,1,-1,-1,-1
3468,58,764.2965087890625,592.883056640625,-1,-1,1,-1,-1,-1
3469,58,792.7150268554688,592.8953247070312,-1,-1,1,-1,-1,-1
3470,58,821.112548828125,592.7740478515625,-1,-1,1,-1,-1,-1
3472,58,877.9437866210938,585.8349609375,-1,-1,1,-1,-1,-1
3473,58,906.457275390625,585.7618408203125,-1,-1,1,-1,-1,-1
3474,58,934.8140869140625,585.5943603515625,-1,-1,1,-1,-1,-1
3475,58,963.3024291992188,578.680419921875,-1,-1,1,-1,-1,-1
3480,58,1098.174072265625,578.5877075195312,-1,-1,1,-1,-1,-1
3481,58,1126.5511474609375,571.6913452148438,-1,-1,1,-1,-1,-1
3482,58,1155.041748046875,571.6468505859375,-1,-1,1,-1,-1,-1
3483,58,1176.438720703125,571.67578125,-1,-1,1,-1,-1,-1
3484,58,1204.91796875,564.56640625,-1,-1,1,-1,-1,-1
3485,58,1233.2138671875,564.5510864257812,-1,-1,1,-1,-1,-1
3486,58,1254.51708984375,564.3783569335938,-1,-1,1,-1,-1,-1
3487,58,1282.909423828125,564.318603515625,-1,-1,1,-1,-1,-1
3488,58,1304.40380859375,564.4224243164062,-1,-1,1,-1,-1,-1
3489,58,1332.613525390625,557.5773315429688,-1,-1,1,-1,-1,-1
3491,58,1382.401611328125,564.5382080078125,-1,-1,1,-1,-1,-1
3526,59,536.8209228515625,713.66943359375,-1,-1,1,-1,-1,-1
3527,59,558.0907592773438,713.8276977539062,-1,-1,1,-1,-1,-1
3529,59,615.0652465820312,706.365478515625,-1,-1,1,-1,-1,-1
3530,59,636.6146240234375,699.374755859375,-1,-1,1,-1,-1,-1
3531,59,664.65966796875,699.343994140625,-1,-1,1,-1,-1,-1
3532,59,700.214111328125,692.0966796875,-1,-1,1,-1,-1,-1
3533,59,728.57275390625,692.2882080078125,-1,-1,1,-1,-1,-1
3534,59,757.1430053710938,692.155517578125,-1,-1,1,-1,-1,-1
3535,59,792.6019287109375,692.0637817382812,-1,-1,1,-1,-1,-1
3536,59,828.2200927734375,691.911865234375,-1,-1,1,-1,-1,-1
3537,59,863.7494506835938,691.8610229492188,-1,-1,1,-1,-1,-1
3538,59,899.22607421875,691.9786376953125,-1,-1,1,-1,-1,-1
3540,59,963.1644287109375,691.935302734375,-1,-1,1,-1,-1,-1
3545,59,1154.59033203125,692.2267456054688,-1,-1,1,-1,-1,-1
3548,59,1275.4644775390625,691.9955444335938,-1,-1,1,-1,-1,-1
3549,59,1311.096435546875,706.46728515625,-1,-1,1,-1,-1,-1
3553,59,1503.0731201171875,727.9456787109375,-1,-1,1,-1,-1,-1
3658,60,245.64349365234375,550.0657958984375,-1,-1,1,-1,-1,-1
3659,60,274.0550842285156,550.123046875,-1,-1,1,-1,-1,-1
3660,60,302.44140625,550.0973510742188,-1,-1,1,-1,-1,-1
3661,60,330.84588623046875,542.6875,-1,-1,1,-1,-1,-1
3662,60,366.3271789550781,550.0413818359375,-1,-1,1,-1,-1,-1
3663,60,394.75054931640625,542.7303466796875,-1,-1,1,-1,-1,-1
3664,60,423.05645751953125,542.537353515625,-1,-1,1,-1,-1,-1
3665,60,458.71441650390625,542.7147216796875,-1,-1,1,-1,-1,-1
3666,60,487.03173828125,550.036376953125,-1,-1,1,-1,-1,-1
3667,60,515.6466674804688,550.0989990234375,-1,-1,1,-1,-1,-1
3668,60,551.2664184570312,550.0415649414062,-1,-1,1,-1,-1,-1
3669,60,586.7066650390625,550.0721435546875,-1,-1,1,-1,-1,-1
3670,60,608.1007080078125,550.1806640625,-1,-1,1,-1,-1,-1
3671,60,636.4674072265625,550.0173950195312,-1,-1,1,-1,-1,-1
3672,60,664.8360595703125,549.946533203125,-1,-1,1,-1,-1,-1
3673,60,700.482421875,549.8883056640625,-1,-1,1,-1,-1,-1
3675,60,757.063720703125,549.8184814453125,-1,-1,1,-1,-1,-1
3676,60,785.31640625,557.140625,-1,-1,1,-1,-1,-1
3677,60,813.9161987304688,556.9395751953125,-1,-1,1,-1,-1,-1
3678,60,842.4859619140625,563.959228515625,-1,-1,1,-1,-1,-1
3679,60,870.5519409179688,571.2716064453125,-1,-1,1,-1,-1,-1
3682,60,948.701171875,585.611572265625,-1,-1,1,-1,-1,-1
3685,60,1048.4720458984375,585.50146484375,-1,-1,1,-1,-1,-1
3686,60,1076.7479248046875,592.6488037109375,-1,-1,1,-1,-1,-1
3687,60,1112.21923828125,592.6519165039062,-1,-1,1,-1,-1,-1
3688,60,1140.719482421875,599.84912109375,-1,-1,1,-1,-1,-1
3689,60,1176.286865234375,599.8387451171875,-1,-1,1,-1,-1,-1
3690,61,408.4703369140625,671.31103515625,-1,-1,1,-1,-1,-1
3691,60,1247.371826171875,599.69140625,-1,-1,1,-1,-1,-1
3692,61,458.1844787597656,678.2887573242188,-1,-1,1,-1,-1,-1
3693,60,1318.7923583984375,606.8102416992188,-1,-1,1,-1,-1,-1
3693,61,493.62017822265625,678.3280639648438,-1,-1,1,-1,-1,-1
3694,60,1354.164794921875,614.043701171875,-1,-1,1,-1,-1,-1
3694,61,529.2269897460938,678.432373046875,-1,-1,1,-1,-1,-1
3694,62,238.2882843017578,599.6326293945312,-1,-1,1,-1,-1,-1
3695,60,1389.79052734375,613.9229736328125,-1,-1,1,-1,-1,-1
3695,61,557.44775390625,678.4158325195312,-1,-1,1,-1,-1,-1
3696,60,1425.27783203125,613.8121337890625,-1,-1,1,-1,-1,-1
3696,61,585.8671875,678.485107421875,-1,-1,1,-1,-1,-1
3696,62,295.1868896484375,614.041015625,-1,-1,1,-1,-1,-1
3697,60,1467.90478515625,621.1202392578125,-1,-1,1,-1,-1,-1
3697,61,607.2315063476562,685.5501708984375,-1,-1,1,-1,-1,-1
3697,62,323.58819580078125,614.0853271484375,-1,-1,1,-1,-1,-1
3698,60,1503.4400634765625,620.9249267578125,-1,-1,1,-1,-1,-1
3698,61,635.6609497070312,685.4603271484375,-1,-1,1,-1,-1,-1
3698,62,358.8453369140625,614.259521484375,-1,-1,1,-1,-1,-1
3699,60,1538.8406982421875,628.1055297851562,-1,-1,1,-1,-1,-1
3699,61,664.1392211914062,685.52001953125,-1,-1,1,-1,-1,-1
3699,62,380.3250732421875,621.100830078125,-1,-1,1,-1,-1,-1
3700,60,1574.61181640625,628.2027587890625,-1,-1,1,-1,-1,-1
3700,61,685.4163818359375,692.4373779296875,-1,-1,1,-1,-1,-1
3700,62,408.8150634765625,614.1626586914062,-1,-1,1,-1,-1,-1
3701,60,1609.935791015625,635.5551147460938,-1,-1,1,-1,-1,-1
3701,61,706.8983154296875,692.4754638671875,-1,-1,1,-1,-1,-1
3702,60,1645.387939453125,635.2660522460938,-1,-1,1,-1,-1,-1
3702,61,735.2293701171875,699.5953369140625,-1,-1,1,-1,-1,-1
3702,62,458.42584228515625,621.300048828125,-1,-1,1,-1,-1,-1
3703,60,1688.08154296875,635.0980834960938,-1,-1,1,-1,-1,-1
3703,61,763.71484375,699.7451782226562,-1,-1,1,-1,-1,-1
3703,62,486.7191162109375,621.304443359375,-1,-1,1,-1,-1,-1
3704,60,1716.3330078125,642.3194580078125,-1,-1,1,-1,-1,-1
3704,61,785.1026000976562,706.8168334960938,-1,-1,1,-1,-1,-1
3704,62,508.05914306640625,628.331298828125,-1,-1,1,-1,-1,-1
3705,60,1751.9830322265625,642.211181640625,-1,-1,1,-1,-1,-1
3705,61,806.2784423828125,713.8951416015625,-1,-1,1,-1,-1,-1
3705,62,529.3771362304688,635.269775390625,-1,-1,1,-1,-1,-1
3706,60,1787.381591796875,642.22509765625,-1,-1,1,-1,-1,-1
3706,61,827.73291015625,713.9764404296875,-1,-1,1,-1,-1,-1
3706,62,550.9532470703125,642.53857421875,-1,-1,1,-1,-1,-1
3707,60,1830.1015625,649.4369506835938,-1,-1,1,-1,-1,-1
3707,61,856.145751953125,720.847900390625,-1,-1,1,-1,-1,-1
3707,62,571.89013671875,642.45654296875,-1,-1,1,-1,-1,-1
3708,61,877.423828125,728.1273193359375,-1,-1,1,-1,-1,-1
3708,62,593.401611328125,649.5933837890625,-1,-1,1,-1,-1,-1
3709,61,891.59130859375,735.0665283203125,-1,-1,1,-1,-1,-1
3709,62,614.8187255859375,656.6443481445312,-1,-1,1,-1,-1,-1
3710,61,920.0767211914062,735.1201171875,-1,-1,1,-1,-1,-1
3710,62,636.26025390625,663.839111328125,-1,-1,1,-1,-1,-1
3711,61,941.447021484375,742.2403564453125,-1,-1,1,-1,-1,-1
3711,62,657.4940185546875,663.6649780273438,-1,-1,1,-1,-1,-1
3712,61,962.8265380859375,742.201416015625,-1,-1,1,-1,-1,-1
3712,62,678.77001953125,670.7340087890625,-1,-1,1,-1,-1,-1
3713,61,991.21923828125,749.3090209960938,-1,-1,1,-1,-1,-1
3713,62,692.9649047851562,670.686767578125,-1,-1,1,-1,-1,-1
3714,61,956.4011840820312,770.7607421875,-1,-1,1,-1,-1,-1
3714,62,714.251953125,670.8012084960938,-1,-1,1,-1,-1,-1
3715,61,984.6375732421875,770.7186279296875,-1,-1,1,-1,-1,-1
3715,62,728.6098022460938,670.6620483398438,-1,-1,1,-1,-1,-1
3716,61,998.8827514648438,763.7051391601562,-1,-1,1,-1,-1,-1
3716,62,749.7594604492188,670.6417236328125,-1,-1,1,-1,-1,-1
3717,61,1027.1513671875,763.648193359375,-1,-1,1,-1,-1,-1
3717,62,771.05810546875,670.693115234375,-1,-1,1,-1,-1,-1
3718,61,1048.489013671875,763.486572265625,-1,-1,1,-1,-1,-1
3718,62,785.4666748046875,670.8419189453125,-1,-1,1,-1,-1,-1
3719,61,1069.7855224609375,763.5413818359375,-1,-1,1,-1,-1,-1
3719,62,806.6761474609375,663.7048950195312,-1,-1,1,-1,-1,-1
3720,61,1084.2939453125,763.5960083007812,-1,-1,1,-1,-1,-1
3720,62,827.96728515625,663.6708984375,-1,-1,1,-1,-1,-1
3721,61,1154.584716796875,742.262451171875,-1,-1,1,-1,-1,-1
3721,62,842.2108764648438,663.588134765625,-1,-1,1,-1,-1,-1
3722,61,1176.02197265625,735.1192626953125,-1,-1,1,-1,-1,-1
3722,62,863.5631103515625,663.5202026367188,-1,-1,1,-1,-1,-1
3723,61,1197.22216796875,735.0958251953125,-1,-1,1,-1,-1,-1
3723,62,884.8754272460938,663.6190795898438,-1,-1,1,-1,-1,-1
3724,61,1225.546630859375,735.2237548828125,-1,-1,1,-1,-1,-1
3724,62,906.29931640625,663.4977416992188,-1,-1,1,-1,-1,-1
3725,61,1239.79296875,735.0529174804688,-1,-1,1,-1,-1,-1
3725,62,927.5582275390625,656.463623046875,-1,-1,1,-1,-1,-1
3726,61,1261.2022705078125,734.94189453125,-1,-1,1,-1,-1,-1
3726,62,948.7877197265625,656.455078125,-1,-1,1,-1,-1,-1
3727,62,970.2960205078125,656.429931640625,-1,-1,1,-1,-1,-1
3728,61,1310.939697265625,727.9925537109375,-1,-1,1,-1,-1,-1
3728,62,991.5706787109375,656.4332275390625,-1,-1,1,-1,-1,-1
3729,61,1339.438232421875,727.9969482421875,-1,-1,1,-1,-1,-1
3729,62,1012.8818969726562,656.474365234375,-1,-1,1,-1,-1,-1
3730,61,1360.838623046875,728.000244140625,-1,-1,1,-1,-1,-1
3730,62,1041.19384765625,649.4683837890625,-1,-1,1,-1,-1,-1
3731,61,1389.1826171875,727.8547973632812,-1,-1,1,-1,-1,-1
3731,62,1062.64990234375,649.5306396484375,-1,-1,1,-1,-1,-1
3732,61,1417.5355224609375,728.104736328125,-1,-1,1,-1,-1,-1
3732,62,1091.052734375,649.5327758789062,-1,-1,1,-1,-1,-1
3733,61,1445.990966796875,727.8843383789062,-1,-1,1,-1,-1,-1
3733,62,1112.44140625,649.5025634765625,-1,-1,1,-1,-1,-1
3734,61,1467.350341796875,727.9287109375,-1,-1,1,-1,-1,-1
3734,62,1133.7420654296875,649.4208984375,-1,-1,1,-1,-1,-1
3735,61,1495.902099609375,727.89892578125,-1,-1,1,-1,-1,-1
3735,62,1162.204833984375,649.531494140625,-1,-1,1,-1,-1,-1
3736,61,1524.31787109375,727.8309326171875,-1,-1,1,-1,-1,-1
3736,62,1183.4632568359375,649.4358520507812,-1,-1,1,-1,-1,-1
3737,61,1545.73583984375,727.77783203125,-1,-1,1,-1,-1,-1
3737,62,1204.869873046875,649.343505859375,-1,-1,1,-1,-1,-1
3738,61,1574.2080078125,727.813720703125,-1,-1,1,-1,-1,-1
3738,62,1226.208251953125,649.3776245117188,-1,-1,1,-1,-1,-1
3739,61,1595.463134765625,727.91552734375,-1,-1,1,-1,-1,-1
3739,62,1254.6492919921875,642.3380126953125,-1,-1,1,-1,-1,-1
3740,61,1630.751708984375,727.9373779296875,-1,-1,1,-1,-1,-1
3740,62,1275.8194580078125,649.381591796875,-1,-1,1,-1,-1,-1
3741,61,1659.0987548828125,727.9892578125,-1,-1,1,-1,-1,-1
3741,62,1297.1463623046875,642.388427734375,-1,-1,1,-1,-1,-1
3742,61,1680.2496337890625,727.9013061523438,-1,-1,1,-1,-1,-1
3742,62,1318.443359375,642.3515625,-1,-1,1,-1,-1,-1
3743,61,1708.96484375,720.5167236328125,-1,-1,1,-1,-1,-1
3743,62,1339.8043212890625,642.37353515625,-1,-1,1,-1,-1,-1
3744,61,1737.282470703125,720.6005859375,-1,-1,1,-1,-1,-1
3744,62,1368.381103515625,635.2410278320312,-1,-1,1,-1,-1,-1
3745,61,1765.649169921875,720.738037109375,-1,-1,1,-1,-1,-1
3745,62,1389.603271484375,635.24853515625,-1,-1,1,-1,-1,-1
3746,61,1787.1912841796875,713.5923461914062,-1,-1,1,-1,-1,-1
3746,62,1410.8482666015625,635.4418334960938,-1,-1,1,-1,-1,-1
3747,61,1815.5028076171875,713.6966552734375,-1,-1,1,-1,-1,-1
3747,62,1432.23046875,628.174560546875,-1,-1,1,-1,-1,-1
3748,61,1844.1099853515625,713.43896484375,-1,-1,1,-1,-1,-1
3748,62,1453.5404052734375,620.963134765625,-1,-1,1,-1,-1,-1
3749,61,1865.5726318359375,713.3836059570312,-1,-1,1,-1,-1,-1
3749,62,1474.8408203125,621.017578125,-1,-1,1,-1,-1,-1
3750,61,1879.67919921875,706.294677734375,-1,-1,1,-1,-1,-1
3750,62,1496.201416015625,621.1588745117188,-1,-1,1,-1,-1,-1
3751,62,1517.4886474609375,620.87451171875,-1,-1,1,-1,-1,-1
3752,62,1538.640380859375,620.9133911132812,-1,-1,1,-1,-1,-1
3753,62,1559.97412109375,620.997802734375,-1,-1,1,-1,-1,-1
3754,62,1581.1495361328125,621.0535278320312,-1,-1,1,-1,-1,-1
3755,62,1602.515380859375,621.081298828125,-1,-1,1,-1,-1,-1
3756,62,1630.9422607421875,621.1195678710938,-1,-1,1,-1,-1,-1
3757,62,1659.276611328125,621.2079467773438,-1,-1,1,-1,-1,-1
3758,62,1680.6202392578125,621.19970703125,-1,-1,1,-1,-1,-1
3759,62,1701.96044921875,621.1185302734375,-1,-1,1,-1,-1,-1
3760,62,1730.259521484375,621.1708984375,-1,-1,1,-1,-1,-1
3796,63,67.82012939453125,316.09613037109375,-1,-1,1,-1,-1,-1
3797,63,117.87457275390625,323.050048828125,-1,-1,1,-1,-1,-1
3798,63,167.4790802001953,336.9811706542969,-1,-1,1,-1,-1,-1
3799,63,210.46829223632812,336.8370361328125,-1,-1,1,-1,-1,-1
3800,63,245.76400756835938,351.20794677734375,-1,-1,1,-1,-1,-1
3801,63,288.31658935546875,351.2774658203125,-1,-1,1,-1,-1,-1
3802,63,338.0703125,358.34918212890625,-1,-1,1,-1,-1,-1
3803,63,380.5126037597656,365.4539794921875,-1,-1,1,-1,-1,-1
3804,63,415.72296142578125,372.551025390625,-1,-1,1,-1,-1,-1
3805,63,458.7220458984375,386.68060302734375,-1,-1,1,-1,-1,-1
3806,63,487.2034912109375,393.624267578125,-1,-1,1,-1,-1,-1
3807,63,522.7118530273438,400.81280517578125,-1,-1,1,-1,-1,-1
3808,63,558.0556030273438,408.1170349121094,-1,-1,1,-1,-1,-1
3809,63,586.575439453125,407.81982421875,-1,-1,1,-1,-1,-1
3810,63,608.0348510742188,429.2698059082031,-1,-1,1,-1,-1,-1
3811,63,636.6771240234375,443.5005798339844,-1,-1,1,-1,-1,-1
3812,63,657.7371826171875,450.528076171875,-1,-1,1,-1,-1,-1
3813,63,679.041748046875,457.87725830078125,-1,-1,1,-1,-1,-1
3814,63,700.23388671875,472.01605224609375,-1,-1,1,-1,-1,-1
3815,63,721.8187866210938,479.1134338378906,-1,-1,1,-1,-1,-1
3816,63,742.8206176757812,493.3206787109375,-1,-1,1,-1,-1,-1
3817,63,764.26025390625,507.70794677734375,-1,-1,1,-1,-1,-1
3818,63,785.80810546875,507.3836669921875,-1,-1,1,-1,-1,-1
3819,63,814.07861328125,514.6943969726562,-1,-1,1,-1,-1,-1
3820,63,828.2921142578125,528.7880249023438,-1,-1,1,-1,-1,-1
3821,63,842.7560424804688,535.6782836914062,-1,-1,1,-1,-1,-1
3822,63,856.6103515625,542.8594970703125,-1,-1,1,-1,-1,-1
