2,1,956.204345703125,536.1006469726562,-1,-1,1,-1,-1,-1
4,1,878.0205078125,528.8759765625,-1,-1,1,-1,-1,-1
5,1,842.49951171875,528.9750366210938,-1,-1,1,-1,-1,-1
7,1,785.64501953125,536.079833984375,-1,-1,1,-1,-1,-1
8,1,750.2731323242188,536.33984375,-1,-1,1,-1,-1,-1
9,1,721.750244140625,536.4005737304688,-1,-1,1,-1,-1,-1
12,1,601.160888671875,543.5220947265625,-1,-1,1,-1,-1,-1
13,1,551.5068359375,543.5033569335938,-1,-1,1,-1,-1,-1
14,1,501.48406982421875,543.3602905273438,-1,-1,1,-1,-1,-1
15,1,459.0404052734375,543.29638671875,-1,-1,1,-1,-1,-1
16,1,409.4769592285156,536.2356567382812,-1,-1,1,-1,-1,-1
17,1,359.6622314453125,536.3028564453125,-1,-1,1,-1,-1,-1
19,1,267.1551208496094,529.0408935546875,-1,-1,1,-1,-1,-1
20,1,224.59295654296875,528.8262939453125,-1,-1,1,-1,-1,-1
173,2,557.9457397460938,671.351318359375,-1,-1,1,-1,-1,-1
186,2,430.0113525390625,557.91748046875,-1,-1,1,-1,-1,-1
189,2,429.83343505859375,543.758544921875,-1,-1,1,-1,-1,-1
192,2,422.62518310546875,536.572021484375,-1,-1,1,-1,-1,-1
194,2,415.4622802734375,536.6084594726562,-1,-1,1,-1,-1,-1
195,2,415.8438415527344,536.27783203125,-1,-1,1,-1,-1,-1
196,2,408.540771484375,536.3987426757812,-1,-1,1,-1,-1,-1
197,2,408.60552978515625,529.211181640625,-1,-1,1,-1,-1,-1
198,2,408.57183837890625,522.1572265625,-1,-1,1,-1,-1,-1
199,2,401.36627197265625,529.2630615234375,-1,-1,1,-1,-1,-1
200,2,408.70660400390625,529.1749267578125,-1,-1,1,-1,-1,-1
201,2,401.3848571777344,536.45458984375,-1,-1,1,-1,-1,-1
201,3,1197.5296630859375,642.5947265625,-1,-1,1,-1,-1,-1
202,2,401.4400634765625,536.5358276367188,-1,-1,1,-1,-1,-1
203,2,401.62188720703125,536.3983764648438,-1,-1,1,-1,-1,-1
204,2,394.4549865722656,543.611572265625,-1,-1,1,-1,-1,-1
205,2,380.0975036621094,557.8695068359375,-1,-1,1,-1,-1,-1
206,2,380.3099670410156,550.7896728515625,-1,-1,1,-1,-1,-1
211,3,1183.069091796875,685.478515625,-1,-1,1,-1,-1,-1
212,3,1176.06787109375,685.10498046875,-1,-1,1,-1,-1,-1
214,3,1161.92041015625,692.51953125,-1,-1,1,-1,-1,-1
224,3,1090.908935546875,713.6323852539062,-1,-1,1,-1,-1,-1
225,3,1076.767822265625,720.67138671875,-1,-1,1,-1,-1,-1
226,3,1069.57568359375,713.7354736328125,-1,-1,1,-1,-1,-1
228,3,1048.1455078125,713.6844482421875,-1,-1,1,-1,-1,-1
229,3,1041.05126953125,713.679931640625,-1,-1,1,-1,-1,-1
230,3,1026.863525390625,713.7657470703125,-1,-1,1,-1,-1,-1
231,3,1019.83984375,713.8482666015625,-1,-1,1,-1,-1,-1
232,3,1012.5953979492188,706.7376098632812,-1,-1,1,-1,-1,-1
233,3,1005.659912109375,713.670166015625,-1,-1,1,-1,-1,-1
234,3,991.61181640625,713.8275146484375,-1,-1,1,-1,-1,-1
235,3,984.3488159179688,713.6522216796875,-1,-1,1,-1,-1,-1
236,3,970.1452026367188,713.6036376953125,-1,-1,1,-1,-1,-1
237,3,955.9113159179688,713.68701171875,-1,-1,1,-1,-1,-1
238,3,941.7872314453125,720.7801513671875,-1,-1,1,-1,-1,-1
239,3,927.5382080078125,727.86376953125,-1,-1,1,-1,-1,-1
240,3,913.2579345703125,727.6485595703125,-1,-1,1,-1,-1,-1
242,3,877.7708740234375,727.7431640625,-1,-1,1,-1,-1,-1
243,3,863.4605102539062,713.8676147460938,-1,-1,1,-1,-1,-1
245,3,827.8983154296875,706.6708984375,-1,-1,1,-1,-1,-1
247,3,792.322021484375,706.568603515625,-1,-1,1,-1,-1,-1
248,3,771.12109375,713.9107666015625,-1,-1,1,-1,-1,-1
249,3,749.8826904296875,713.8692016601562,-1,-1,1,-1,-1,-1
251,3,714.344970703125,713.8480224609375,-1,-1,1,-1,-1,-1
252,3,699.9288330078125,706.5858764648438,-1,-1,1,-1,-1,-1
253,3,678.84375,713.8540649414062,-1,-1,1,-1,-1,-1
254,3,657.5848388671875,713.8660888671875,-1,-1,1,-1,-1,-1
255,3,643.2540283203125,706.8128051757812,-1,-1,1,-1,-1,-1
256,3,621.998779296875,713.81396484375,-1,-1,1,-1,-1,-1
257,3,600.8272705078125,706.7366943359375,-1,-1,1,-1,-1,-1
258,3,586.3639526367188,699.6094970703125,-1,-1,1,-1,-1,-1
259,3,565.1251220703125,699.6126098632812,-1,-1,1,-1,-1,-1
357,4,707.415771484375,770.4078369140625,-1,-1,1,-1,-1,-1
360,4,629.0496826171875,770.3495483398438,-1,-1,1,-1,-1,-1
361,4,607.8561401367188,777.6199340820312,-1,-1,1,-1,-1,-1
362,4,579.53662109375,777.491943359375,-1,-1,1,-1,-1,-1
363,4,550.8922119140625,777.48388671875,-1,-1,1,-1,-1,-1
364,4,529.540283203125,784.7161865234375,-1,-1,1,-1,-1,-1
365,4,501.07574462890625,784.6558837890625,-1,-1,1,-1,-1,-1
366,4,479.88482666015625,791.9009399414062,-1,-1,1,-1,-1,-1
367,4,451.5074462890625,798.9232788085938,-1,-1,1,-1,-1,-1
368,4,422.9912414550781,806.108642578125,-1,-1,1,-1,-1,-1
369,4,387.5483703613281,805.7487182617188,-1,-1,1,-1,-1,-1
370,4,359.0035400390625,813.0310668945312,-1,-1,1,-1,-1,-1
371,4,330.6246337890625,813.0569458007812,-1,-1,1,-1,-1,-1
372,4,295.02410888671875,820.221923828125,-1,-1,1,-1,-1,-1
373,4,259.37652587890625,820.1627197265625,-1,-1,1,-1,-1,-1
374,4,223.8905029296875,827.261962890625,-1,-1,1,-1,-1,-1
375,4,181.29043579101562,826.9171142578125,-1,-1,1,-1,-1,-1
376,4,145.68679809570312,834.290283203125,-1,-1,1,-1,-1,-1
377,4,103.22669219970703,834.056396484375,-1,-1,1,-1,-1,-1
378,4,67.79369354248047,841.382080078125,-1,-1,1,-1,-1,-1
464,5,1247.421630859375,656.8426513671875,-1,-1,1,-1,-1,-1
465,5,1211.860595703125,664.015380859375,-1,-1,1,-1,-1,-1
466,5,1169.4039306640625,671.1846923828125,-1,-1,1,-1,-1,-1
467,5,1133.7259521484375,670.9775390625,-1,-1,1,-1,-1,-1
468,5,1091.1904296875,678.29345703125,-1,-1,1,-1,-1,-1
469,5,1048.5379638671875,677.9840698242188,-1,-1,1,-1,-1,-1
470,5,1005.9971923828125,678.0350952148438,-1,-1,1,-1,-1,-1
470,6,1702.150634765625,265.79437255859375,-1,-1,1,-1,-1,-1
471,5,956.2554931640625,677.89306640625,-1,-1,1,-1,-1,-1
472,5,906.5817260742188,677.8443603515625,-1,-1,1,-1,-1,-1
473,5,849.8060302734375,677.7918090820312,-1,-1,1,-1,-1,-1
474,5,800.07275390625,685.3134765625,-1,-1,1,-1,-1,-1
474,6,1609.857177734375,273.1153564453125,-1,-1,1,-1,-1,-1
475,5,743.09716796875,685.1187744140625,-1,-1,1,-1,-1,-1
476,5,693.3268432617188,692.1181640625,-1,-1,1,-1,-1,-1
477,5,636.508544921875,699.356689453125,-1,-1,1,-1,-1,-1
478,5,579.8224487304688,713.6962280273438,-1,-1,1,-1,-1,-1
479,6,1375.306396484375,293.972412109375,-1,-1,1,-1,-1,-1
480,5,466.1654968261719,742.487548828125,-1,-1,1,-1,-1,-1
480,6,1339.89404296875,301.0843811035156,-1,-1,1,-1,-1,-1
481,6,1289.958740234375,308.35809326171875,-1,-1,1,-1,-1,-1
482,5,338.18927001953125,763.6641845703125,-1,-1,1,-1,-1,-1
482,6,1254.54052734375,315.36798095703125,-1,-1,1,-1,-1,-1
487,6,1055.7147216796875,393.6606750488281,-1,-1,1,-1,-1,-1
488,6,1019.9998168945312,393.3412780761719,-1,-1,1,-1,-1,-1
489,7,899.29345703125,600.015380859375,-1,-1,1,-1,-1,-1
490,7,849.689697265625,607.0093994140625,-1,-1,1,-1,-1,-1
492,7,757.144775390625,635.7191162109375,-1,-1,1,-1,-1,-1
493,7,728.437255859375,678.4288330078125,-1,-1,1,-1,-1,-1
494,7,657.7816162109375,649.7564697265625,-1,-1,1,-1,-1,-1
495,7,600.8538208007812,642.7222900390625,-1,-1,1,-1,-1,-1
496,7,551.0087890625,642.8021240234375,-1,-1,1,-1,-1,-1
497,8,1374.9775390625,798.877197265625,-1,-1,1,-1,-1,-1
498,7,437.1510009765625,650.0015869140625,-1,-1,1,-1,-1,-1
499,7,387.55914306640625,649.8799438476562,-1,-1,1,-1,-1,-1
499,8,1296.911865234375,798.8798217773438,-1,-1,1,-1,-1,-1
500,8,1254.40869140625,791.6941528320312,-1,-1,1,-1,-1,-1
501,8,1218.8372802734375,791.7987060546875,-1,-1,1,-1,-1,-1
502,8,1176.30029296875,791.57763671875,-1,-1,1,-1,-1,-1
503,8,1140.6611328125,784.5125732421875,-1,-1,1,-1,-1,-1
504,8,1105.206787109375,784.5108032226562,-1,-1,1,-1,-1,-1
505,8,1062.5587158203125,791.5570678710938,-1,-1,1,-1,-1,-1
506,8,1033.99462890625,784.5457763671875,-1,-1,1,-1,-1,-1
507,8,991.423583984375,784.4713134765625,-1,-1,1,-1,-1,-1
508,8,955.7911376953125,784.476806640625,-1,-1,1,-1,-1,-1
509,8,920.4061279296875,784.490966796875,-1,-1,1,-1,-1,-1
510,8,877.8035888671875,784.5919189453125,-1,-1,1,-1,-1,-1
511,8,835.0570068359375,784.5308227539062,-1,-1,1,-1,-1,-1
512,8,792.4930419921875,784.6912841796875,-1,-1,1,-1,-1,-1
513,8,749.886474609375,784.6484985351562,-1,-1,1,-1,-1,-1
514,8,707.26220703125,777.7542724609375,-1,-1,1,-1,-1,-1
515,8,664.583984375,777.8416137695312,-1,-1,1,-1,-1,-1
516,8,622.1142578125,784.7915649414062,-1,-1,1,-1,-1,-1
517,8,579.2626953125,784.7365112304688,-1,-1,1,-1,-1,-1
518,8,536.73828125,791.9459228515625,-1,-1,1,-1,-1,-1
519,8,494.03411865234375,799.06201171875,-1,-1,1,-1,-1,-1
520,8,451.4093017578125,798.9486083984375,-1,-1,1,-1,-1,-1
521,8,408.79412841796875,806.1619873046875,-1,-1,1,-1,-1,-1
522,8,366.16839599609375,805.9752197265625,-1,-1,1,-1,-1,-1
523,8,316.4583740234375,806.0322265625,-1,-1,1,-1,-1,-1
524,8,259.41363525390625,806.030517578125,-1,-1,1,-1,-1,-1
525,8,209.76614379882812,805.9862060546875,-1,-1,1,-1,-1,-1
526,8,159.95059204101562,806.02294921875,-1,-1,1,-1,-1,-1
527,8,110.268798828125,805.987548828125,-1,-1,1,-1,-1,-1
531,9,1865.577392578125,777.3773193359375,-1,-1,1,-1,-1,-1
535,9,1744.7001953125,770.5174560546875,-1,-1,1,-1,-1,-1
542,9,1517.27880859375,734.706787109375,-1,-1,1,-1,-1,-1
543,9,1481.72021484375,727.6698608398438,-1,-1,1,-1,-1,-1
544,9,1453.1600341796875,727.87255859375,-1,-1,1,-1,-1,-1
546,9,1389.469970703125,713.4117431640625,-1,-1,1,-1,-1,-1
548,9,1332.6619873046875,706.2567138671875,-1,-1,1,-1,-1,-1
550,9,1275.8031005859375,699.06298828125,-1,-1,1,-1,-1,-1
551,9,1247.3819580078125,699.0789794921875,-1,-1,1,-1,-1,-1
552,9,1225.934814453125,692.041015625,-1,-1,1,-1,-1,-1
553,9,1190.59130859375,692.1322631835938,-1,-1,1,-1,-1,-1
554,9,1162.07958984375,692.1943359375,-1,-1,1,-1,-1,-1
555,9,1133.671142578125,692.16015625,-1,-1,1,-1,-1,-1
556,9,1098.1551513671875,692.0178833007812,-1,-1,1,-1,-1,-1
557,9,1069.71435546875,692.1615600585938,-1,-1,1,-1,-1,-1
558,9,1034.157958984375,692.2208251953125,-1,-1,1,-1,-1,-1
559,9,991.5015258789062,692.27783203125,-1,-1,1,-1,-1,-1
559,10,1233.27880859375,486.276611328125,-1,-1,1,-1,-1,-1
560,9,941.6075439453125,692.404052734375,-1,-1,1,-1,-1,-1
560,10,1226.198486328125,486.30303955078125,-1,-1,1,-1,-1,-1
561,9,891.8070678710938,685.1456298828125,-1,-1,1,-1,-1,-1
561,10,1226.23828125,486.24267578125,-1,-1,1,-1,-1,-1
562,9,842.2110595703125,685.2322998046875,-1,-1,1,-1,-1,-1
562,10,1219.10205078125,486.0380859375,-1,-1,1,-1,-1,-1
563,9,792.60986328125,685.265625,-1,-1,1,-1,-1,-1
563,10,1218.850830078125,493.4810791015625,-1,-1,1,-1,-1,-1
564,9,735.6834716796875,692.4083251953125,-1,-1,1,-1,-1,-1
564,10,1175.9501953125,564.035400390625,-1,-1,1,-1,-1,-1
565,10,1204.7451171875,500.43963623046875,-1,-1,1,-1,-1,-1
566,10,1154.78662109375,571.1126708984375,-1,-1,1,-1,-1,-1
567,10,1197.738525390625,507.46514892578125,-1,-1,1,-1,-1,-1
568,10,1190.64306640625,514.7240600585938,-1,-1,1,-1,-1,-1
568,11,1140.484375,585.5318603515625,-1,-1,1,-1,-1,-1
569,10,1176.3055419921875,528.9754638671875,-1,-1,1,-1,-1,-1
569,11,1126.270751953125,592.590087890625,-1,-1,1,-1,-1,-1
570,10,1169.365478515625,535.8134155273438,-1,-1,1,-1,-1,-1
570,11,1111.966064453125,606.9613037109375,-1,-1,1,-1,-1,-1
570,12,1204.7200927734375,500.55938720703125,-1,-1,1,-1,-1,-1
571,10,1162.148193359375,550.0546264648438,-1,-1,1,-1,-1,-1
571,11,1090.633056640625,613.885986328125,-1,-1,1,-1,-1,-1
572,10,1140.7476806640625,564.55810546875,-1,-1,1,-1,-1,-1
572,11,1076.48388671875,628.261474609375,-1,-1,1,-1,-1,-1
573,10,1126.574951171875,578.6810302734375,-1,-1,1,-1,-1,-1
573,11,1062.2728271484375,649.7738037109375,-1,-1,1,-1,-1,-1
574,10,1112.3837890625,585.60400390625,-1,-1,1,-1,-1,-1
574,11,1033.933349609375,656.55322265625,-1,-1,1,-1,-1,-1
575,10,1091.085205078125,599.953857421875,-1,-1,1,-1,-1,-1
575,11,1012.5615234375,670.8699951171875,-1,-1,1,-1,-1,-1
575,12,1133.5380859375,557.5103149414062,-1,-1,1,-1,-1,-1
576,12,1112.465087890625,571.5955810546875,-1,-1,1,-1,-1,-1
577,10,1041.306884765625,621.2259521484375,-1,-1,1,-1,-1,-1
578,10,1012.9660034179688,628.5079345703125,-1,-1,1,-1,-1,-1
579,10,984.52490234375,642.5443725585938,-1,-1,1,-1,-1,-1
580,10,963.3497314453125,649.580810546875,-1,-1,1,-1,-1,-1
580,11,870.6114501953125,720.892578125,-1,-1,1,-1,-1,-1
580,12,1005.8721923828125,614.1243896484375,-1,-1,1,-1,-1,-1
581,10,934.908935546875,656.6777954101562,-1,-1,1,-1,-1,-1
582,10,906.517578125,663.7967529296875,-1,-1,1,-1,-1,-1
582,12,956.0771484375,628.2550048828125,-1,-1,1,-1,-1,-1
583,10,878.1143798828125,671.0029296875,-1,-1,1,-1,-1,-1
584,10,849.723876953125,671.0563354492188,-1,-1,1,-1,-1,-1
584,11,749.966552734375,741.830322265625,-1,-1,1,-1,-1,-1
585,10,821.2967529296875,678.0491333007812,-1,-1,1,-1,-1,-1
585,11,714.1931762695312,749.1851806640625,-1,-1,1,-1,-1,-1
586,10,792.85693359375,678.01953125,-1,-1,1,-1,-1,-1
587,10,764.4293212890625,685.2127685546875,-1,-1,1,-1,-1,-1
587,11,650.2891235351562,756.0601806640625,-1,-1,1,-1,-1,-1
589,10,707.6229248046875,692.0672607421875,-1,-1,1,-1,-1,-1
589,12,757.259765625,656.8460693359375,-1,-1,1,-1,-1,-1
590,10,664.914306640625,699.4993896484375,-1,-1,1,-1,-1,-1
590,11,536.775634765625,770.6076049804688,-1,-1,1,-1,-1,-1
590,12,728.8955078125,656.736083984375,-1,-1,1,-1,-1,-1
591,10,629.324951171875,699.3130493164062,-1,-1,1,-1,-1,-1
591,12,686.0780029296875,663.99072265625,-1,-1,1,-1,-1,-1
592,10,593.952880859375,706.4627075195312,-1,-1,1,-1,-1,-1
592,12,650.3458251953125,663.9620361328125,-1,-1,1,-1,-1,-1
593,10,558.4496459960938,706.220703125,-1,-1,1,-1,-1,-1
593,12,615.0377197265625,670.9007568359375,-1,-1,1,-1,-1,-1
594,10,515.5970458984375,706.423095703125,-1,-1,1,-1,-1,-1
594,12,579.3948364257812,670.648193359375,-1,-1,1,-1,-1,-1
595,10,472.89801025390625,713.3001708984375,-1,-1,1,-1,-1,-1
595,12,536.8458251953125,677.7978515625,-1,-1,1,-1,-1,-1
596,10,430.2607727050781,720.458251953125,-1,-1,1,-1,-1,-1
596,12,494.06744384765625,685.1235961914062,-1,-1,1,-1,-1,-1
597,12,451.4639587402344,685.05029296875,-1,-1,1,-1,-1,-1
598,12,408.8082580566406,691.9615478515625,-1,-1,1,-1,-1,-1
601,13,1531.15478515625,629.06982421875,-1,-1,1,-1,-1,-1
603,13,1452.892822265625,629.0416259765625,-1,-1,1,-1,-1,-1
604,13,1417.2359619140625,635.84326171875,-1,-1,1,-1,-1,-1
605,13,1367.5552978515625,635.9950561523438,-1,-1,1,-1,-1,-1
606,13,1339.1580810546875,635.958251953125,-1,-1,1,-1,-1,-1
607,13,1303.6822509765625,635.846435546875,-1,-1,1,-1,-1,-1
608,13,1268.103271484375,628.5723266601562,-1,-1,1,-1,-1,-1
609,13,1239.71630859375,635.62890625,-1,-1,1,-1,-1,-1
610,13,1204.3665771484375,614.0510864257812,-1,-1,1,-1,-1,-1
611,13,1176.068359375,614.0623779296875,-1,-1,1,-1,-1,-1
1026,14,1368.2509765625,493.1942138671875,-1,-1,1,-1,-1,-1
1029,14,1311.197509765625,493.42041015625,-1,-1,1,-1,-1,-1
1030,14,1289.6748046875,493.49053955078125,-1,-1,1,-1,-1,-1
1031,14,1268.47314453125,486.1143493652344,-1,-1,1,-1,-1,-1
1032,14,1239.99462890625,486.03277587890625,-1,-1,1,-1,-1,-1
1033,14,1218.849609375,486.0738525390625,-1,-1,1,-1,-1,-1
1034,14,1190.4013671875,486.1553955078125,-1,-1,1,-1,-1,-1
1035,14,1162.097412109375,485.94573974609375,-1,-1,1,-1,-1,-1
1036,14,1140.819580078125,485.911865234375,-1,-1,1,-1,-1,-1
1037,14,1105.2900390625,485.97662353515625,-1,-1,1,-1,-1,-1
1038,14,1076.809814453125,486.0203857421875,-1,-1,1,-1,-1,-1
1042,14,955.9280395507812,464.7674255371094,-1,-1,1,-1,-1,-1
1043,14,920.3099975585938,464.76611328125,-1,-1,1,-1,-1,-1
1044,14,877.7694702148438,457.75885009765625,-1,-1,1,-1,-1,-1
1046,14,799.4835815429688,450.8658142089844,-1,-1,1,-1,-1,-1
1241,15,1083.677490234375,685.121337890625,-1,-1,1,-1,-1,-1
1242,15,1062.473876953125,685.078125,-1,-1,1,-1,-1,-1
1271,15,550.764404296875,635.6109619140625,-1,-1,1,-1,-1,-1
1276,15,451.29022216796875,628.5679931640625,-1,-1,1,-1,-1,-1
1284,15,309.2477111816406,628.632568359375,-1,-1,1,-1,-1,-1
1288,15,252.39175415039062,628.5513916015625,-1,-1,1,-1,-1,-1
1289,15,245.27468872070312,635.6884765625,-1,-1,1,-1,-1,-1
1290,15,238.10153198242188,635.738037109375,-1,-1,1,-1,-1,-1
1291,15,231.17449951171875,628.7166748046875,-1,-1,1,-1,-1,-1
1292,15,216.889892578125,628.5888671875,-1,-1,1,-1,-1,-1
1293,15,216.91517639160156,628.6126708984375,-1,-1,1,-1,-1,-1
1294,15,209.80307006835938,628.6367797851562,-1,-1,1,-1,-1,-1
1295,15,202.67645263671875,628.6119384765625,-1,-1,1,-1,-1,-1
1296,15,195.62161254882812,628.5235595703125,-1,-1,1,-1,-1,-1
1297,15,181.3701171875,628.6759033203125,-1,-1,1,-1,-1,-1
1298,15,174.2261962890625,628.66259765625,-1,-1,1,-1,-1,-1
1299,15,167.11517333984375,628.7373046875,-1,-1,1,-1,-1,-1
1300,15,152.91192626953125,628.5988159179688,-1,-1,1,-1,-1,-1
1301,15,145.8369140625,621.5038452148438,-1,-1,1,-1,-1,-1
1302,15,131.54624938964844,621.4863891601562,-1,-1,1,-1,-1,-1
1303,15,117.37617492675781,621.5284423828125,-1,-1,1,-1,-1,-1
1304,15,96.09072875976562,621.4346313476562,-1,-1,1,-1,-1,-1
1305,15,81.77268981933594,621.4345092773438,-1,-1,1,-1,-1,-1
1306,15,67.6048355102539,621.4722900390625,-1,-1,1,-1,-1,-1
1307,15,46.468257904052734,621.443115234375,-1,-1,1,-1,-1,-1
1458,16,693.009521484375,372.09820556640625,-1,-1,1,-1,-1,-1
1462,16,579.177978515625,365.1982421875,-1,-1,1,-1,-1,-1
1463,16,544.1387939453125,379.34027099609375,-1,-1,1,-1,-1,-1
1464,16,515.0639038085938,364.93487548828125,-1,-1,1,-1,-1,-1
1465,16,479.65386962890625,365.06829833984375,-1,-1,1,-1,-1,-1
1466,16,429.90191650390625,365.1170654296875,-1,-1,1,-1,-1,-1
1467,16,394.5992431640625,364.9365234375,-1,-1,1,-1,-1,-1
1468,16,344.58392333984375,365.06219482421875,-1,-1,1,-1,-1,-1
1578,17,1730.277099609375,664.0371704101562,-1,-1,1,-1,-1,-1
1580,17,1701.97412109375,663.7958374023438,-1,-1,1,-1,-1,-1
1582,17,1673.5877685546875,671.0661010742188,-1,-1,1,-1,-1,-1
1584,17,1645.29443359375,671.0924072265625,-1,-1,1,-1,-1,-1
1587,17,1616.75732421875,663.7183837890625,-1,-1,1,-1,-1,-1
1589,17,1595.4599609375,656.8468017578125,-1,-1,1,-1,-1,-1
1592,17,1567.13427734375,642.3486938476562,-1,-1,1,-1,-1,-1
1603,17,1488.771484375,642.4231567382812,-1,-1,1,-1,-1,-1
1605,17,1453.170654296875,649.5599365234375,-1,-1,1,-1,-1,-1
1606,17,1439.092041015625,649.572021484375,-1,-1,1,-1,-1,-1
1607,17,1417.60107421875,656.860107421875,-1,-1,1,-1,-1,-1
1608,17,1403.4415283203125,663.8350830078125,-1,-1,1,-1,-1,-1
1609,17,1382.1378173828125,663.821044921875,-1,-1,1,-1,-1,-1
1610,17,1367.919921875,671.0235595703125,-1,-1,1,-1,-1,-1
1611,17,1346.6561279296875,670.8660888671875,-1,-1,1,-1,-1,-1
1612,17,1325.299560546875,678.1348876953125,-1,-1,1,-1,-1,-1
1613,17,1304.042236328125,677.9908447265625,-1,-1,1,-1,-1,-1
1614,17,1282.69921875,685.2069091796875,-1,-1,1,-1,-1,-1
1615,17,1268.42138671875,692.146240234375,-1,-1,1,-1,-1,-1
1616,17,1247.216064453125,692.0369873046875,-1,-1,1,-1,-1,-1
1617,17,1225.959228515625,699.2205810546875,-1,-1,1,-1,-1,-1
1618,17,1204.5263671875,706.41064453125,-1,-1,1,-1,-1,-1
1619,17,1183.275634765625,706.2748413085938,-1,-1,1,-1,-1,-1
1620,17,1168.964111328125,713.5783081054688,-1,-1,1,-1,-1,-1
1621,17,1147.64111328125,713.3438720703125,-1,-1,1,-1,-1,-1
1622,17,1126.4610595703125,713.3463134765625,-1,-1,1,-1,-1,-1
1623,17,1105.137451171875,713.3446044921875,-1,-1,1,-1,-1,-1
1624,17,1083.666015625,720.6097412109375,-1,-1,1,-1,-1,-1
1625,17,1069.47998046875,720.4296875,-1,-1,1,-1,-1,-1
1626,17,1048.1348876953125,713.279296875,-1,-1,1,-1,-1,-1
1627,17,1019.8900756835938,713.4451904296875,-1,-1,1,-1,-1,-1
1628,17,1005.58544921875,713.2724609375,-1,-1,1,-1,-1,-1
1629,17,984.3199462890625,713.4818115234375,-1,-1,1,-1,-1,-1
1630,17,963.0201416015625,713.3232421875,-1,-1,1,-1,-1,-1
1631,17,941.5615234375,713.6151123046875,-1,-1,1,-1,-1,-1
1632,17,920.2711181640625,713.6322021484375,-1,-1,1,-1,-1,-1
1634,17,884.8623046875,706.238525390625,-1,-1,1,-1,-1,-1
1636,17,849.190673828125,706.2120971679688,-1,-1,1,-1,-1,-1
1637,17,828.0428466796875,706.22021484375,-1,-1,1,-1,-1,-1
1638,17,806.78662109375,706.32568359375,-1,-1,1,-1,-1,-1
1643,17,707.2779541015625,706.348388671875,-1,-1,1,-1,-1,-1
1644,17,693.0712890625,706.387451171875,-1,-1,1,-1,-1,-1
1646,17,650.3648681640625,699.0752563476562,-1,-1,1,-1,-1,-1
1647,17,622.0530395507812,699.213623046875,-1,-1,1,-1,-1,-1
1649,17,565.189697265625,692.1100463867188,-1,-1,1,-1,-1,-1
1651,17,515.3225708007812,685.1190795898438,-1,-1,1,-1,-1,-1
1652,17,480.019775390625,677.643798828125,-1,-1,1,-1,-1,-1
1653,17,451.38665771484375,670.613525390625,-1,-1,1,-1,-1,-1
1656,17,345.01068115234375,663.6439208984375,-1,-1,1,-1,-1,-1
1850,18,1211.6724853515625,443.69110107421875,-1,-1,1,-1,-1,-1
1862,18,1034.046142578125,507.0860290527344,-1,-1,1,-1,-1,-1
1864,18,1012.5799560546875,521.37353515625,-1,-1,1,-1,-1,-1
1865,18,1012.56298828125,507.5118408203125,-1,-1,1,-1,-1,-1
1866,18,998.5526123046875,507.68475341796875,-1,-1,1,-1,-1,-1
1867,18,984.2987060546875,514.8641967773438,-1,-1,1,-1,-1,-1
1868,18,969.984130859375,521.9248046875,-1,-1,1,-1,-1,-1
1870,18,955.8460083007812,529.1006469726562,-1,-1,1,-1,-1,-1
1871,18,941.6146240234375,536.302490234375,-1,-1,1,-1,-1,-1
1875,18,913.1956787109375,550.2398681640625,-1,-1,1,-1,-1,-1
1877,18,891.8851318359375,557.3177490234375,-1,-1,1,-1,-1,-1
1880,18,870.47412109375,564.4814453125,-1,-1,1,-1,-1,-1
1881,18,863.6456909179688,571.8193359375,-1,-1,1,-1,-1,-1
1882,18,856.4805297851562,571.8779296875,-1,-1,1,-1,-1,-1
1883,18,849.3662719726562,571.8626098632812,-1,-1,1,-1,-1,-1
1884,18,842.2734375,571.7493896484375,-1,-1,1,-1,-1,-1
1885,18,835.283447265625,578.9195556640625,-1,-1,1,-1,-1,-1
1887,18,813.941650390625,571.8320922851562,-1,-1,1,-1,-1,-1
1888,18,806.679931640625,571.6900634765625,-1,-1,1,-1,-1,-1
1889,18,799.6697998046875,564.6754150390625,-1,-1,1,-1,-1,-1
1890,18,799.6611938476562,571.8201904296875,-1,-1,1,-1,-1,-1
1891,18,799.7470703125,564.7040405273438,-1,-1,1,-1,-1,-1
1892,18,799.6349487304688,571.839599609375,-1,-1,1,-1,-1,-1
1893,18,799.730712890625,571.9447021484375,-1,-1,1,-1,-1,-1
1894,18,792.459716796875,571.8323364257812,-1,-1,1,-1,-1,-1
1895,18,792.461181640625,571.7376708984375,-1,-1,1,-1,-1,-1
1896,18,792.6571655273438,571.7740478515625,-1,-1,1,-1,-1,-1
1897,18,792.6434326171875,579.1087646484375,-1,-1,1,-1,-1,-1
1898,18,785.3487548828125,579.1028442382812,-1,-1,1,-1,-1,-1
1899,18,785.2443237304688,579.0423583984375,-1,-1,1,-1,-1,-1
1901,18,785.4027099609375,571.7529296875,-1,-1,1,-1,-1,-1
1902,18,778.1700439453125,571.71484375,-1,-1,1,-1,-1,-1
1903,18,778.0604248046875,571.743408203125,-1,-1,1,-1,-1,-1
1904,18,778.1385498046875,571.784912109375,-1,-1,1,-1,-1,-1
1920,18,756.5423583984375,550.4605102539062,-1,-1,1,-1,-1,-1
1927,18,735.5794067382812,564.5656127929688,-1,-1,1,-1,-1,-1
1932,18,699.77734375,571.76708984375,-1,-1,1,-1,-1,-1
1943,19,1502.775146484375,315.8011474609375,-1,-1,1,-1,-1,-1
1944,19,1481.25830078125,315.8463439941406,-1,-1,1,-1,-1,-1
1948,19,1410.331787109375,301.66259765625,-1,-1,1,-1,-1,-1
1949,19,1389.1412353515625,294.485595703125,-1,-1,1,-1,-1,-1
1951,19,1353.25048828125,294.4197692871094,-1,-1,1,-1,-1,-1
1953,19,1310.801025390625,287.4281311035156,-1,-1,1,-1,-1,-1
1955,19,1268.230224609375,280.1667785644531,-1,-1,1,-1,-1,-1
1959,19,1197.182861328125,266.05999755859375,-1,-1,1,-1,-1,-1
1960,18,288.06292724609375,465.0340881347656,-1,-1,1,-1,-1,-1
1960,19,1175.742919921875,265.8955383300781,-1,-1,1,-1,-1,-1
1961,19,1161.608642578125,258.9548645019531,-1,-1,1,-1,-1,-1
1962,19,1140.2650146484375,258.8880310058594,-1,-1,1,-1,-1,-1
1963,19,1126.217041015625,258.8269958496094,-1,-1,1,-1,-1,-1
1964,19,1104.9189453125,251.8779296875,-1,-1,1,-1,-1,-1
1965,19,1090.689208984375,251.88363647460938,-1,-1,1,-1,-1,-1
1966,19,1076.44140625,251.8671875,-1,-1,1,-1,-1,-1
1967,19,1055.236572265625,251.636962890625,-1,-1,1,-1,-1,-1
1968,19,1040.913818359375,251.73895263671875,-1,-1,1,-1,-1,-1
1969,19,1026.8935546875,251.62136840820312,-1,-1,1,-1,-1,-1
1970,19,1012.4276123046875,251.68313598632812,-1,-1,1,-1,-1,-1
1972,19,983.9337158203125,251.7635498046875,-1,-1,1,-1,-1,-1
1973,19,969.764404296875,251.79981994628906,-1,-1,1,-1,-1,-1
1974,19,962.5438842773438,251.7698974609375,-1,-1,1,-1,-1,-1
1992,19,735.56396484375,187.81039428710938,-1,-1,1,-1,-1,-1
1993,19,714.236083984375,187.82534790039062,-1,-1,1,-1,-1,-1
1994,19,692.7015380859375,187.75587463378906,-1,-1,1,-1,-1,-1
1995,19,678.6738891601562,180.6007080078125,-1,-1,1,-1,-1,-1
1996,19,628.9974365234375,216.25802612304688,-1,-1,1,-1,-1,-1
2008,19,401.85498046875,123.84091186523438,-1,-1,1,-1,-1,-1
2017,19,188.54611206054688,152.05535888671875,-1,-1,1,-1,-1,-1
2018,19,160.08045959472656,152.34381103515625,-1,-1,1,-1,-1,-1
2019,19,124.5731201171875,159.3949737548828,-1,-1,1,-1,-1,-1
2020,19,96.17522430419922,159.42465209960938,-1,-1,1,-1,-1,-1
2272,20,1666.07470703125,699.5601806640625,-1,-1,1,-1,-1,-1
2273,20,1644.805419921875,699.4431762695312,-1,-1,1,-1,-1,-1
2277,20,1552.5130615234375,699.303955078125,-1,-1,1,-1,-1,-1
2280,20,1460.363037109375,692.2388916015625,-1,-1,1,-1,-1,-1
2283,20,1367.640869140625,685.314208984375,-1,-1,1,-1,-1,-1
2284,20,1332.269287109375,685.1199951171875,-1,-1,1,-1,-1,-1
2285,20,1296.658935546875,685.2537841796875,-1,-1,1,-1,-1,-1
2286,20,1261.2183837890625,685.1022338867188,-1,-1,1,-1,-1,-1
2287,20,1225.7347412109375,685.1032104492188,-1,-1,1,-1,-1,-1
2288,20,1190.22021484375,685.2442626953125,-1,-1,1,-1,-1,-1
2289,20,1154.5546875,692.474365234375,-1,-1,1,-1,-1,-1
2290,20,1119.021484375,692.3617553710938,-1,-1,1,-1,-1,-1
2291,20,1090.52734375,699.5181884765625,-1,-1,1,-1,-1,-1
2293,20,1012.4676513671875,706.7514038085938,-1,-1,1,-1,-1,-1
2294,20,977.1771240234375,706.4603881835938,-1,-1,1,-1,-1,-1
2295,20,934.05712890625,706.450439453125,-1,-1,1,-1,-1,-1
2296,20,891.501953125,713.8270263671875,-1,-1,1,-1,-1,-1
2297,20,834.69775390625,713.5469970703125,-1,-1,1,-1,-1,-1
2297,21,1410.5313720703125,720.5493774414062,-1,-1,1,-1,-1,-1
2298,20,799.1409912109375,720.7059326171875,-1,-1,1,-1,-1,-1
2298,21,1375.080078125,720.57373046875,-1,-1,1,-1,-1,-1
2299,20,756.7415771484375,720.6658325195312,-1,-1,1,-1,-1,-1
2299,21,1346.7421875,720.7996826171875,-1,-1,1,-1,-1,-1
2300,20,721.0438842773438,720.669189453125,-1,-1,1,-1,-1,-1
2300,21,1311.11181640625,720.4976806640625,-1,-1,1,-1,-1,-1
2301,20,678.6270751953125,727.8350830078125,-1,-1,1,-1,-1,-1
2302,20,635.5831298828125,727.8018188476562,-1,-1,1,-1,-1,-1
2302,21,1247.291015625,727.8150634765625,-1,-1,1,-1,-1,-1
2303,21,1211.664794921875,727.9898071289062,-1,-1,1,-1,-1,-1
2304,20,550.51513671875,735.0125732421875,-1,-1,1,-1,-1,-1
2305,21,1147.73291015625,734.884033203125,-1,-1,1,-1,-1,-1
2306,20,458.0391845703125,742.1129760742188,-1,-1,1,-1,-1,-1
2306,21,1112.22021484375,734.7068481445312,-1,-1,1,-1,-1,-1
2307,21,1076.799072265625,734.9151000976562,-1,-1,1,-1,-1,-1
2308,21,1048.07666015625,742.0823974609375,-1,-1,1,-1,-1,-1
2309,21,1012.5442504882812,741.95947265625,-1,-1,1,-1,-1,-1
2319,21,700.0103149414062,741.9412841796875,-1,-1,1,-1,-1,-1
2320,21,664.376708984375,741.98876953125,-1,-1,1,-1,-1,-1
2322,21,586.465087890625,735.169921875,-1,-1,1,-1,-1,-1
2323,21,550.8847045898438,735.1190185546875,-1,-1,1,-1,-1,-1
2324,21,508.38128662109375,735.072021484375,-1,-1,1,-1,-1,-1
2541,22,1353.72265625,436.0599365234375,-1,-1,1,-1,-1,-1
2550,22,756.8995361328125,407.9744873046875,-1,-1,1,-1,-1,-1
2551,22,679.4380493164062,429.2703857421875,-1,-1,1,-1,-1,-1
2552,22,600.7244873046875,401.03021240234375,-1,-1,1,-1,-1,-1
2554,22,423.2308349609375,394.1114501953125,-1,-1,1,-1,-1,-1
2555,22,338.450439453125,379.7425537109375,-1,-1,1,-1,-1,-1
2556,22,231.57308959960938,365.541748046875,-1,-1,1,-1,-1,-1
2557,22,132.08016967773438,351.421142578125,-1,-1,1,-1,-1,-1
2779,23,1503.1314697265625,713.6036987304688,-1,-1,1,-1,-1,-1
2791,23,1197.5859375,727.7803955078125,-1,-1,1,-1,-1,-1
2796,23,1027.0716552734375,727.654052734375,-1,-1,1,-1,-1,-1
2798,23,941.591552734375,727.6401977539062,-1,-1,1,-1,-1,-1
2802,23,756.8431396484375,720.5926513671875,-1,-1,1,-1,-1,-1
2805,23,629.1328125,685.0720825195312,-1,-1,1,-1,-1,-1
2808,23,494.1398620605469,685.0952758789062,-1,-1,1,-1,-1,-1
2809,23,444.5838317871094,692.2376708984375,-1,-1,1,-1,-1,-1
2810,23,394.90301513671875,692.0385131835938,-1,-1,1,-1,-1,-1
2811,23,344.9898681640625,699.312744140625,-1,-1,1,-1,-1,-1
2812,23,295.1978454589844,706.3902587890625,-1,-1,1,-1,-1,-1
2963,24,1382.200439453125,742.068359375,-1,-1,1,-1,-1,-1
2971,24,1048.52783203125,756.084228515625,-1,-1,1,-1,-1,-1
2972,24,1013.1156005859375,763.343505859375,-1,-1,1,-1,-1,-1
2973,24,977.3624267578125,763.075439453125,-1,-1,1,-1,-1,-1
2974,24,941.8953857421875,755.9925537109375,-1,-1,1,-1,-1,-1
2975,24,913.48779296875,756.2514038085938,-1,-1,1,-1,-1,-1
2976,24,877.8931884765625,749.027099609375,-1,-1,1,-1,-1,-1
2977,24,842.407958984375,749.2171630859375,-1,-1,1,-1,-1,-1
2978,24,821.3403930664062,748.9815673828125,-1,-1,1,-1,-1,-1
2979,24,778.076904296875,734.9935302734375,-1,-1,1,-1,-1,-1
2980,24,749.716796875,742.309814453125,-1,-1,1,-1,-1,-1
2981,24,721.46337890625,742.1848754882812,-1,-1,1,-1,-1,-1
2982,24,678.7745971679688,734.9712524414062,-1,-1,1,-1,-1,-1
2983,24,650.7001953125,734.8091430664062,-1,-1,1,-1,-1,-1
2984,24,607.6383056640625,742.207275390625,-1,-1,1,-1,-1,-1
2985,24,565.1241455078125,735.0054321289062,-1,-1,1,-1,-1,-1
2986,24,515.337890625,727.6896362304688,-1,-1,1,-1,-1,-1
2987,24,465.589599609375,720.7210693359375,-1,-1,1,-1,-1,-1
2990,24,330.8731994628906,741.8802490234375,-1,-1,1,-1,-1,-1
3152,25,1652.280517578125,670.67724609375,-1,-1,1,-1,-1,-1
3155,25,1588.1951904296875,677.982421875,-1,-1,1,-1,-1,-1
3156,25,1574.19384765625,678.1132202148438,-1,-1,1,-1,-1,-1
3157,25,1545.649169921875,677.8436279296875,-1,-1,1,-1,-1,-1
3158,25,1531.37744140625,677.6630859375,-1,-1,1,-1,-1,-1
3162,25,1466.87255859375,670.8922119140625,-1,-1,1,-1,-1,-1
3163,25,1452.92626953125,670.821533203125,-1,-1,1,-1,-1,-1
3164,25,1431.591796875,670.8902587890625,-1,-1,1,-1,-1,-1
3165,25,1417.431396484375,663.8349609375,-1,-1,1,-1,-1,-1
3166,25,1403.2874755859375,663.9716796875,-1,-1,1,-1,-1,-1
3167,25,1388.933349609375,656.6431884765625,-1,-1,1,-1,-1,-1
3175,25,1296.5645751953125,650.326416015625,-1,-1,1,-1,-1,-1
3180,25,1211.2716064453125,628.4254760742188,-1,-1,1,-1,-1,-1
3182,25,1168.603515625,621.5777587890625,-1,-1,1,-1,-1,-1
3183,25,1140.137939453125,614.431884765625,-1,-1,1,-1,-1,-1
3184,25,1118.8360595703125,614.65625,-1,-1,1,-1,-1,-1
3185,25,1090.57568359375,614.9403686523438,-1,-1,1,-1,-1,-1
3187,25,1047.9605712890625,607.4718017578125,-1,-1,1,-1,-1,-1
3193,25,920.2691650390625,621.82861328125,-1,-1,1,-1,-1,-1
3194,25,892.027587890625,614.297119140625,-1,-1,1,-1,-1,-1
3195,25,870.7518310546875,614.44775390625,-1,-1,1,-1,-1,-1
3196,25,841.97900390625,614.4917602539062,-1,-1,1,-1,-1,-1
3197,25,821.0781860351562,614.4367065429688,-1,-1,1,-1,-1,-1
3198,25,792.4669189453125,614.544921875,-1,-1,1,-1,-1,-1
3199,25,763.918212890625,621.5438232421875,-1,-1,1,-1,-1,-1
3200,25,742.414306640625,621.4437255859375,-1,-1,1,-1,-1,-1
3201,25,714.2392578125,621.5357666015625,-1,-1,1,-1,-1,-1
3202,25,685.9044189453125,621.3502197265625,-1,-1,1,-1,-1,-1
3203,25,657.4857788085938,621.4631958007812,-1,-1,1,-1,-1,-1
3204,25,636.3380126953125,621.4632568359375,-1,-1,1,-1,-1,-1
3207,25,536.6007690429688,614.468505859375,-1,-1,1,-1,-1,-1
3208,25,500.88983154296875,614.4813232421875,-1,-1,1,-1,-1,-1
4064,26,1446.431640625,664.615234375,-1,-1,1,-1,-1,-1
4065,26,1411.0450439453125,664.4244995117188,-1,-1,1,-1,-1,-1
4066,26,1375.333984375,664.5276489257812,-1,-1,1,-1,-1,-1
4067,26,1325.383544921875,656.9293212890625,-1,-1,1,-1,-1,-1
4068,26,1289.90234375,657.2344970703125,-1,-1,1,-1,-1,-1
4082,26,707.0968017578125,628.9449462890625,-1,-1,1,-1,-1,-1
4083,26,657.6778564453125,621.4981079101562,-1,-1,1,-1,-1,-1
4084,26,614.8228759765625,614.6175537109375,-1,-1,1,-1,-1,-1
4085,26,572.1012573242188,607.6336669921875,-1,-1,1,-1,-1,-1
4169,27,1466.806396484375,593.3643188476562,-1,-1,1,-1,-1,-1
4173,27,1381.4388427734375,593.56396484375,-1,-1,1,-1,-1,-1
4175,27,1345.932373046875,593.4657592773438,-1,-1,1,-1,-1,-1
4176,27,1324.614990234375,586.421875,-1,-1,1,-1,-1,-1
4177,27,1296.78271484375,586.1001586914062,-1,-1,1,-1,-1,-1
4178,27,1275.5125732421875,586.08056640625,-1,-1,1,-1,-1,-1
4179,27,1246.640869140625,586.2533569335938,-1,-1,1,-1,-1,-1
4181,27,1175.979736328125,586.11767578125,-1,-1,1,-1,-1,-1
4182,27,1133.46484375,579.0240478515625,-1,-1,1,-1,-1,-1
4183,27,1090.5849609375,579.1240234375,-1,-1,1,-1,-1,-1
4185,27,1019.669677734375,579.10400390625,-1,-1,1,-1,-1,-1
4185,28,1396.599609375,621.2415161132812,-1,-1,1,-1,-1,-1
4186,27,976.9624633789062,579.0401611328125,-1,-1,1,-1,-1,-1
4186,28,1361.100830078125,621.249267578125,-1,-1,1,-1,-1,-1
4187,27,941.31884765625,586.2380981445312,-1,-1,1,-1,-1,-1
4187,28,1318.520751953125,628.219482421875,-1,-1,1,-1,-1,-1
4188,27,905.8343505859375,586.0,-1,-1,1,-1,-1,-1
4188,28,1275.8367919921875,628.3348388671875,-1,-1,1,-1,-1,-1
4189,28,1239.94287109375,628.6251220703125,-1,-1,1,-1,-1,-1
4190,28,1204.32861328125,635.6138916015625,-1,-1,1,-1,-1,-1
4191,27,778.15380859375,600.06298828125,-1,-1,1,-1,-1,-1
4191,28,1154.4407958984375,635.6919555664062,-1,-1,1,-1,-1,-1
4196,28,1048.3294677734375,741.8433837890625,-1,-1,1,-1,-1,-1
4201,28,828.1708984375,756.205810546875,-1,-1,1,-1,-1,-1
4202,28,778.2955322265625,763.3023681640625,-1,-1,1,-1,-1,-1
4203,28,735.7579345703125,770.4134521484375,-1,-1,1,-1,-1,-1
4204,28,686.0149536132812,777.5193481445312,-1,-1,1,-1,-1,-1
4205,28,629.1961669921875,784.4674072265625,-1,-1,1,-1,-1,-1
4206,28,572.3493041992188,784.4578247070312,-1,-1,1,-1,-1,-1
4207,28,515.42041015625,784.6083984375,-1,-1,1,-1,-1,-1
4208,28,451.63482666015625,777.35791015625,-1,-1,1,-1,-1,-1
4209,28,373.46044921875,777.3621826171875,-1,-1,1,-1,-1,-1
4211,28,217.2989501953125,756.3272705078125,-1,-1,1,-1,-1,-1
4212,28,124.81940460205078,749.0310668945312,-1,-1,1,-1,-1,-1
4292,29,1233.219970703125,756.3470458984375,-1,-1,1,-1,-1,-1
4293,29,1183.25244140625,749.2537841796875,-1,-1,1,-1,-1,-1
4296,29,1055.334228515625,756.203125,-1,-1,1,-1,-1,-1
4302,29,799.6722412109375,770.5262451171875,-1,-1,1,-1,-1,-1
4304,29,671.8823852539062,763.4288330078125,-1,-1,1,-1,-1,-1
4305,29,629.6448364257812,770.3543701171875,-1,-1,1,-1,-1,-1
4307,29,530.06298828125,770.2947998046875,-1,-1,1,-1,-1,-1
4308,29,480.4598388671875,777.45654296875,-1,-1,1,-1,-1,-1
4309,29,423.41448974609375,777.6419677734375,-1,-1,1,-1,-1,-1
4310,29,366.4185791015625,777.5252685546875,-1,-1,1,-1,-1,-1
4312,29,245.54193115234375,777.822998046875,-1,-1,1,-1,-1,-1
4312,30,1126.09765625,792.2518310546875,-1,-1,1,-1,-1,-1
4313,30,1090.797607421875,792.194580078125,-1,-1,1,-1,-1,-1
4314,30,1033.888427734375,799.15283203125,-1,-1,1,-1,-1,-1
4315,30,1005.1834716796875,792.2667846679688,-1,-1,1,-1,-1,-1
4316,30,941.6712646484375,799.231201171875,-1,-1,1,-1,-1,-1
4317,30,891.7158203125,799.2462158203125,-1,-1,1,-1,-1,-1
4318,30,841.8935546875,799.3348999023438,-1,-1,1,-1,-1,-1
4327,30,443.9591064453125,848.6045532226562,-1,-1,1,-1,-1,-1
4328,30,380.3701477050781,855.789794921875,-1,-1,1,-1,-1,-1
4329,30,316.5742492675781,862.80859375,-1,-1,1,-1,-1,-1
4330,30,295.13067626953125,862.4873046875,-1,-1,1,-1,-1,-1
4394,31,1126.48583984375,763.4476318359375,-1,-1,1,-1,-1,-1
4396,31,1062.587158203125,763.208251953125,-1,-1,1,-1,-1,-1
4399,31,977.2280883789062,770.4027099609375,-1,-1,1,-1,-1,-1
4401,31,913.1260986328125,770.2659912109375,-1,-1,1,-1,-1,-1
4402,31,884.7760620117188,770.2064208984375,-1,-1,1,-1,-1,-1
4405,31,785.437255859375,777.4410400390625,-1,-1,1,-1,-1,-1
4406,31,749.8135986328125,777.3861083984375,-1,-1,1,-1,-1,-1
4407,31,714.4029541015625,777.4930419921875,-1,-1,1,-1,-1,-1
4412,31,550.9205322265625,770.4456787109375,-1,-1,1,-1,-1,-1
4557,32,1318.38525390625,862.76904296875,-1,-1,1,-1,-1,-1
4560,32,1232.927734375,863.0423583984375,-1,-1,1,-1,-1,-1
4562,32,1183.17578125,863.06005859375,-1,-1,1,-1,-1,-1
4563,32,1154.72802734375,863.0020751953125,-1,-1,1,-1,-1,-1
4564,32,1119.00634765625,855.8731689453125,-1,-1,1,-1,-1,-1
4565,32,1090.625244140625,848.5790405273438,-1,-1,1,-1,-1,-1
4566,32,1069.3359375,855.9483642578125,-1,-1,1,-1,-1,-1
4567,32,1040.99462890625,848.969970703125,-1,-1,1,-1,-1,-1
4576,32,714.2859497070312,841.6658935546875,-1,-1,1,-1,-1,-1
4577,32,657.292236328125,820.3011474609375,-1,-1,1,-1,-1,-1
4578,32,643.1632690429688,841.72998046875,-1,-1,1,-1,-1,-1
4579,32,579.1865844726562,820.1000366210938,-1,-1,1,-1,-1,-1
4580,32,565.05712890625,841.6971435546875,-1,-1,1,-1,-1,-1
4581,32,522.2628173828125,841.7769775390625,-1,-1,1,-1,-1,-1
4882,33,1559.891845703125,748.5178833007812,-1,-1,1,-1,-1,-1
4888,34,1879.8912353515625,621.161376953125,-1,-1,1,-1,-1,-1
4889,34,1872.5115966796875,621.1490478515625,-1,-1,1,-1,-1,-1
4890,33,1389.224853515625,706.5458984375,-1,-1,1,-1,-1,-1
4890,34,1858.26220703125,621.384521484375,-1,-1,1,-1,-1,-1
4891,34,1843.875244140625,621.5694580078125,-1,-1,1,-1,-1,-1
4892,34,1837.030517578125,614.1290893554688,-1,-1,1,-1,-1,-1
4893,34,1829.83544921875,621.3648681640625,-1,-1,1,-1,-1,-1
4894,34,1822.583251953125,628.4793090820312,-1,-1,1,-1,-1,-1
4895,34,1808.5050048828125,621.1757202148438,-1,-1,1,-1,-1,-1
4896,34,1801.33984375,620.9990234375,-1,-1,1,-1,-1,-1
4897,34,1787.095458984375,621.1612548828125,-1,-1,1,-1,-1,-1
4898,34,1779.853271484375,628.412109375,-1,-1,1,-1,-1,-1
4899,34,1765.767578125,628.47412109375,-1,-1,1,-1,-1,-1
4900,34,1758.7979736328125,628.5452270507812,-1,-1,1,-1,-1,-1
4901,33,1133.732177734375,727.6695556640625,-1,-1,1,-1,-1,-1
4901,34,1758.728515625,635.659423828125,-1,-1,1,-1,-1,-1
4902,33,1112.219482421875,734.97412109375,-1,-1,1,-1,-1,-1
4902,34,1758.8016357421875,635.54638671875,-1,-1,1,-1,-1,-1
4903,33,1083.7255859375,735.0772705078125,-1,-1,1,-1,-1,-1
4903,34,1751.640625,642.7694091796875,-1,-1,1,-1,-1,-1
4904,34,1744.64208984375,642.9003295898438,-1,-1,1,-1,-1,-1
4905,33,956.024658203125,706.481201171875,-1,-1,1,-1,-1,-1
4905,34,1737.54638671875,642.82861328125,-1,-1,1,-1,-1,-1
4906,33,934.6483154296875,706.4063720703125,-1,-1,1,-1,-1,-1
4906,34,1730.401611328125,642.7513427734375,-1,-1,1,-1,-1,-1
4907,33,906.2011108398438,706.3054809570312,-1,-1,1,-1,-1,-1
4907,34,1723.35693359375,642.7455444335938,-1,-1,1,-1,-1,-1
4908,33,877.80615234375,706.46337890625,-1,-1,1,-1,-1,-1
4908,34,1709.09619140625,642.8589477539062,-1,-1,1,-1,-1,-1
4909,34,1702.126220703125,642.9313354492188,-1,-1,1,-1,-1,-1
4910,34,1687.888916015625,642.947509765625,-1,-1,1,-1,-1,-1
4911,34,1680.7100830078125,635.593505859375,-1,-1,1,-1,-1,-1
4912,34,1673.625,635.7034912109375,-1,-1,1,-1,-1,-1
4913,34,1659.4837646484375,635.7357177734375,-1,-1,1,-1,-1,-1
4914,34,1645.1571044921875,628.2833251953125,-1,-1,1,-1,-1,-1
4915,34,1631.070068359375,628.46728515625,-1,-1,1,-1,-1,-1
4916,34,1616.804931640625,628.5452880859375,-1,-1,1,-1,-1,-1
4917,34,1602.5400390625,628.6336669921875,-1,-1,1,-1,-1,-1
4918,34,1588.3375244140625,621.2001953125,-1,-1,1,-1,-1,-1
4919,34,1574.19775390625,621.3944702148438,-1,-1,1,-1,-1,-1
4920,34,1559.87353515625,621.644775390625,-1,-1,1,-1,-1,-1
4921,34,1545.730712890625,621.5431518554688,-1,-1,1,-1,-1,-1
4921,35,1637.9931640625,556.7993774414062,-1,-1,1,-1,-1,-1
4922,34,1531.50634765625,614.141845703125,-1,-1,1,-1,-1,-1
4923,34,1517.263916015625,621.5775146484375,-1,-1,1,-1,-1,-1
4924,34,1495.848388671875,621.462158203125,-1,-1,1,-1,-1,-1
4925,34,1481.723876953125,621.5140380859375,-1,-1,1,-1,-1,-1
4925,35,1573.988525390625,556.9027099609375,-1,-1,1,-1,-1,-1
4926,34,1460.423583984375,621.4048461914062,-1,-1,1,-1,-1,-1
4926,35,1559.965576171875,564.062255859375,-1,-1,1,-1,-1,-1
4927,34,1446.30615234375,621.3162841796875,-1,-1,1,-1,-1,-1
4928,34,1432.1146240234375,621.2860717773438,-1,-1,1,-1,-1,-1
4928,35,1524.2596435546875,556.7499389648438,-1,-1,1,-1,-1,-1
4929,34,1410.638427734375,628.6683959960938,-1,-1,1,-1,-1,-1
4930,34,1396.3203125,628.6921997070312,-1,-1,1,-1,-1,-1
4931,34,1382.265869140625,628.7415161132812,-1,-1,1,-1,-1,-1
4932,34,1360.879638671875,628.6561889648438,-1,-1,1,-1,-1,-1
4933,34,1346.7840576171875,628.612060546875,-1,-1,1,-1,-1,-1
4934,34,1325.4246826171875,628.619873046875,-1,-1,1,-1,-1,-1
4935,34,1311.253662109375,628.661865234375,-1,-1,1,-1,-1,-1
4935,36,984.58349609375,358.16326904296875,-1,-1,1,-1,-1,-1
4936,34,1297.048583984375,628.6585693359375,-1,-1,1,-1,-1,-1
4937,34,1275.666259765625,628.6069946289062,-1,-1,1,-1,-1,-1
4938,34,1261.4674072265625,628.6660766601562,-1,-1,1,-1,-1,-1
4939,34,1247.2764892578125,628.5963134765625,-1,-1,1,-1,-1,-1
4940,34,1225.9273681640625,628.5829467773438,-1,-1,1,-1,-1,-1
4941,34,1211.7647705078125,628.5278930664062,-1,-1,1,-1,-1,-1
4942,34,1197.54052734375,628.562255859375,-1,-1,1,-1,-1,-1
4943,34,1183.30224609375,628.6046752929688,-1,-1,1,-1,-1,-1
4944,34,1169.114990234375,628.7293090820312,-1,-1,1,-1,-1,-1
4945,34,1154.8687744140625,628.6478881835938,-1,-1,1,-1,-1,-1
4946,34,1133.58251953125,621.5092163085938,-1,-1,1,-1,-1,-1
4946,36,835.5118408203125,343.9771728515625,-1,-1,1,-1,-1,-1
4947,34,1119.3426513671875,621.6233520507812,-1,-1,1,-1,-1,-1
4947,36,814.2110595703125,343.80560302734375,-1,-1,1,-1,-1,-1
4948,34,1105.104736328125,621.7305297851562,-1,-1,1,-1,-1,-1
4948,36,806.9237060546875,344.2170715332031,-1,-1,1,-1,-1,-1
4949,34,1091.012451171875,614.2592163085938,-1,-1,1,-1,-1,-1
4949,35,1211.602783203125,614.0068359375,-1,-1,1,-1,-1,-1
4949,36,792.9791870117188,343.88726806640625,-1,-1,1,-1,-1,-1
4950,34,1076.774658203125,614.3511962890625,-1,-1,1,-1,-1,-1
4950,36,778.667236328125,336.97576904296875,-1,-1,1,-1,-1,-1
4951,34,1062.5919189453125,614.5089111328125,-1,-1,1,-1,-1,-1
4951,36,771.4859619140625,336.8320617675781,-1,-1,1,-1,-1,-1
4952,34,1048.369384765625,607.06201171875,-1,-1,1,-1,-1,-1
4952,36,757.1663818359375,329.97723388671875,-1,-1,1,-1,-1,-1
4953,34,1034.2757568359375,607.2864990234375,-1,-1,1,-1,-1,-1
4954,34,1012.861083984375,607.44140625,-1,-1,1,-1,-1,-1
4954,36,729.0872802734375,322.2504577636719,-1,-1,1,-1,-1,-1
4955,34,998.6820068359375,600.0826416015625,-1,-1,1,-1,-1,-1
4956,34,984.4380493164062,600.2093505859375,-1,-1,1,-1,-1,-1
4957,34,970.1669921875,600.2044067382812,-1,-1,1,-1,-1,-1
4958,34,956.0053100585938,592.9453735351562,-1,-1,1,-1,-1,-1
4958,36,678.9877319335938,308.3659362792969,-1,-1,1,-1,-1,-1
4959,34,941.8009643554688,593.12353515625,-1,-1,1,-1,-1,-1
4959,36,664.886962890625,308.6409912109375,-1,-1,1,-1,-1,-1
4960,34,927.4901123046875,585.6651611328125,-1,-1,1,-1,-1,-1
4960,36,650.6259765625,308.4017639160156,-1,-1,1,-1,-1,-1
4961,34,906.227783203125,585.841064453125,-1,-1,1,-1,-1,-1
4962,34,892.0308837890625,585.965087890625,-1,-1,1,-1,-1,-1
4962,35,1026.993896484375,585.7953491210938,-1,-1,1,-1,-1,-1
4962,36,621.9769287109375,301.2179870605469,-1,-1,1,-1,-1,-1
4963,34,877.84130859375,585.947265625,-1,-1,1,-1,-1,-1
4963,35,1012.8416748046875,585.7066650390625,-1,-1,1,-1,-1,-1
4963,36,607.8299560546875,301.39483642578125,-1,-1,1,-1,-1,-1
4964,34,863.5911865234375,585.9075927734375,-1,-1,1,-1,-1,-1
4964,35,998.7291259765625,585.617431640625,-1,-1,1,-1,-1,-1
4965,34,849.4277954101562,585.86181640625,-1,-1,1,-1,-1,-1
4966,34,835.099853515625,585.8695678710938,-1,-1,1,-1,-1,-1
4966,36,572.3271484375,308.71075439453125,-1,-1,1,-1,-1,-1
4967,34,828.0133056640625,593.1412353515625,-1,-1,1,-1,-1,-1
4968,34,813.756103515625,593.1148681640625,-1,-1,1,-1,-1,-1
4968,36,565.301025390625,308.5394592285156,-1,-1,1,-1,-1,-1
4969,34,806.72314453125,593.1279296875,-1,-1,1,-1,-1,-1
4969,36,558.2792358398438,308.639892578125,-1,-1,1,-1,-1,-1
4970,34,799.5850219726562,593.0283203125,-1,-1,1,-1,-1,-1
4971,34,792.5086669921875,592.8863525390625,-1,-1,1,-1,-1,-1
4971,35,934.5973510742188,592.8126220703125,-1,-1,1,-1,-1,-1
4972,34,778.148193359375,600.3436279296875,-1,-1,1,-1,-1,-1
4972,35,920.3489990234375,592.9403076171875,-1,-1,1,-1,-1,-1
4973,34,771.2392578125,600.220458984375,-1,-1,1,-1,-1,-1
4973,35,913.1563720703125,600.09033203125,-1,-1,1,-1,-1,-1
4974,34,756.9390258789062,600.115478515625,-1,-1,1,-1,-1,-1
4974,35,898.9188232421875,600.058349609375,-1,-1,1,-1,-1,-1
4974,36,529.9021606445312,315.87298583984375,-1,-1,1,-1,-1,-1
4975,34,749.852294921875,607.2916259765625,-1,-1,1,-1,-1,-1
4975,35,891.9112548828125,599.8941040039062,-1,-1,1,-1,-1,-1
4976,34,735.6417236328125,607.4494018554688,-1,-1,1,-1,-1,-1
4977,34,728.6029052734375,607.3291625976562,-1,-1,1,-1,-1,-1
4977,35,870.5389404296875,607.2111206054688,-1,-1,1,-1,-1,-1
4978,34,714.3589477539062,607.2945556640625,-1,-1,1,-1,-1,-1
4978,36,501.36358642578125,329.8935546875,-1,-1,1,-1,-1,-1
4979,34,707.2041015625,607.063232421875,-1,-1,1,-1,-1,-1
4979,36,494.5012512207031,329.81787109375,-1,-1,1,-1,-1,-1
4980,34,693.028076171875,607.225830078125,-1,-1,1,-1,-1,-1
4981,34,678.7898559570312,607.23193359375,-1,-1,1,-1,-1,-1
4981,36,480.0339050292969,336.7933349609375,-1,-1,1,-1,-1,-1
4982,34,671.6668701171875,607.1566162109375,-1,-1,1,-1,-1,-1
4982,36,472.81439208984375,336.90753173828125,-1,-1,1,-1,-1,-1
4983,34,657.470703125,614.5584716796875,-1,-1,1,-1,-1,-1
4983,36,465.834228515625,337.04522705078125,-1,-1,1,-1,-1,-1
4984,34,650.3980102539062,614.3902587890625,-1,-1,1,-1,-1,-1
4984,36,458.75177001953125,336.9875793457031,-1,-1,1,-1,-1,-1
4985,34,636.15576171875,614.4749755859375,-1,-1,1,-1,-1,-1
4986,34,622.013671875,614.4813842773438,-1,-1,1,-1,-1,-1
4986,36,437.51068115234375,336.9512634277344,-1,-1,1,-1,-1,-1
4987,34,614.8367919921875,614.429443359375,-1,-1,1,-1,-1,-1
4987,36,437.42132568359375,344.30096435546875,-1,-1,1,-1,-1,-1
4988,34,607.7332153320312,614.4188232421875,-1,-1,1,-1,-1,-1
4989,34,593.61083984375,614.1785888671875,-1,-1,1,-1,-1,-1
4989,36,423.1751708984375,344.134033203125,-1,-1,1,-1,-1,-1
4990,34,579.3755493164062,614.3426513671875,-1,-1,1,-1,-1,-1
4990,36,416.21636962890625,344.171630859375,-1,-1,1,-1,-1,-1
4991,34,565.08056640625,621.60400390625,-1,-1,1,-1,-1,-1
4991,36,401.9437561035156,344.0924072265625,-1,-1,1,-1,-1,-1
4992,34,550.8693237304688,621.7365112304688,-1,-1,1,-1,-1,-1
4992,36,394.87005615234375,344.0383605957031,-1,-1,1,-1,-1,-1
4993,34,536.7569580078125,614.219482421875,-1,-1,1,-1,-1,-1
4994,34,522.4600830078125,614.376708984375,-1,-1,1,-1,-1,-1
4995,34,501.23468017578125,607.2842407226562,-1,-1,1,-1,-1,-1
4996,34,486.9720153808594,607.3886108398438,-1,-1,1,-1,-1,-1
4997,34,472.6583251953125,607.3902587890625,-1,-1,1,-1,-1,-1
4998,34,465.6845397949219,600.0960693359375,-1,-1,1,-1,-1,-1
4999,34,444.2026062011719,600.324951171875,-1,-1,1,-1,-1,-1
5000,34,429.73052978515625,600.022216796875,-1,-1,1,-1,-1,-1
5001,34,415.824462890625,593.0863037109375,-1,-1,1,-1,-1,-1
5002,34,401.7778625488281,585.7916259765625,-1,-1,1,-1,-1,-1
5003,34,380.44683837890625,585.9497680664062,-1,-1,1,-1,-1,-1
5004,34,366.15740966796875,585.941650390625,-1,-1,1,-1,-1,-1
5005,34,344.87103271484375,578.5933837890625,-1,-1,1,-1,-1,-1
5006,34,323.69293212890625,578.6444702148438,-1,-1,1,-1,-1,-1
5007,34,302.18511962890625,578.715576171875,-1,-1,1,-1,-1,-1
5008,34,288.04815673828125,578.4825439453125,-1,-1,1,-1,-1,-1
5008,35,437.37664794921875,571.32763671875,-1,-1,1,-1,-1,-1
5009,34,266.6287841796875,585.98193359375,-1,-1,1,-1,-1,-1
5010,34,245.3260498046875,585.9982299804688,-1,-1,1,-1,-1,-1
5011,34,224.04986572265625,585.955078125,-1,-1,1,-1,-1,-1
5012,34,202.68515014648438,585.9105224609375,-1,-1,1,-1,-1,-1
5013,34,181.45748901367188,585.828369140625,-1,-1,1,-1,-1,-1
5014,34,153.04489135742188,585.804443359375,-1,-1,1,-1,-1,-1
5015,34,131.53652954101562,578.5570068359375,-1,-1,1,-1,-1,-1
5016,34,110.30462646484375,578.6735229492188,-1,-1,1,-1,-1,-1
5017,34,81.96637725830078,578.79248046875,-1,-1,1,-1,-1,-1
5017,35,280.6109619140625,493.6609191894531,-1,-1,1,-1,-1,-1
5018,34,60.71169662475586,578.9366455078125,-1,-1,1,-1,-1,-1
5018,35,259.3636779785156,493.68182373046875,-1,-1,1,-1,-1,-1
5066,37,1808.4041748046875,798.7093505859375,-1,-1,1,-1,-1,-1
5068,37,1772.999755859375,798.7879638671875,-1,-1,1,-1,-1,-1
5069,37,1758.79248046875,798.7330322265625,-1,-1,1,-1,-1,-1
5070,37,1744.4473876953125,798.7601318359375,-1,-1,1,-1,-1,-1
5071,37,1730.4417724609375,798.6224365234375,-1,-1,1,-1,-1,-1
5072,37,1709.230224609375,798.5618896484375,-1,-1,1,-1,-1,-1
5073,37,1695.0521240234375,798.5693359375,-1,-1,1,-1,-1,-1
5074,37,1680.680419921875,798.7236328125,-1,-1,1,-1,-1,-1
5075,37,1659.445556640625,798.8434448242188,-1,-1,1,-1,-1,-1
5076,37,1638.091796875,798.7130126953125,-1,-1,1,-1,-1,-1
5077,37,1623.69970703125,798.6612548828125,-1,-1,1,-1,-1,-1
5078,37,1609.76123046875,798.8233032226562,-1,-1,1,-1,-1,-1
5079,37,1588.4566650390625,798.5255126953125,-1,-1,1,-1,-1,-1
5080,37,1567.109619140625,791.556884765625,-1,-1,1,-1,-1,-1
5081,37,1545.846923828125,791.6484375,-1,-1,1,-1,-1,-1
5082,37,1517.475830078125,791.4243774414062,-1,-1,1,-1,-1,-1
5083,37,1503.33984375,791.3743896484375,-1,-1,1,-1,-1,-1
5084,37,1481.910400390625,784.5078125,-1,-1,1,-1,-1,-1
5085,37,1460.4775390625,784.5234375,-1,-1,1,-1,-1,-1
5086,37,1446.22607421875,784.3653564453125,-1,-1,1,-1,-1,-1
5087,37,1424.61181640625,777.4923706054688,-1,-1,1,-1,-1,-1
5088,37,1403.4921875,777.2500610351562,-1,-1,1,-1,-1,-1
5089,37,1375.075439453125,777.3280029296875,-1,-1,1,-1,-1,-1
5090,37,1353.598388671875,770.2484130859375,-1,-1,1,-1,-1,-1
5091,37,1332.224365234375,770.2193603515625,-1,-1,1,-1,-1,-1
5092,37,1318.174560546875,770.2286987304688,-1,-1,1,-1,-1,-1
5093,37,1296.62158203125,763.2200317382812,-1,-1,1,-1,-1,-1
5094,37,1275.439208984375,763.2332153320312,-1,-1,1,-1,-1,-1
5095,37,1247.1104736328125,763.29638671875,-1,-1,1,-1,-1,-1
5096,37,1225.399658203125,756.4046630859375,-1,-1,1,-1,-1,-1
5097,37,1204.21923828125,756.3169555664062,-1,-1,1,-1,-1,-1
5098,37,1182.91796875,756.2227783203125,-1,-1,1,-1,-1,-1
5099,37,1161.67333984375,756.0836181640625,-1,-1,1,-1,-1,-1
5100,37,1133.31689453125,756.0262451171875,-1,-1,1,-1,-1,-1
5101,37,1111.8896484375,756.0272216796875,-1,-1,1,-1,-1,-1
5102,37,1083.467041015625,756.0588989257812,-1,-1,1,-1,-1,-1
5103,37,1062.29736328125,756.1651000976562,-1,-1,1,-1,-1,-1
5105,37,1012.2813720703125,749.0474853515625,-1,-1,1,-1,-1,-1
5106,37,983.9598388671875,749.05615234375,-1,-1,1,-1,-1,-1
5107,37,962.83203125,749.054443359375,-1,-1,1,-1,-1,-1
5111,37,870.3719482421875,742.2353515625,-1,-1,1,-1,-1,-1
5112,37,842.291748046875,742.185791015625,-1,-1,1,-1,-1,-1
5114,37,792.2694091796875,734.9176025390625,-1,-1,1,-1,-1,-1
5115,37,764.018798828125,734.88134765625,-1,-1,1,-1,-1,-1
5116,37,735.3952026367188,727.6796875,-1,-1,1,-1,-1,-1
5117,37,713.9088134765625,727.778564453125,-1,-1,1,-1,-1,-1
5118,37,685.8203125,727.6494140625,-1,-1,1,-1,-1,-1
5119,37,657.6043701171875,727.834716796875,-1,-1,1,-1,-1,-1
5120,37,636.0865478515625,720.6046142578125,-1,-1,1,-1,-1,-1
5121,37,607.52197265625,720.4564819335938,-1,-1,1,-1,-1,-1
5122,37,586.2127075195312,720.5362548828125,-1,-1,1,-1,-1,-1
5123,37,557.9061279296875,720.4523315429688,-1,-1,1,-1,-1,-1
5124,37,522.39501953125,720.6754760742188,-1,-1,1,-1,-1,-1
5125,37,494.0518798828125,720.6446533203125,-1,-1,1,-1,-1,-1
5126,37,472.79876708984375,720.5564575195312,-1,-1,1,-1,-1,-1
5127,37,444.27398681640625,720.7017822265625,-1,-1,1,-1,-1,-1
5128,37,415.9048156738281,720.7433471679688,-1,-1,1,-1,-1,-1
5129,37,387.7345886230469,720.6934204101562,-1,-1,1,-1,-1,-1
5130,37,359.0914306640625,720.61376953125,-1,-1,1,-1,-1,-1
5131,37,330.9940490722656,720.6100463867188,-1,-1,1,-1,-1,-1
5132,37,309.54168701171875,720.6325073242188,-1,-1,1,-1,-1,-1
5133,37,280.9029235839844,720.5604248046875,-1,-1,1,-1,-1,-1
5134,37,252.57888793945312,720.7828369140625,-1,-1,1,-1,-1,-1
5231,38,1872.218505859375,642.219482421875,-1,-1,1,-1,-1,-1
5232,38,1865.0030517578125,635.0948486328125,-1,-1,1,-1,-1,-1
5244,38,1716.8189697265625,535.7100830078125,-1,-1,1,-1,-1,-1
5246,38,1751.663818359375,464.93701171875,-1,-1,1,-1,-1,-1
5248,38,1652.6832275390625,535.9599609375,-1,-1,1,-1,-1,-1
5249,38,1638.4365234375,535.9776000976562,-1,-1,1,-1,-1,-1
5250,38,1624.288818359375,535.8984985351562,-1,-1,1,-1,-1,-1
5252,38,1595.63916015625,535.967041015625,-1,-1,1,-1,-1,-1
5254,38,1574.0386962890625,535.8883056640625,-1,-1,1,-1,-1,-1
5256,38,1538.5687255859375,542.9060668945312,-1,-1,1,-1,-1,-1
5257,38,1524.273193359375,543.0609741210938,-1,-1,1,-1,-1,-1
5258,38,1510.2373046875,549.927978515625,-1,-1,1,-1,-1,-1
5259,38,1495.8140869140625,550.0174560546875,-1,-1,1,-1,-1,-1
5260,38,1481.7366943359375,550.02880859375,-1,-1,1,-1,-1,-1
5261,38,1474.499267578125,550.0888671875,-1,-1,1,-1,-1,-1
5262,38,1460.28955078125,550.0553588867188,-1,-1,1,-1,-1,-1
5263,38,1446.01220703125,550.0980834960938,-1,-1,1,-1,-1,-1
5264,38,1431.779541015625,557.0869140625,-1,-1,1,-1,-1,-1
5265,38,1424.537353515625,557.032958984375,-1,-1,1,-1,-1,-1
5268,38,1403.28369140625,557.089599609375,-1,-1,1,-1,-1,-1
5269,38,1403.3697509765625,550.1661987304688,-1,-1,1,-1,-1,-1
5270,38,1389.19970703125,557.3129272460938,-1,-1,1,-1,-1,-1
5279,38,1318.13134765625,550.3399047851562,-1,-1,1,-1,-1,-1
5280,38,1303.796142578125,550.2042236328125,-1,-1,1,-1,-1,-1
5281,38,1296.8165283203125,557.210693359375,-1,-1,1,-1,-1,-1
5281,39,1147.786865234375,649.8077392578125,-1,-1,1,-1,-1,-1
5282,38,1289.6646728515625,557.12353515625,-1,-1,1,-1,-1,-1
5283,38,1282.51123046875,557.162109375,-1,-1,1,-1,-1,-1
5283,39,1119.3883056640625,649.80859375,-1,-1,1,-1,-1,-1
5284,38,1275.4903564453125,557.3330078125,-1,-1,1,-1,-1,-1
5284,39,1105.10498046875,649.7518310546875,-1,-1,1,-1,-1,-1
5285,38,1261.16015625,557.0648193359375,-1,-1,1,-1,-1,-1
5285,39,1090.951171875,649.7078857421875,-1,-1,1,-1,-1,-1
5286,38,1254.125732421875,557.3294677734375,-1,-1,1,-1,-1,-1
5286,39,1076.52294921875,642.6358642578125,-1,-1,1,-1,-1,-1
5287,38,1246.897705078125,557.5778198242188,-1,-1,1,-1,-1,-1
5287,39,1062.399658203125,642.7404174804688,-1,-1,1,-1,-1,-1
5288,38,1239.79345703125,557.0979614257812,-1,-1,1,-1,-1,-1
5289,39,1034.071044921875,635.527587890625,-1,-1,1,-1,-1,-1
5291,38,1211.47021484375,543.2001953125,-1,-1,1,-1,-1,-1
5292,38,1197.5550537109375,542.8406982421875,-1,-1,1,-1,-1,-1
5294,38,1183.134521484375,535.9655151367188,-1,-1,1,-1,-1,-1
5319,39,593.9381103515625,543.0302734375,-1,-1,1,-1,-1,-1
5320,39,565.6758422851562,543.088134765625,-1,-1,1,-1,-1,-1
5321,39,529.970947265625,543.1043090820312,-1,-1,1,-1,-1,-1
5322,39,515.85400390625,543.1668090820312,-1,-1,1,-1,-1,-1
5323,39,487.52325439453125,550.189697265625,-1,-1,1,-1,-1,-1
5324,39,466.21978759765625,550.2455444335938,-1,-1,1,-1,-1,-1
5325,39,444.82073974609375,550.2542114257812,-1,-1,1,-1,-1,-1
