8,1,635.8609619140625,699.784423828125,-1,-1,1,-1,-1,-1
9,1,657.3670654296875,706.6975708007812,-1,-1,1,-1,-1,-1
10,1,678.8529052734375,713.611572265625,-1,-1,1,-1,-1,-1
11,1,707.398193359375,713.4781494140625,-1,-1,1,-1,-1,-1
18,1,877.9517822265625,727.65283203125,-1,-1,1,-1,-1,-1
19,1,899.3710327148438,727.8665771484375,-1,-1,1,-1,-1,-1
20,1,920.6793212890625,720.6865234375,-1,-1,1,-1,-1,-1
21,1,948.86962890625,727.991943359375,-1,-1,1,-1,-1,-1
22,1,970.348876953125,720.71923828125,-1,-1,1,-1,-1,-1
23,1,998.6861572265625,713.7242431640625,-1,-1,1,-1,-1,-1
24,1,1027.024658203125,714.0601806640625,-1,-1,1,-1,-1,-1
25,1,1062.5179443359375,713.8893432617188,-1,-1,1,-1,-1,-1
26,1,1091.0623779296875,706.76611328125,-1,-1,1,-1,-1,-1
27,1,1119.434326171875,706.78173828125,-1,-1,1,-1,-1,-1
76,2,984.271240234375,642.4366455078125,-1,-1,1,-1,-1,-1
77,2,991.272216796875,642.60205078125,-1,-1,1,-1,-1,-1
78,2,1005.6353759765625,635.560546875,-1,-1,1,-1,-1,-1
84,2,1126.36572265625,606.9627685546875,-1,-1,1,-1,-1,-1
86,2,1176.1173095703125,607.1148681640625,-1,-1,1,-1,-1,-1
87,2,1204.513916015625,607.1412963867188,-1,-1,1,-1,-1,-1
88,2,1232.943115234375,607.3529052734375,-1,-1,1,-1,-1,-1
89,2,1261.3377685546875,614.3900756835938,-1,-1,1,-1,-1,-1
90,2,1289.8172607421875,614.2042236328125,-1,-1,1,-1,-1,-1
91,2,1318.35400390625,614.3974609375,-1,-1,1,-1,-1,-1
92,2,1353.89794921875,614.3880615234375,-1,-1,1,-1,-1,-1
93,2,1382.355224609375,621.3795166015625,-1,-1,1,-1,-1,-1
94,2,1410.658447265625,628.56103515625,-1,-1,1,-1,-1,-1
95,2,1446.287353515625,628.4329833984375,-1,-1,1,-1,-1,-1
96,2,1474.70703125,635.6348876953125,-1,-1,1,-1,-1,-1
97,2,1510.20849609375,635.808837890625,-1,-1,1,-1,-1,-1
98,2,1538.6572265625,642.902099609375,-1,-1,1,-1,-1,-1
99,2,1567.0045166015625,650.1171875,-1,-1,1,-1,-1,-1
100,2,1602.61767578125,650.010986328125,-1,-1,1,-1,-1,-1
101,2,1638.1826171875,657.1414184570312,-1,-1,1,-1,-1,-1
125,3,465.78955078125,699.2525634765625,-1,-1,1,-1,-1,-1
126,3,487.0638427734375,699.3008422851562,-1,-1,1,-1,-1,-1
127,3,508.4400634765625,699.2413330078125,-1,-1,1,-1,-1,-1
128,3,529.6148681640625,699.40478515625,-1,-1,1,-1,-1,-1
129,3,550.8079833984375,706.2147216796875,-1,-1,1,-1,-1,-1
130,3,565.0706787109375,706.3739013671875,-1,-1,1,-1,-1,-1
131,3,586.4472045898438,706.3941650390625,-1,-1,1,-1,-1,-1
132,3,600.67431640625,706.4268798828125,-1,-1,1,-1,-1,-1
133,3,614.8035278320312,699.4518432617188,-1,-1,1,-1,-1,-1
134,3,621.762451171875,692.05810546875,-1,-1,1,-1,-1,-1
135,3,636.006591796875,691.783447265625,-1,-1,1,-1,-1,-1
136,3,657.3345947265625,684.7581787109375,-1,-1,1,-1,-1,-1
137,3,671.4622802734375,684.774169921875,-1,-1,1,-1,-1,-1
138,3,678.5478515625,684.809326171875,-1,-1,1,-1,-1,-1
139,3,692.8154296875,684.8511962890625,-1,-1,1,-1,-1,-1
140,3,699.768798828125,677.7733154296875,-1,-1,1,-1,-1,-1
141,3,706.8883666992188,677.7509155273438,-1,-1,1,-1,-1,-1
142,3,706.99951171875,677.65234375,-1,-1,1,-1,-1,-1
143,3,714.15087890625,684.7994384765625,-1,-1,1,-1,-1,-1
144,3,713.9000244140625,684.704345703125,-1,-1,1,-1,-1,-1
145,3,713.7774047851562,692.153564453125,-1,-1,1,-1,-1,-1
146,3,713.9262084960938,699.1864013671875,-1,-1,1,-1,-1,-1
147,3,713.8016967773438,706.4490966796875,-1,-1,1,-1,-1,-1
148,3,713.7857055664062,713.5498046875,-1,-1,1,-1,-1,-1
149,3,713.8575439453125,713.518310546875,-1,-1,1,-1,-1,-1
150,3,713.8993530273438,720.6414794921875,-1,-1,1,-1,-1,-1
151,3,714.090576171875,720.626953125,-1,-1,1,-1,-1,-1
152,3,714.1422119140625,720.694091796875,-1,-1,1,-1,-1,-1
153,3,714.1424560546875,727.6337890625,-1,-1,1,-1,-1,-1
154,3,714.3228759765625,727.71533203125,-1,-1,1,-1,-1,-1
155,3,707.2711181640625,734.5821533203125,-1,-1,1,-1,-1,-1
156,3,707.176513671875,734.8037109375,-1,-1,1,-1,-1,-1
157,3,707.2374267578125,741.9146728515625,-1,-1,1,-1,-1,-1
158,3,707.1072998046875,742.0677490234375,-1,-1,1,-1,-1,-1
159,3,714.2305297851562,749.135498046875,-1,-1,1,-1,-1,-1
160,3,714.349609375,749.1112060546875,-1,-1,1,-1,-1,-1
161,3,721.496826171875,749.17138671875,-1,-1,1,-1,-1,-1
162,3,728.669677734375,756.2255859375,-1,-1,1,-1,-1,-1
163,3,742.7877197265625,763.3519287109375,-1,-1,1,-1,-1,-1
164,3,749.7570190429688,763.491455078125,-1,-1,1,-1,-1,-1
165,3,764.0216674804688,770.7357177734375,-1,-1,1,-1,-1,-1
166,3,771.1409912109375,770.65771484375,-1,-1,1,-1,-1,-1
167,3,785.318359375,770.7891845703125,-1,-1,1,-1,-1,-1
168,3,785.3790893554688,770.6396484375,-1,-1,1,-1,-1,-1
169,3,800.0076904296875,770.668701171875,-1,-1,1,-1,-1,-1
170,3,807.0574340820312,770.7503662109375,-1,-1,1,-1,-1,-1
171,3,821.28955078125,770.7745361328125,-1,-1,1,-1,-1,-1
172,3,835.1415405273438,763.5885009765625,-1,-1,1,-1,-1,-1
173,3,856.5791015625,763.7001953125,-1,-1,1,-1,-1,-1
174,3,870.7783203125,763.5726928710938,-1,-1,1,-1,-1,-1
175,3,892.275634765625,763.6571655273438,-1,-1,1,-1,-1,-1
176,3,899.2734375,756.6478271484375,-1,-1,1,-1,-1,-1
177,3,920.4158325195312,749.314697265625,-1,-1,1,-1,-1,-1
178,3,934.6743774414062,749.528076171875,-1,-1,1,-1,-1,-1
179,3,956.0949096679688,742.1283569335938,-1,-1,1,-1,-1,-1
180,3,984.4014892578125,742.2928466796875,-1,-1,1,-1,-1,-1
181,3,1005.7684936523438,742.3392333984375,-1,-1,1,-1,-1,-1
182,3,1026.9295654296875,735.46923828125,-1,-1,1,-1,-1,-1
183,3,1062.5750732421875,727.9202880859375,-1,-1,1,-1,-1,-1
184,3,1083.69384765625,728.072265625,-1,-1,1,-1,-1,-1
185,3,1112.25341796875,728.3004150390625,-1,-1,1,-1,-1,-1
186,3,1140.542724609375,721.1035766601562,-1,-1,1,-1,-1,-1
187,3,1161.9482421875,713.6375732421875,-1,-1,1,-1,-1,-1
188,3,1183.318115234375,706.5914306640625,-1,-1,1,-1,-1,-1
189,3,1211.642333984375,706.53759765625,-1,-1,1,-1,-1,-1
190,3,1240.158447265625,706.5831298828125,-1,-1,1,-1,-1,-1
191,3,1268.6038818359375,706.6022338867188,-1,-1,1,-1,-1,-1
192,3,1289.74755859375,706.47607421875,-1,-1,1,-1,-1,-1
193,3,1303.8828125,706.50927734375,-1,-1,1,-1,-1,-1
194,3,1332.14794921875,706.8614501953125,-1,-1,1,-1,-1,-1
195,3,1353.673583984375,706.6405029296875,-1,-1,1,-1,-1,-1
196,3,1374.9990234375,706.8530883789062,-1,-1,1,-1,-1,-1
197,3,1396.148193359375,699.3233642578125,-1,-1,1,-1,-1,-1
198,3,1431.289794921875,699.477294921875,-1,-1,1,-1,-1,-1
199,3,1459.998291015625,692.5145263671875,-1,-1,1,-1,-1,-1
200,3,1481.45263671875,685.1416015625,-1,-1,1,-1,-1,-1
201,3,1495.924072265625,685.1727294921875,-1,-1,1,-1,-1,-1
204,3,1566.782958984375,677.9881591796875,-1,-1,1,-1,-1,-1
205,3,1587.9332275390625,678.1339111328125,-1,-1,1,-1,-1,-1
206,3,1609.404052734375,678.0103759765625,-1,-1,1,-1,-1,-1
207,3,1637.7470703125,678.1200561523438,-1,-1,1,-1,-1,-1
328,4,422.9883728027344,564.5697021484375,-1,-1,1,-1,-1,-1
331,4,444.20001220703125,564.8175048828125,-1,-1,1,-1,-1,-1
332,4,458.27264404296875,564.8109130859375,-1,-1,1,-1,-1,-1
333,4,465.5777587890625,557.544189453125,-1,-1,1,-1,-1,-1
334,4,472.62152099609375,564.4688720703125,-1,-1,1,-1,-1,-1
335,4,486.7026062011719,564.6163330078125,-1,-1,1,-1,-1,-1
336,4,493.85443115234375,564.5637817382812,-1,-1,1,-1,-1,-1
337,4,501.05340576171875,564.6467895507812,-1,-1,1,-1,-1,-1
338,4,515.08056640625,571.6500854492188,-1,-1,1,-1,-1,-1
339,4,529.2674560546875,571.7022094726562,-1,-1,1,-1,-1,-1
340,4,543.6605224609375,571.8701171875,-1,-1,1,-1,-1,-1
341,4,564.9426879882812,578.67724609375,-1,-1,1,-1,-1,-1
342,4,579.0894165039062,578.7923583984375,-1,-1,1,-1,-1,-1
343,4,600.414306640625,578.5791015625,-1,-1,1,-1,-1,-1
344,4,621.81298828125,578.7351684570312,-1,-1,1,-1,-1,-1
345,4,643.0660400390625,585.5133056640625,-1,-1,1,-1,-1,-1
346,4,671.584716796875,585.572998046875,-1,-1,1,-1,-1,-1
347,4,692.9676513671875,585.6643676757812,-1,-1,1,-1,-1,-1
348,4,714.1646728515625,585.7200927734375,-1,-1,1,-1,-1,-1
349,4,728.634033203125,592.6393432617188,-1,-1,1,-1,-1,-1
350,4,749.7698364257812,592.737548828125,-1,-1,1,-1,-1,-1
351,4,771.189208984375,592.8390502929688,-1,-1,1,-1,-1,-1
352,4,785.4344482421875,592.7361450195312,-1,-1,1,-1,-1,-1
353,4,806.6461181640625,592.5732421875,-1,-1,1,-1,-1,-1
354,4,820.8818359375,592.78955078125,-1,-1,1,-1,-1,-1
355,4,835.143310546875,592.6565551757812,-1,-1,1,-1,-1,-1
356,4,849.39794921875,592.6400146484375,-1,-1,1,-1,-1,-1
357,4,863.5513916015625,585.6886596679688,-1,-1,1,-1,-1,-1
358,4,877.855224609375,592.7044067382812,-1,-1,1,-1,-1,-1
359,4,892.02587890625,592.7186279296875,-1,-1,1,-1,-1,-1
360,4,899.0888671875,592.7353515625,-1,-1,1,-1,-1,-1
361,4,906.2938842773438,592.748779296875,-1,-1,1,-1,-1,-1
362,4,913.232177734375,592.791748046875,-1,-1,1,-1,-1,-1
363,4,927.4296875,592.7994384765625,-1,-1,1,-1,-1,-1
364,4,934.6204833984375,599.8694458007812,-1,-1,1,-1,-1,-1
365,4,941.60498046875,599.9073486328125,-1,-1,1,-1,-1,-1
366,4,941.7291259765625,606.8663330078125,-1,-1,1,-1,-1,-1
367,4,956.001953125,607.0309448242188,-1,-1,1,-1,-1,-1
368,4,962.961669921875,607.1331787109375,-1,-1,1,-1,-1,-1
369,4,970.0899658203125,614.1212158203125,-1,-1,1,-1,-1,-1
370,4,984.2457275390625,614.138671875,-1,-1,1,-1,-1,-1
371,4,991.2811889648438,621.1141967773438,-1,-1,1,-1,-1,-1
372,4,998.4961547851562,621.1867065429688,-1,-1,1,-1,-1,-1
373,4,1005.6409301757812,621.2384033203125,-1,-1,1,-1,-1,-1
374,4,1019.7509765625,621.234375,-1,-1,1,-1,-1,-1
375,4,1026.8369140625,621.2233276367188,-1,-1,1,-1,-1,-1
376,4,1041.1671142578125,621.2071533203125,-1,-1,1,-1,-1,-1
377,4,1055.381591796875,621.070068359375,-1,-1,1,-1,-1,-1
378,4,1062.359130859375,621.1873779296875,-1,-1,1,-1,-1,-1
379,4,1076.610107421875,614.2662353515625,-1,-1,1,-1,-1,-1
380,4,1090.80078125,614.3167724609375,-1,-1,1,-1,-1,-1
381,4,1104.8525390625,621.109619140625,-1,-1,1,-1,-1,-1
383,4,1133.443115234375,614.3358154296875,-1,-1,1,-1,-1,-1
384,4,1147.376708984375,614.0389404296875,-1,-1,1,-1,-1,-1
385,4,1161.8951416015625,607.2540283203125,-1,-1,1,-1,-1,-1
386,4,1183.227783203125,606.999267578125,-1,-1,1,-1,-1,-1
398,4,1396.4041748046875,585.9442138671875,-1,-1,1,-1,-1,-1
400,4,1439.0023193359375,585.9950561523438,-1,-1,1,-1,-1,-1
401,4,1460.22607421875,585.9529418945312,-1,-1,1,-1,-1,-1
652,5,416.2739562988281,515.0242919921875,-1,-1,1,-1,-1,-1
653,5,437.40606689453125,514.9388427734375,-1,-1,1,-1,-1,-1
654,5,458.832763671875,514.9813842773438,-1,-1,1,-1,-1,-1
655,5,480.0799560546875,514.9583740234375,-1,-1,1,-1,-1,-1
656,5,501.5102844238281,507.7967224121094,-1,-1,1,-1,-1,-1
657,5,522.8441162109375,507.83209228515625,-1,-1,1,-1,-1,-1
658,5,536.9417724609375,507.77569580078125,-1,-1,1,-1,-1,-1
659,5,558.2952880859375,507.9569396972656,-1,-1,1,-1,-1,-1
660,5,572.5068359375,508.00677490234375,-1,-1,1,-1,-1,-1
661,5,586.8525390625,500.7386474609375,-1,-1,1,-1,-1,-1
662,5,600.9738159179688,500.90740966796875,-1,-1,1,-1,-1,-1
662,6,849.5927734375,741.7298583984375,-1,-1,1,-1,-1,-1
663,5,622.2551879882812,493.79852294921875,-1,-1,1,-1,-1,-1
663,6,877.9383544921875,741.7316284179688,-1,-1,1,-1,-1,-1
664,5,643.695556640625,486.61065673828125,-1,-1,1,-1,-1,-1
664,6,899.2352905273438,734.6775512695312,-1,-1,1,-1,-1,-1
665,5,664.841552734375,486.698486328125,-1,-1,1,-1,-1,-1
665,6,920.6024169921875,727.63427734375,-1,-1,1,-1,-1,-1
666,5,679.0862426757812,479.667236328125,-1,-1,1,-1,-1,-1
666,6,949.0301513671875,720.5759887695312,-1,-1,1,-1,-1,-1
667,5,700.5357666015625,472.64013671875,-1,-1,1,-1,-1,-1
667,6,970.5255126953125,720.5423583984375,-1,-1,1,-1,-1,-1
668,5,721.6785888671875,465.34771728515625,-1,-1,1,-1,-1,-1
669,5,743.08984375,458.1829833984375,-1,-1,1,-1,-1,-1
670,5,757.351806640625,458.2681579589844,-1,-1,1,-1,-1,-1
671,5,778.4879150390625,451.20904541015625,-1,-1,1,-1,-1,-1
672,5,792.785888671875,444.17877197265625,-1,-1,1,-1,-1,-1
672,6,1084.0035400390625,692.174560546875,-1,-1,1,-1,-1,-1
673,5,814.05859375,437.0030212402344,-1,-1,1,-1,-1,-1
674,5,828.2976684570312,429.87677001953125,-1,-1,1,-1,-1,-1
674,6,1119.4541015625,684.922119140625,-1,-1,1,-1,-1,-1
675,5,842.584716796875,429.99127197265625,-1,-1,1,-1,-1,-1
675,6,1140.78125,677.904296875,-1,-1,1,-1,-1,-1
676,5,856.90771484375,422.8466796875,-1,-1,1,-1,-1,-1
676,6,1154.905517578125,677.9827270507812,-1,-1,1,-1,-1,-1
677,5,877.8482666015625,422.8092956542969,-1,-1,1,-1,-1,-1
677,6,1176.35888671875,677.9111938476562,-1,-1,1,-1,-1,-1
678,5,892.263671875,422.92303466796875,-1,-1,1,-1,-1,-1
678,6,1197.642578125,677.9989013671875,-1,-1,1,-1,-1,-1
679,5,913.564697265625,415.61431884765625,-1,-1,1,-1,-1,-1
679,6,1218.948974609375,677.9044189453125,-1,-1,1,-1,-1,-1
680,5,927.9410400390625,415.6947326660156,-1,-1,1,-1,-1,-1
680,6,1240.613525390625,684.9966430664062,-1,-1,1,-1,-1,-1
681,5,942.1520385742188,415.6881103515625,-1,-1,1,-1,-1,-1
681,6,1254.777099609375,684.8916625976562,-1,-1,1,-1,-1,-1
682,5,956.1475219726562,422.9150695800781,-1,-1,1,-1,-1,-1
682,6,1275.979736328125,685.12939453125,-1,-1,1,-1,-1,-1
683,5,970.384521484375,422.917724609375,-1,-1,1,-1,-1,-1
683,6,1290.2979736328125,692.0645141601562,-1,-1,1,-1,-1,-1
684,5,984.6573486328125,422.8997497558594,-1,-1,1,-1,-1,-1
684,6,1311.45458984375,692.173583984375,-1,-1,1,-1,-1,-1
685,5,998.9136962890625,422.7059326171875,-1,-1,1,-1,-1,-1
686,5,1005.8139038085938,429.8851013183594,-1,-1,1,-1,-1,-1
687,5,1013.0499267578125,429.875244140625,-1,-1,1,-1,-1,-1
688,5,1027.2998046875,429.8941650390625,-1,-1,1,-1,-1,-1
689,5,1041.5413818359375,429.8311767578125,-1,-1,1,-1,-1,-1
690,5,1048.317626953125,436.97747802734375,-1,-1,1,-1,-1,-1
691,5,1062.7242431640625,437.01361083984375,-1,-1,1,-1,-1,-1
692,5,1077.143310546875,436.92669677734375,-1,-1,1,-1,-1,-1
693,5,1091.247802734375,444.17071533203125,-1,-1,1,-1,-1,-1
694,5,1098.2647705078125,443.963134765625,-1,-1,1,-1,-1,-1
695,5,1112.69384765625,443.9886779785156,-1,-1,1,-1,-1,-1
696,5,1126.935791015625,443.97247314453125,-1,-1,1,-1,-1,-1
697,5,1148.10791015625,443.9630432128906,-1,-1,1,-1,-1,-1
698,5,1162.237548828125,443.9117431640625,-1,-1,1,-1,-1,-1
699,5,1176.5853271484375,451.26763916015625,-1,-1,1,-1,-1,-1
700,5,1197.90576171875,451.1864929199219,-1,-1,1,-1,-1,-1
701,5,1219.19677734375,451.0691223144531,-1,-1,1,-1,-1,-1
702,5,1240.644287109375,451.1344909667969,-1,-1,1,-1,-1,-1
703,5,1261.86279296875,451.0599060058594,-1,-1,1,-1,-1,-1
704,5,1283.4476318359375,451.17425537109375,-1,-1,1,-1,-1,-1
705,5,1304.40625,458.2811279296875,-1,-1,1,-1,-1,-1
706,5,1325.8992919921875,458.379638671875,-1,-1,1,-1,-1,-1
707,5,1347.348388671875,458.3424072265625,-1,-1,1,-1,-1,-1
708,5,1368.5819091796875,458.3135986328125,-1,-1,1,-1,-1,-1
709,5,1389.577392578125,465.47235107421875,-1,-1,1,-1,-1,-1
710,5,1411.08203125,465.3739318847656,-1,-1,1,-1,-1,-1
711,5,1432.3602294921875,465.1521301269531,-1,-1,1,-1,-1,-1
712,5,1453.586669921875,465.06805419921875,-1,-1,1,-1,-1,-1
713,5,1482.1787109375,465.1226806640625,-1,-1,1,-1,-1,-1
714,5,1503.3140869140625,472.3284912109375,-1,-1,1,-1,-1,-1
715,5,1524.655517578125,472.267822265625,-1,-1,1,-1,-1,-1
793,7,352.1174011230469,741.890869140625,-1,-1,1,-1,-1,-1
795,7,387.63677978515625,741.8460693359375,-1,-1,1,-1,-1,-1
801,7,479.868408203125,741.9212036132812,-1,-1,1,-1,-1,-1
802,7,501.3046569824219,749.0030517578125,-1,-1,1,-1,-1,-1
804,7,536.857177734375,749.045166015625,-1,-1,1,-1,-1,-1
805,7,558.21484375,748.9775390625,-1,-1,1,-1,-1,-1
806,7,586.4041748046875,755.994384765625,-1,-1,1,-1,-1,-1
807,7,607.8697509765625,755.9798583984375,-1,-1,1,-1,-1,-1
808,7,622.07080078125,749.0733642578125,-1,-1,1,-1,-1,-1
809,7,643.390869140625,749.0869140625,-1,-1,1,-1,-1,-1
810,7,664.5568237304688,749.199462890625,-1,-1,1,-1,-1,-1
819,7,991.4745483398438,770.3428344726562,-1,-1,1,-1,-1,-1
820,7,1034.193359375,770.3609619140625,-1,-1,1,-1,-1,-1
821,7,1076.788818359375,777.5670166015625,-1,-1,1,-1,-1,-1
822,7,1119.3310546875,777.47314453125,-1,-1,1,-1,-1,-1
823,7,1169.180908203125,777.36328125,-1,-1,1,-1,-1,-1
824,7,1211.675537109375,784.5872192382812,-1,-1,1,-1,-1,-1
825,7,1261.5693359375,791.656005859375,-1,-1,1,-1,-1,-1
826,7,1311.0352783203125,791.3505859375,-1,-1,1,-1,-1,-1
827,7,1360.890380859375,798.7296142578125,-1,-1,1,-1,-1,-1
829,7,1474.70654296875,812.92431640625,-1,-1,1,-1,-1,-1
830,7,1531.6669921875,820.15478515625,-1,-1,1,-1,-1,-1
832,7,1666.5089111328125,834.2320556640625,-1,-1,1,-1,-1,-1
833,7,1730.722900390625,841.32080078125,-1,-1,1,-1,-1,-1
896,8,643.2122802734375,408.1387634277344,-1,-1,1,-1,-1,-1
897,8,657.30908203125,415.3349914550781,-1,-1,1,-1,-1,-1
899,8,678.78564453125,436.55926513671875,-1,-1,1,-1,-1,-1
900,8,693.009521484375,436.9661865234375,-1,-1,1,-1,-1,-1
901,8,707.140380859375,443.9420166015625,-1,-1,1,-1,-1,-1
902,8,714.28759765625,443.95941162109375,-1,-1,1,-1,-1,-1
903,8,728.4774169921875,444.03564453125,-1,-1,1,-1,-1,-1
905,8,749.80517578125,450.79644775390625,-1,-1,1,-1,-1,-1
906,8,756.9537353515625,450.8377685546875,-1,-1,1,-1,-1,-1
907,8,771.1590576171875,450.93914794921875,-1,-1,1,-1,-1,-1
908,8,778.3609619140625,451.02398681640625,-1,-1,1,-1,-1,-1
909,8,785.436767578125,451.128173828125,-1,-1,1,-1,-1,-1
910,8,792.4090576171875,451.197265625,-1,-1,1,-1,-1,-1
911,8,799.58447265625,451.01812744140625,-1,-1,1,-1,-1,-1
912,8,806.7490234375,451.16375732421875,-1,-1,1,-1,-1,-1
913,8,813.8067016601562,458.2066650390625,-1,-1,1,-1,-1,-1
914,8,821.0670166015625,464.988037109375,-1,-1,1,-1,-1,-1
915,8,828.0817260742188,465.3941955566406,-1,-1,1,-1,-1,-1
916,8,835.121337890625,472.4677734375,-1,-1,1,-1,-1,-1
917,8,842.223388671875,479.26629638671875,-1,-1,1,-1,-1,-1
918,8,842.2279052734375,486.382080078125,-1,-1,1,-1,-1,-1
919,8,849.3773193359375,486.5548095703125,-1,-1,1,-1,-1,-1
920,8,856.475830078125,493.8064270019531,-1,-1,1,-1,-1,-1
921,8,863.44482421875,500.7950439453125,-1,-1,1,-1,-1,-1
922,8,870.6130981445312,507.8120422363281,-1,-1,1,-1,-1,-1
923,8,884.8194580078125,514.923583984375,-1,-1,1,-1,-1,-1
924,8,892.0224609375,522.0828857421875,-1,-1,1,-1,-1,-1
926,8,913.3289794921875,536.2703247070312,-1,-1,1,-1,-1,-1
927,8,920.5447387695312,543.393310546875,-1,-1,1,-1,-1,-1
928,8,934.7384033203125,550.1227416992188,-1,-1,1,-1,-1,-1
929,8,941.697998046875,557.3016357421875,-1,-1,1,-1,-1,-1
930,8,948.99365234375,557.58056640625,-1,-1,1,-1,-1,-1
931,8,955.8729248046875,564.137939453125,-1,-1,1,-1,-1,-1
932,8,963.2857666015625,564.574462890625,-1,-1,1,-1,-1,-1
933,8,970.1317138671875,571.4083251953125,-1,-1,1,-1,-1,-1
934,8,977.4693603515625,571.7403564453125,-1,-1,1,-1,-1,-1
935,8,984.5450439453125,571.7498168945312,-1,-1,1,-1,-1,-1
936,8,991.604736328125,571.6552124023438,-1,-1,1,-1,-1,-1
937,8,1005.8568725585938,578.650634765625,-1,-1,1,-1,-1,-1
938,8,1012.939453125,578.7393188476562,-1,-1,1,-1,-1,-1
939,8,1020.12744140625,578.85986328125,-1,-1,1,-1,-1,-1
940,8,1034.3482666015625,578.7190551757812,-1,-1,1,-1,-1,-1
941,8,1041.39794921875,578.6995849609375,-1,-1,1,-1,-1,-1
942,8,1055.60888671875,578.7296142578125,-1,-1,1,-1,-1,-1
943,8,1062.7484130859375,578.7105712890625,-1,-1,1,-1,-1,-1
944,8,1076.9869384765625,578.760009765625,-1,-1,1,-1,-1,-1
945,8,1091.133544921875,578.5501098632812,-1,-1,1,-1,-1,-1
946,8,1098.2728271484375,578.76806640625,-1,-1,1,-1,-1,-1
947,8,1112.49755859375,579.064208984375,-1,-1,1,-1,-1,-1
948,8,1119.638916015625,579.1661376953125,-1,-1,1,-1,-1,-1
949,8,1126.7490234375,586.0372924804688,-1,-1,1,-1,-1,-1
950,8,1133.8726806640625,586.1229248046875,-1,-1,1,-1,-1,-1
951,8,1140.951171875,586.125,-1,-1,1,-1,-1,-1
952,8,1148.107666015625,586.069580078125,-1,-1,1,-1,-1,-1
953,8,1155.2572021484375,586.013916015625,-1,-1,1,-1,-1,-1
954,8,1162.304443359375,578.9307861328125,-1,-1,1,-1,-1,-1
955,8,1169.2734375,579.1141357421875,-1,-1,1,-1,-1,-1
956,8,1176.3797607421875,579.1233520507812,-1,-1,1,-1,-1,-1
957,8,1183.5289306640625,579.1150512695312,-1,-1,1,-1,-1,-1
958,8,1190.6773681640625,578.875244140625,-1,-1,1,-1,-1,-1
959,8,1197.68701171875,571.8223876953125,-1,-1,1,-1,-1,-1
960,8,1204.841064453125,572.0684814453125,-1,-1,1,-1,-1,-1
961,8,1219.064697265625,572.048583984375,-1,-1,1,-1,-1,-1
962,8,1226.144287109375,571.94189453125,-1,-1,1,-1,-1,-1
963,8,1240.35107421875,564.9407958984375,-1,-1,1,-1,-1,-1
964,8,1247.383056640625,564.8888549804688,-1,-1,1,-1,-1,-1
965,8,1261.698974609375,564.8642578125,-1,-1,1,-1,-1,-1
966,8,1275.88525390625,557.56689453125,-1,-1,1,-1,-1,-1
967,8,1290.12353515625,557.9600830078125,-1,-1,1,-1,-1,-1
968,8,1304.377197265625,557.7628173828125,-1,-1,1,-1,-1,-1
969,8,1325.5828857421875,550.7142333984375,-1,-1,1,-1,-1,-1
970,8,1339.932373046875,550.7659912109375,-1,-1,1,-1,-1,-1
971,8,1361.29248046875,543.3157348632812,-1,-1,1,-1,-1,-1
972,8,1375.30224609375,543.2471313476562,-1,-1,1,-1,-1,-1
973,8,1389.4853515625,543.5067138671875,-1,-1,1,-1,-1,-1
974,8,1403.906494140625,543.6424560546875,-1,-1,1,-1,-1,-1
975,8,1418.0313720703125,543.6942749023438,-1,-1,1,-1,-1,-1
976,8,1432.279052734375,543.6585083007812,-1,-1,1,-1,-1,-1
977,8,1453.44970703125,543.6144409179688,-1,-1,1,-1,-1,-1
978,8,1467.6705322265625,543.4556274414062,-1,-1,1,-1,-1,-1
979,8,1481.9869384765625,543.5289306640625,-1,-1,1,-1,-1,-1
980,8,1496.2548828125,543.537841796875,-1,-1,1,-1,-1,-1
981,8,1510.355224609375,543.531982421875,-1,-1,1,-1,-1,-1
982,8,1524.649169921875,536.2215576171875,-1,-1,1,-1,-1,-1
983,8,1531.80615234375,543.608154296875,-1,-1,1,-1,-1,-1
984,8,1545.932373046875,543.3697509765625,-1,-1,1,-1,-1,-1
985,8,1553.06494140625,543.4541625976562,-1,-1,1,-1,-1,-1
986,8,1560.0736083984375,543.352294921875,-1,-1,1,-1,-1,-1
987,8,1567.099365234375,543.315185546875,-1,-1,1,-1,-1,-1
988,8,1567.3011474609375,550.5809326171875,-1,-1,1,-1,-1,-1
989,8,1574.2666015625,550.5556640625,-1,-1,1,-1,-1,-1
990,8,1574.29248046875,550.5253295898438,-1,-1,1,-1,-1,-1
991,8,1574.28955078125,550.5528564453125,-1,-1,1,-1,-1,-1
992,8,1574.3330078125,550.56591796875,-1,-1,1,-1,-1,-1
993,8,1574.327880859375,550.3546752929688,-1,-1,1,-1,-1,-1
994,8,1574.279541015625,557.6646118164062,-1,-1,1,-1,-1,-1
995,8,1574.4302978515625,557.693359375,-1,-1,1,-1,-1,-1
996,8,1574.338623046875,557.6458740234375,-1,-1,1,-1,-1,-1
997,8,1581.2958984375,557.6484375,-1,-1,1,-1,-1,-1
998,8,1595.51513671875,557.872802734375,-1,-1,1,-1,-1,-1
999,8,1609.694580078125,550.512451171875,-1,-1,1,-1,-1,-1
1000,8,1631.165283203125,550.5599365234375,-1,-1,1,-1,-1,-1
1001,8,1645.296142578125,543.5068359375,-1,-1,1,-1,-1,-1
1002,8,1666.55859375,543.40966796875,-1,-1,1,-1,-1,-1
1003,8,1687.826416015625,536.3818969726562,-1,-1,1,-1,-1,-1
1004,8,1716.3651123046875,536.361328125,-1,-1,1,-1,-1,-1
1005,8,1744.749267578125,529.2628173828125,-1,-1,1,-1,-1,-1
1006,8,1766.0196533203125,529.1968383789062,-1,-1,1,-1,-1,-1
1007,8,1794.36962890625,529.2040405273438,-1,-1,1,-1,-1,-1
1008,8,1822.7088623046875,529.1574096679688,-1,-1,1,-1,-1,-1
1009,8,1851.1693115234375,529.0670776367188,-1,-1,1,-1,-1,-1
1010,8,1879.609130859375,528.9072265625,-1,-1,1,-1,-1,-1
1575,9,778.099609375,450.50439453125,-1,-1,1,-1,-1,-1
1578,9,835.0169677734375,450.3172912597656,-1,-1,1,-1,-1,-1
1579,9,849.2642822265625,443.2596435546875,-1,-1,1,-1,-1,-1
1580,9,877.498046875,443.5650329589844,-1,-1,1,-1,-1,-1
1582,9,906.2508544921875,429.5142517089844,-1,-1,1,-1,-1,-1
1583,9,927.4456787109375,422.0638427734375,-1,-1,1,-1,-1,-1
1584,9,948.8621826171875,415.221435546875,-1,-1,1,-1,-1,-1
1585,9,963.09814453125,415.51531982421875,-1,-1,1,-1,-1,-1
1586,9,984.5047607421875,408.3524169921875,-1,-1,1,-1,-1,-1
1587,9,1005.7376708984375,401.291015625,-1,-1,1,-1,-1,-1
1588,9,1027.1488037109375,400.4725646972656,-1,-1,1,-1,-1,-1
1589,9,1041.519775390625,393.59173583984375,-1,-1,1,-1,-1,-1
1612,10,103.43476867675781,500.5435791015625,-1,-1,1,-1,-1,-1
1613,10,139.00534057617188,500.4835510253906,-1,-1,1,-1,-1,-1
1615,10,210.01724243164062,507.5721435546875,-1,-1,1,-1,-1,-1
1617,10,273.84368896484375,514.7860717773438,-1,-1,1,-1,-1,-1
1638,10,870.398193359375,564.5208129882812,-1,-1,1,-1,-1,-1
1640,10,927.427978515625,564.1544189453125,-1,-1,1,-1,-1,-1
1642,10,984.0853271484375,564.3003540039062,-1,-1,1,-1,-1,-1
1644,10,1040.8134765625,571.6280517578125,-1,-1,1,-1,-1,-1
1645,10,1068.9921875,571.7013549804688,-1,-1,1,-1,-1,-1
1646,10,1097.50634765625,571.61279296875,-1,-1,1,-1,-1,-1
1647,10,1126.091552734375,571.66259765625,-1,-1,1,-1,-1,-1
1648,10,1154.629638671875,564.3431396484375,-1,-1,1,-1,-1,-1
1649,10,1183.068359375,564.27197265625,-1,-1,1,-1,-1,-1
1650,10,1211.604736328125,564.1596069335938,-1,-1,1,-1,-1,-1
1653,10,1296.867431640625,550.0889892578125,-1,-1,1,-1,-1,-1
1654,10,1325.268310546875,550.0083618164062,-1,-1,1,-1,-1,-1
1713,11,167.42904663085938,557.66552734375,-1,-1,1,-1,-1,-1
1714,11,202.69943237304688,557.717041015625,-1,-1,1,-1,-1,-1
1715,11,238.33645629882812,557.660400390625,-1,-1,1,-1,-1,-1
1716,11,273.9205017089844,557.56494140625,-1,-1,1,-1,-1,-1
1717,11,302.35400390625,557.759521484375,-1,-1,1,-1,-1,-1
1718,11,338.0084228515625,564.831298828125,-1,-1,1,-1,-1,-1
1719,11,366.1407165527344,564.8034057617188,-1,-1,1,-1,-1,-1
1720,11,401.89263916015625,571.9339599609375,-1,-1,1,-1,-1,-1
1721,11,430.1243591308594,571.67529296875,-1,-1,1,-1,-1,-1
1722,11,458.4918212890625,578.8868408203125,-1,-1,1,-1,-1,-1
1723,11,479.91058349609375,578.9322509765625,-1,-1,1,-1,-1,-1
1724,11,508.4910888671875,586.1072998046875,-1,-1,1,-1,-1,-1
1725,11,536.63916015625,585.9212646484375,-1,-1,1,-1,-1,-1
1726,11,558.244873046875,586.1536254882812,-1,-1,1,-1,-1,-1
1727,11,586.5948486328125,593.1943359375,-1,-1,1,-1,-1,-1
1728,11,614.9818725585938,593.119384765625,-1,-1,1,-1,-1,-1
1729,11,643.481201171875,593.132080078125,-1,-1,1,-1,-1,-1
1730,11,665.054443359375,600.2457275390625,-1,-1,1,-1,-1,-1
1731,11,686.1571044921875,600.201904296875,-1,-1,1,-1,-1,-1
1732,11,714.33154296875,593.0151977539062,-1,-1,1,-1,-1,-1
1733,11,735.849853515625,593.172607421875,-1,-1,1,-1,-1,-1
1734,11,757.208740234375,593.3408813476562,-1,-1,1,-1,-1,-1
1735,11,785.7039794921875,593.1549072265625,-1,-1,1,-1,-1,-1
1736,11,806.58056640625,585.8489379882812,-1,-1,1,-1,-1,-1
1737,11,828.23828125,586.0189208984375,-1,-1,1,-1,-1,-1
1738,11,849.5550537109375,585.9047241210938,-1,-1,1,-1,-1,-1
1739,11,870.7005615234375,578.774169921875,-1,-1,1,-1,-1,-1
1740,11,892.1144409179688,578.8978271484375,-1,-1,1,-1,-1,-1
1741,11,906.44677734375,578.9619750976562,-1,-1,1,-1,-1,-1
1742,11,927.667724609375,578.9708862304688,-1,-1,1,-1,-1,-1
1743,11,956.0849609375,578.771240234375,-1,-1,1,-1,-1,-1
1744,11,977.398193359375,578.8599853515625,-1,-1,1,-1,-1,-1
1745,11,998.66796875,578.8575439453125,-1,-1,1,-1,-1,-1
1746,11,1027.0673828125,571.783203125,-1,-1,1,-1,-1,-1
1747,11,1055.406982421875,571.650390625,-1,-1,1,-1,-1,-1
1748,11,1083.74853515625,564.4337158203125,-1,-1,1,-1,-1,-1
1749,11,1112.283203125,564.576416015625,-1,-1,1,-1,-1,-1
1750,11,1147.706787109375,564.4996337890625,-1,-1,1,-1,-1,-1
1751,11,1176.345703125,564.574462890625,-1,-1,1,-1,-1,-1
1752,11,1204.75732421875,564.595458984375,-1,-1,1,-1,-1,-1
1753,11,1240.238037109375,564.5523681640625,-1,-1,1,-1,-1,-1
1753,12,338.245361328125,670.8397216796875,-1,-1,1,-1,-1,-1
1754,11,1275.7587890625,564.5238037109375,-1,-1,1,-1,-1,-1
1754,12,366.5244140625,670.66015625,-1,-1,1,-1,-1,-1
1755,11,1304.13916015625,564.5745849609375,-1,-1,1,-1,-1,-1
1755,12,402.1174621582031,670.5052490234375,-1,-1,1,-1,-1,-1
1756,11,1339.64892578125,564.5074462890625,-1,-1,1,-1,-1,-1
1757,12,465.87933349609375,663.530029296875,-1,-1,1,-1,-1,-1
1758,12,501.48101806640625,663.4481201171875,-1,-1,1,-1,-1,-1
1759,12,529.9962158203125,656.1864624023438,-1,-1,1,-1,-1,-1
1760,12,565.4017333984375,656.1646728515625,-1,-1,1,-1,-1,-1
1760,13,274.0674743652344,677.419677734375,-1,-1,1,-1,-1,-1
1761,12,600.9451293945312,656.35107421875,-1,-1,1,-1,-1,-1
1761,13,309.4698486328125,677.556884765625,-1,-1,1,-1,-1,-1
1762,12,629.3536376953125,656.2635498046875,-1,-1,1,-1,-1,-1
1762,13,337.9384765625,677.471435546875,-1,-1,1,-1,-1,-1
1763,12,664.865966796875,663.3154296875,-1,-1,1,-1,-1,-1
1763,13,373.439453125,677.470947265625,-1,-1,1,-1,-1,-1
1764,12,700.3824462890625,663.4853515625,-1,-1,1,-1,-1,-1
1764,13,408.95855712890625,685.1990966796875,-1,-1,1,-1,-1,-1
1765,12,728.7318725585938,663.4607543945312,-1,-1,1,-1,-1,-1
1765,13,430.13116455078125,677.4354248046875,-1,-1,1,-1,-1,-1
1766,11,1695.020263671875,571.7657470703125,-1,-1,1,-1,-1,-1
1766,12,764.149658203125,663.5325317382812,-1,-1,1,-1,-1,-1
1766,13,458.7127990722656,677.3841552734375,-1,-1,1,-1,-1,-1
1767,12,792.709228515625,663.4873046875,-1,-1,1,-1,-1,-1
1767,13,486.94781494140625,684.8384399414062,-1,-1,1,-1,-1,-1
1768,11,1766.3017578125,578.7696533203125,-1,-1,1,-1,-1,-1
1768,12,828.4196166992188,670.6038818359375,-1,-1,1,-1,-1,-1
1768,13,515.3375854492188,684.8101806640625,-1,-1,1,-1,-1,-1
1769,11,1801.58935546875,585.943115234375,-1,-1,1,-1,-1,-1
1769,12,856.7206420898438,670.6063232421875,-1,-1,1,-1,-1,-1
1769,13,543.8193359375,684.6796264648438,-1,-1,1,-1,-1,-1
1770,12,892.13720703125,677.6535034179688,-1,-1,1,-1,-1,-1
1770,13,572.3256225585938,684.5863037109375,-1,-1,1,-1,-1,-1
1771,11,1879.8214111328125,585.69677734375,-1,-1,1,-1,-1,-1
1771,12,920.7191162109375,670.4799194335938,-1,-1,1,-1,-1,-1
1771,13,600.69482421875,684.7293701171875,-1,-1,1,-1,-1,-1
1772,12,949.10791015625,677.6468505859375,-1,-1,1,-1,-1,-1
1772,13,629.0970458984375,684.809814453125,-1,-1,1,-1,-1,-1
1773,12,984.5969848632812,677.713623046875,-1,-1,1,-1,-1,-1
1773,13,657.6199951171875,692.2842407226562,-1,-1,1,-1,-1,-1
1774,12,1013.0012817382812,677.6083374023438,-1,-1,1,-1,-1,-1
1774,13,685.94189453125,692.0887451171875,-1,-1,1,-1,-1,-1
1775,13,707.3154907226562,691.9013671875,-1,-1,1,-1,-1,-1
1776,13,742.759033203125,699.4436645507812,-1,-1,1,-1,-1,-1
1777,13,771.085693359375,699.2535400390625,-1,-1,1,-1,-1,-1
1778,13,799.7083740234375,699.1434326171875,-1,-1,1,-1,-1,-1
1779,13,828.1357421875,699.0182495117188,-1,-1,1,-1,-1,-1
1780,13,863.5401611328125,706.2894287109375,-1,-1,1,-1,-1,-1
1781,13,892.0440673828125,706.0545043945312,-1,-1,1,-1,-1,-1
1782,13,927.69482421875,713.5724487304688,-1,-1,1,-1,-1,-1
1783,13,956.006591796875,713.3604736328125,-1,-1,1,-1,-1,-1
1785,12,1382.079833984375,692.2362060546875,-1,-1,1,-1,-1,-1
1785,13,1020.2213134765625,720.6378173828125,-1,-1,1,-1,-1,-1
1786,13,1055.5850830078125,720.552490234375,-1,-1,1,-1,-1,-1
1787,12,1446.140869140625,706.5548095703125,-1,-1,1,-1,-1,-1
1787,13,1084.0472412109375,727.7425537109375,-1,-1,1,-1,-1,-1
1788,13,1119.4222412109375,727.5674438476562,-1,-1,1,-1,-1,-1
1789,12,1524.1021728515625,713.5111694335938,-1,-1,1,-1,-1,-1
1789,13,1140.82861328125,727.9661865234375,-1,-1,1,-1,-1,-1
1790,13,1183.624267578125,727.8572998046875,-1,-1,1,-1,-1,-1
1791,13,1219.2030029296875,734.910400390625,-1,-1,1,-1,-1,-1
1792,13,1254.8212890625,734.88720703125,-1,-1,1,-1,-1,-1
1793,13,1290.0751953125,734.751708984375,-1,-1,1,-1,-1,-1
1794,13,1318.462646484375,734.6566772460938,-1,-1,1,-1,-1,-1
1895,14,437.2512512207031,642.4637451171875,-1,-1,1,-1,-1,-1
1897,14,437.0953369140625,656.86572265625,-1,-1,1,-1,-1,-1
1898,14,429.80877685546875,663.868408203125,-1,-1,1,-1,-1,-1
1899,14,422.8374938964844,664.0010986328125,-1,-1,1,-1,-1,-1
1901,14,415.7715148925781,671.061279296875,-1,-1,1,-1,-1,-1
1908,14,408.70489501953125,671.087890625,-1,-1,1,-1,-1,-1
1909,14,408.6019287109375,671.0350952148438,-1,-1,1,-1,-1,-1
1910,14,408.5531005859375,670.9560546875,-1,-1,1,-1,-1,-1
1911,14,415.7184143066406,670.8118286132812,-1,-1,1,-1,-1,-1
1912,14,415.83197021484375,670.8694458007812,-1,-1,1,-1,-1,-1
1913,14,415.64642333984375,671.0857543945312,-1,-1,1,-1,-1,-1
1914,14,422.74578857421875,671.01708984375,-1,-1,1,-1,-1,-1
1915,14,429.9930114746094,671.0804443359375,-1,-1,1,-1,-1,-1
1916,14,437.16680908203125,670.91064453125,-1,-1,1,-1,-1,-1
1917,14,444.08258056640625,678.1924438476562,-1,-1,1,-1,-1,-1
1918,14,451.1943359375,685.551025390625,-1,-1,1,-1,-1,-1
1919,14,458.4000244140625,685.1863403320312,-1,-1,1,-1,-1,-1
1920,14,472.69073486328125,692.2215576171875,-1,-1,1,-1,-1,-1
1921,14,486.7818908691406,699.8792724609375,-1,-1,1,-1,-1,-1
1922,14,501.2078857421875,699.46826171875,-1,-1,1,-1,-1,-1
1923,14,522.2653198242188,706.7738037109375,-1,-1,1,-1,-1,-1
1924,14,536.5611572265625,706.7320556640625,-1,-1,1,-1,-1,-1
1925,14,550.7730102539062,706.8102416992188,-1,-1,1,-1,-1,-1
1926,14,565.023193359375,699.5411376953125,-1,-1,1,-1,-1,-1
1927,14,579.1231689453125,706.7713623046875,-1,-1,1,-1,-1,-1
1928,14,600.4273681640625,706.6195678710938,-1,-1,1,-1,-1,-1
1929,14,614.6469116210938,713.9239501953125,-1,-1,1,-1,-1,-1
1930,14,636.0968017578125,713.88037109375,-1,-1,1,-1,-1,-1
1931,14,650.2356567382812,706.781982421875,-1,-1,1,-1,-1,-1
1932,14,671.5006713867188,699.7747802734375,-1,-1,1,-1,-1,-1
1933,14,678.671630859375,685.2811279296875,-1,-1,1,-1,-1,-1
1934,14,692.7154541015625,678.349365234375,-1,-1,1,-1,-1,-1
1935,14,706.9854736328125,671.2750244140625,-1,-1,1,-1,-1,-1
1936,14,728.421630859375,664.0691528320312,-1,-1,1,-1,-1,-1
1937,14,742.6123046875,657.0338745117188,-1,-1,1,-1,-1,-1
1938,14,749.7559204101562,649.9727783203125,-1,-1,1,-1,-1,-1
1939,14,756.9194946289062,642.919189453125,-1,-1,1,-1,-1,-1
1940,14,763.9412841796875,635.8250732421875,-1,-1,1,-1,-1,-1
1941,14,771.1455078125,621.585205078125,-1,-1,1,-1,-1,-1
1942,14,771.009033203125,614.551025390625,-1,-1,1,-1,-1,-1
1943,14,785.290283203125,614.5396728515625,-1,-1,1,-1,-1,-1
1944,14,792.2957763671875,614.650390625,-1,-1,1,-1,-1,-1
1945,14,799.359130859375,614.6720581054688,-1,-1,1,-1,-1,-1
1946,14,813.54931640625,614.6417236328125,-1,-1,1,-1,-1,-1
1947,14,820.6589965820312,614.6685791015625,-1,-1,1,-1,-1,-1
1948,14,827.812744140625,614.6747436523438,-1,-1,1,-1,-1,-1
1949,14,842.2474365234375,614.6597900390625,-1,-1,1,-1,-1,-1
1950,14,849.245849609375,621.7552490234375,-1,-1,1,-1,-1,-1
1951,14,849.2991943359375,621.5482177734375,-1,-1,1,-1,-1,-1
1952,14,849.3524169921875,621.5925903320312,-1,-1,1,-1,-1,-1
1953,14,856.35888671875,628.9515380859375,-1,-1,1,-1,-1,-1
1954,14,856.3656005859375,628.8885498046875,-1,-1,1,-1,-1,-1
1955,14,856.3305053710938,621.607666015625,-1,-1,1,-1,-1,-1
1956,14,863.365234375,621.6964111328125,-1,-1,1,-1,-1,-1
1957,14,863.676025390625,621.88037109375,-1,-1,1,-1,-1,-1
1958,14,863.5823974609375,614.6982421875,-1,-1,1,-1,-1,-1
1959,14,870.7726440429688,614.7635498046875,-1,-1,1,-1,-1,-1
1960,14,877.68408203125,607.5582275390625,-1,-1,1,-1,-1,-1
1961,14,884.8016357421875,607.468994140625,-1,-1,1,-1,-1,-1
1962,14,891.9629516601562,607.5855102539062,-1,-1,1,-1,-1,-1
1963,14,899.24462890625,607.42578125,-1,-1,1,-1,-1,-1
1964,14,906.259033203125,600.393798828125,-1,-1,1,-1,-1,-1
1965,14,920.5164794921875,600.4141845703125,-1,-1,1,-1,-1,-1
1966,14,941.5772705078125,607.480712890625,-1,-1,1,-1,-1,-1
1967,14,956.1322021484375,607.6400146484375,-1,-1,1,-1,-1,-1
1968,14,970.199951171875,607.47509765625,-1,-1,1,-1,-1,-1
1969,14,991.58935546875,614.6439208984375,-1,-1,1,-1,-1,-1
1970,14,1012.9198608398438,614.6644287109375,-1,-1,1,-1,-1,-1
1971,14,1034.291015625,614.792236328125,-1,-1,1,-1,-1,-1
1972,14,1055.639892578125,614.6942138671875,-1,-1,1,-1,-1,-1
1973,14,1076.850830078125,621.8133544921875,-1,-1,1,-1,-1,-1
1974,14,1098.0958251953125,628.8238525390625,-1,-1,1,-1,-1,-1
1975,14,1119.5162353515625,643.0986938476562,-1,-1,1,-1,-1,-1
1976,14,1140.9139404296875,657.2008056640625,-1,-1,1,-1,-1,-1
1977,14,1162.2213134765625,671.2747802734375,-1,-1,1,-1,-1,-1
1978,14,1190.5152587890625,685.50341796875,-1,-1,1,-1,-1,-1
1979,14,1218.7864990234375,699.908447265625,-1,-1,1,-1,-1,-1
1980,14,1240.1492919921875,713.9942626953125,-1,-1,1,-1,-1,-1
1981,14,1275.82958984375,728.3828735351562,-1,-1,1,-1,-1,-1
1982,14,1311.3956298828125,749.62890625,-1,-1,1,-1,-1,-1
1983,14,1360.938232421875,763.835693359375,-1,-1,1,-1,-1,-1
1984,14,1403.8067626953125,763.8956298828125,-1,-1,1,-1,-1,-1
1985,14,1439.207275390625,756.787841796875,-1,-1,1,-1,-1,-1
1986,14,1474.689453125,749.692626953125,-1,-1,1,-1,-1,-1
1987,14,1517.3876953125,742.3790283203125,-1,-1,1,-1,-1,-1
1988,14,1552.7940673828125,728.146240234375,-1,-1,1,-1,-1,-1
1989,14,1595.5084228515625,721.063232421875,-1,-1,1,-1,-1,-1
1990,14,1645.025390625,706.5633544921875,-1,-1,1,-1,-1,-1
1991,14,1694.955322265625,699.5528564453125,-1,-1,1,-1,-1,-1
1992,14,1751.783203125,685.201416015625,-1,-1,1,-1,-1,-1
1993,14,1794.466552734375,699.4769287109375,-1,-1,1,-1,-1,-1
1994,14,1858.501708984375,706.6727294921875,-1,-1,1,-1,-1,-1
2055,15,39.33603286743164,606.8642578125,-1,-1,1,-1,-1,-1
2056,15,60.43789291381836,607.01611328125,-1,-1,1,-1,-1,-1
2057,15,81.91142272949219,607.0524291992188,-1,-1,1,-1,-1,-1
2058,15,103.21293640136719,606.952880859375,-1,-1,1,-1,-1,-1
2059,15,117.5444107055664,607.118896484375,-1,-1,1,-1,-1,-1
2060,15,138.67689514160156,607.1029052734375,-1,-1,1,-1,-1,-1
2061,15,160.07723999023438,607.0147705078125,-1,-1,1,-1,-1,-1
2062,15,174.32583618164062,607.050537109375,-1,-1,1,-1,-1,-1
2063,15,195.61146545410156,607.0628662109375,-1,-1,1,-1,-1,-1
2064,15,216.7938232421875,606.9332885742188,-1,-1,1,-1,-1,-1
2065,15,238.15036010742188,614.210205078125,-1,-1,1,-1,-1,-1
2066,15,259.41986083984375,614.2877197265625,-1,-1,1,-1,-1,-1
2067,15,287.8270263671875,614.1898803710938,-1,-1,1,-1,-1,-1
2068,15,309.2553405761719,614.0580444335938,-1,-1,1,-1,-1,-1
2068,16,970.1204833984375,749.06201171875,-1,-1,1,-1,-1,-1
2069,15,330.6336669921875,613.9873657226562,-1,-1,1,-1,-1,-1
2069,16,998.7283935546875,749.04248046875,-1,-1,1,-1,-1,-1
2070,15,344.86090087890625,614.089111328125,-1,-1,1,-1,-1,-1
2070,16,1027.4759521484375,748.8231201171875,-1,-1,1,-1,-1,-1
2071,15,359.08013916015625,613.976806640625,-1,-1,1,-1,-1,-1
2071,16,1056.087890625,748.8212280273438,-1,-1,1,-1,-1,-1
2071,17,465.8227233886719,720.05810546875,-1,-1,1,-1,-1,-1
2072,15,373.2887268066406,614.22998046875,-1,-1,1,-1,-1,-1
2072,16,1091.431396484375,742.0732421875,-1,-1,1,-1,-1,-1
2072,17,480.10906982421875,719.89111328125,-1,-1,1,-1,-1,-1
2073,15,387.3951416015625,614.2752685546875,-1,-1,1,-1,-1,-1
2073,16,1112.22998046875,748.79443359375,-1,-1,1,-1,-1,-1
2073,17,501.455078125,720.0543823242188,-1,-1,1,-1,-1,-1
2074,15,401.78887939453125,607.0565795898438,-1,-1,1,-1,-1,-1
2074,16,1140.501708984375,748.867431640625,-1,-1,1,-1,-1,-1
2074,17,515.8382568359375,719.7432861328125,-1,-1,1,-1,-1,-1
2075,15,415.96978759765625,607.0249633789062,-1,-1,1,-1,-1,-1
2075,16,1176.063232421875,742.0235595703125,-1,-1,1,-1,-1,-1
2075,17,530.0361328125,720.0177612304688,-1,-1,1,-1,-1,-1
2076,15,437.165283203125,607.1131591796875,-1,-1,1,-1,-1,-1
2076,16,1204.46484375,748.8421630859375,-1,-1,1,-1,-1,-1
2076,17,550.9664306640625,720.1514892578125,-1,-1,1,-1,-1,-1
2077,15,458.573974609375,607.1325073242188,-1,-1,1,-1,-1,-1
2077,16,1240.3272705078125,741.8118896484375,-1,-1,1,-1,-1,-1
2077,17,572.4703369140625,713.0064697265625,-1,-1,1,-1,-1,-1
2078,15,472.70062255859375,607.3477783203125,-1,-1,1,-1,-1,-1
2078,16,1268.6920166015625,741.856201171875,-1,-1,1,-1,-1,-1
2078,17,593.9639282226562,727.0847778320312,-1,-1,1,-1,-1,-1
2079,15,493.97967529296875,607.3233642578125,-1,-1,1,-1,-1,-1
2079,16,1303.765380859375,755.88623046875,-1,-1,1,-1,-1,-1
2079,17,615.156494140625,720.0955200195312,-1,-1,1,-1,-1,-1
2080,15,515.4534301757812,607.093505859375,-1,-1,1,-1,-1,-1
2080,16,1339.195068359375,763.1438598632812,-1,-1,1,-1,-1,-1
2080,17,643.5653686523438,727.1109619140625,-1,-1,1,-1,-1,-1
2081,15,543.751220703125,614.2716064453125,-1,-1,1,-1,-1,-1
2082,15,557.92578125,621.4041748046875,-1,-1,1,-1,-1,-1
2083,15,579.2950439453125,628.5101928710938,-1,-1,1,-1,-1,-1
2084,15,586.2471923828125,635.833984375,-1,-1,1,-1,-1,-1
2085,15,607.8319702148438,635.4664916992188,-1,-1,1,-1,-1,-1
2086,15,628.9414672851562,642.634521484375,-1,-1,1,-1,-1,-1
2087,15,643.372314453125,642.5997314453125,-1,-1,1,-1,-1,-1
2088,15,664.6810913085938,649.836181640625,-1,-1,1,-1,-1,-1
2089,15,685.6824951171875,657.07275390625,-1,-1,1,-1,-1,-1
2090,15,707.12646484375,656.944580078125,-1,-1,1,-1,-1,-1
2091,15,735.4276123046875,664.0711669921875,-1,-1,1,-1,-1,-1
2092,15,756.948486328125,663.9180908203125,-1,-1,1,-1,-1,-1
2093,15,771.24560546875,663.870361328125,-1,-1,1,-1,-1,-1
2094,15,792.4942626953125,671.1376953125,-1,-1,1,-1,-1,-1
2095,15,813.8388671875,671.1127319335938,-1,-1,1,-1,-1,-1
2096,15,828.125732421875,670.9818115234375,-1,-1,1,-1,-1,-1
2097,15,849.3079833984375,664.0543212890625,-1,-1,1,-1,-1,-1
2098,15,863.7208251953125,656.8382568359375,-1,-1,1,-1,-1,-1
2099,15,877.8807373046875,649.6209716796875,-1,-1,1,-1,-1,-1
2100,15,899.08740234375,642.4467163085938,-1,-1,1,-1,-1,-1
2101,15,920.561279296875,635.4418334960938,-1,-1,1,-1,-1,-1
2102,15,948.9536743164062,635.609130859375,-1,-1,1,-1,-1,-1
2104,15,998.5888671875,628.497314453125,-1,-1,1,-1,-1,-1
2105,15,1026.9410400390625,621.2928466796875,-1,-1,1,-1,-1,-1
2106,15,1055.42431640625,614.312255859375,-1,-1,1,-1,-1,-1
2107,15,1091.027587890625,614.3644409179688,-1,-1,1,-1,-1,-1
2108,15,1126.4454345703125,607.2935180664062,-1,-1,1,-1,-1,-1
2109,15,1154.84033203125,599.9866943359375,-1,-1,1,-1,-1,-1
2111,15,1218.897216796875,599.9483642578125,-1,-1,1,-1,-1,-1
2112,15,1254.292236328125,592.8220825195312,-1,-1,1,-1,-1,-1
2113,15,1290.0478515625,600.0626220703125,-1,-1,1,-1,-1,-1
2114,15,1332.62451171875,600.0650024414062,-1,-1,1,-1,-1,-1
2115,15,1368.239501953125,599.836181640625,-1,-1,1,-1,-1,-1
2116,15,1410.9683837890625,599.9301147460938,-1,-1,1,-1,-1,-1
2117,15,1453.48681640625,606.96044921875,-1,-1,1,-1,-1,-1
2118,15,1503.0399169921875,614.1428833007812,-1,-1,1,-1,-1,-1
2119,15,1538.6810302734375,621.1634521484375,-1,-1,1,-1,-1,-1
2120,15,1588.4833984375,628.42236328125,-1,-1,1,-1,-1,-1
2121,15,1631.230712890625,628.3023681640625,-1,-1,1,-1,-1,-1
2122,15,1673.838134765625,635.50439453125,-1,-1,1,-1,-1,-1
2123,15,1716.3302001953125,642.5682373046875,-1,-1,1,-1,-1,-1
2126,15,1858.400634765625,649.1969604492188,-1,-1,1,-1,-1,-1
2153,18,1247.2142333984375,919.0565185546875,-1,-1,1,-1,-1,-1
2155,18,1325.337158203125,926.1917724609375,-1,-1,1,-1,-1,-1
2156,18,1361.078369140625,904.846923828125,-1,-1,1,-1,-1,-1
2157,18,1403.632080078125,905.1530151367188,-1,-1,1,-1,-1,-1
2158,18,1446.38818359375,905.0728759765625,-1,-1,1,-1,-1,-1
2159,18,1488.80908203125,905.2054443359375,-1,-1,1,-1,-1,-1
2160,18,1538.3580322265625,905.419189453125,-1,-1,1,-1,-1,-1
2161,18,1595.356689453125,898.1810913085938,-1,-1,1,-1,-1,-1
2162,18,1651.9395751953125,905.3336791992188,-1,-1,1,-1,-1,-1
2163,18,1701.662353515625,905.4072265625,-1,-1,1,-1,-1,-1
2188,19,1240.494873046875,805.4083251953125,-1,-1,1,-1,-1,-1
2189,19,1269.165771484375,805.522705078125,-1,-1,1,-1,-1,-1
2190,19,1304.67626953125,805.2785034179688,-1,-1,1,-1,-1,-1
2191,19,1333.0,826.592529296875,-1,-1,1,-1,-1,-1
2192,19,1375.545166015625,833.5322875976562,-1,-1,1,-1,-1,-1
2193,19,1417.88427734375,840.623291015625,-1,-1,1,-1,-1,-1
2194,19,1460.3687744140625,840.6978759765625,-1,-1,1,-1,-1,-1
2195,19,1503.167236328125,826.671630859375,-1,-1,1,-1,-1,-1
2196,19,1553.117431640625,819.609619140625,-1,-1,1,-1,-1,-1
2197,19,1595.605224609375,841.21142578125,-1,-1,1,-1,-1,-1
2332,20,998.3923950195312,578.7528076171875,-1,-1,1,-1,-1,-1
2333,20,1026.53955078125,579.1602783203125,-1,-1,1,-1,-1,-1
2334,20,1048.1162109375,558.0472412109375,-1,-1,1,-1,-1,-1
2335,20,1069.37255859375,571.7752685546875,-1,-1,1,-1,-1,-1
2336,20,1090.726318359375,543.7485961914062,-1,-1,1,-1,-1,-1
2337,20,1104.9666748046875,550.8695068359375,-1,-1,1,-1,-1,-1
2338,20,1119.2093505859375,543.9114379882812,-1,-1,1,-1,-1,-1
2358,20,1488.31103515625,550.3330078125,-1,-1,1,-1,-1,-1
2360,20,1524.055908203125,564.54296875,-1,-1,1,-1,-1,-1
2362,20,1559.79296875,578.745849609375,-1,-1,1,-1,-1,-1
2409,21,472.5621643066406,763.459716796875,-1,-1,1,-1,-1,-1
2411,21,529.5032958984375,742.2578735351562,-1,-1,1,-1,-1,-1
2412,21,550.9266967773438,727.93408203125,-1,-1,1,-1,-1,-1
2413,21,586.637451171875,720.935791015625,-1,-1,1,-1,-1,-1
2414,21,607.6360473632812,706.66015625,-1,-1,1,-1,-1,-1
2415,21,628.82666015625,699.554931640625,-1,-1,1,-1,-1,-1
2416,21,657.2742919921875,685.1529541015625,-1,-1,1,-1,-1,-1
2417,21,678.71923828125,678.1458740234375,-1,-1,1,-1,-1,-1
2423,21,884.7205810546875,628.424072265625,-1,-1,1,-1,-1,-1
2424,21,934.4681396484375,635.5897827148438,-1,-1,1,-1,-1,-1
2425,21,977.0466918945312,642.7821655273438,-1,-1,1,-1,-1,-1
2426,21,1019.5672607421875,650.10400390625,-1,-1,1,-1,-1,-1
2427,21,1062.231689453125,657.133056640625,-1,-1,1,-1,-1,-1
2428,21,1097.925537109375,656.6893310546875,-1,-1,1,-1,-1,-1
2429,21,1133.286865234375,663.9078369140625,-1,-1,1,-1,-1,-1
2430,21,1161.65771484375,663.870849609375,-1,-1,1,-1,-1,-1
2431,21,1197.13916015625,678.1207885742188,-1,-1,1,-1,-1,-1
2432,21,1232.777587890625,692.2035522460938,-1,-1,1,-1,-1,-1
2433,21,1268.42919921875,699.1448364257812,-1,-1,1,-1,-1,-1
2433,22,160.16006469726562,408.19036865234375,-1,-1,1,-1,-1,-1
2434,21,1311.29052734375,706.1121826171875,-1,-1,1,-1,-1,-1
2439,22,564.9053344726562,521.8933715820312,-1,-1,1,-1,-1,-1
2440,22,614.6582641601562,550.2943115234375,-1,-1,1,-1,-1,-1
2441,22,678.2674560546875,564.6683349609375,-1,-1,1,-1,-1,-1
2442,22,728.279052734375,572.087890625,-1,-1,1,-1,-1,-1
2443,22,764.1211547851562,571.640869140625,-1,-1,1,-1,-1,-1
2444,22,813.4539794921875,586.1593627929688,-1,-1,1,-1,-1,-1
2445,22,870.3048095703125,600.1256103515625,-1,-1,1,-1,-1,-1
2446,22,926.8743286132812,600.4594116210938,-1,-1,1,-1,-1,-1
2446,23,316.30474853515625,380.07379150390625,-1,-1,1,-1,-1,-1
2447,22,969.8723754882812,600.3535766601562,-1,-1,1,-1,-1,-1
2448,22,1026.4976806640625,628.8135986328125,-1,-1,1,-1,-1,-1
2449,22,1097.7423095703125,642.70458984375,-1,-1,1,-1,-1,-1
2449,23,444.1834716796875,422.14556884765625,-1,-1,1,-1,-1,-1
2450,22,1154.6246337890625,671.2486572265625,-1,-1,1,-1,-1,-1
2450,23,494.05072021484375,450.69122314453125,-1,-1,1,-1,-1,-1
2451,22,1218.6435546875,692.140869140625,-1,-1,1,-1,-1,-1
2451,23,536.656982421875,471.96142578125,-1,-1,1,-1,-1,-1
2452,22,1260.7789306640625,706.614990234375,-1,-1,1,-1,-1,-1
2452,23,572.2490234375,493.60772705078125,-1,-1,1,-1,-1,-1
2453,22,1303.69384765625,720.9384765625,-1,-1,1,-1,-1,-1
2453,23,607.4764404296875,507.8760070800781,-1,-1,1,-1,-1,-1
2454,22,1353.3406982421875,735.3818359375,-1,-1,1,-1,-1,-1
2454,23,657.0614013671875,522.1139526367188,-1,-1,1,-1,-1,-1
2455,22,1403.6407470703125,742.229248046875,-1,-1,1,-1,-1,-1
2455,23,678.53955078125,543.1932373046875,-1,-1,1,-1,-1,-1
2456,22,1460.4765625,734.9454956054688,-1,-1,1,-1,-1,-1
2456,23,721.111328125,550.1461791992188,-1,-1,1,-1,-1,-1
2457,22,1510.396728515625,734.8187255859375,-1,-1,1,-1,-1,-1
2457,23,756.67431640625,550.3062133789062,-1,-1,1,-1,-1,-1
2458,22,1552.9029541015625,727.880859375,-1,-1,1,-1,-1,-1
2458,23,806.7283935546875,543.2313842773438,-1,-1,1,-1,-1,-1
2459,22,1595.72998046875,727.7342529296875,-1,-1,1,-1,-1,-1
2459,23,834.630126953125,557.5275268554688,-1,-1,1,-1,-1,-1
2460,22,1616.85595703125,741.8515014648438,-1,-1,1,-1,-1,-1
2460,23,870.552001953125,557.4588623046875,-1,-1,1,-1,-1,-1
2461,23,913.3544921875,571.5035400390625,-1,-1,1,-1,-1,-1
2462,23,955.740478515625,578.8495483398438,-1,-1,1,-1,-1,-1
2463,23,990.9478759765625,571.6882934570312,-1,-1,1,-1,-1,-1
2464,23,976.790283203125,593.0045166015625,-1,-1,1,-1,-1,-1
2467,23,1176.282958984375,550.0872802734375,-1,-1,1,-1,-1,-1
2468,23,1232.8564453125,585.9580078125,-1,-1,1,-1,-1,-1
2469,23,1289.6947021484375,571.5682373046875,-1,-1,1,-1,-1,-1
2483,24,777.7582397460938,685.6434326171875,-1,-1,1,-1,-1,-1
2484,24,841.75439453125,671.309814453125,-1,-1,1,-1,-1,-1
2485,24,891.8456420898438,692.3632202148438,-1,-1,1,-1,-1,-1
2486,24,941.1548461914062,699.697998046875,-1,-1,1,-1,-1,-1
2487,24,998.1718139648438,706.6864013671875,-1,-1,1,-1,-1,-1
2488,24,1047.583251953125,713.7172241210938,-1,-1,1,-1,-1,-1
2489,24,1097.767822265625,699.526123046875,-1,-1,1,-1,-1,-1
2490,24,1140.580078125,699.6236572265625,-1,-1,1,-1,-1,-1
2491,24,1169.159912109375,699.9360961914062,-1,-1,1,-1,-1,-1
2492,24,1226.1007080078125,692.7552490234375,-1,-1,1,-1,-1,-1
2493,24,1325.082275390625,692.292236328125,-1,-1,1,-1,-1,-1
2494,24,1339.6884765625,692.9947509765625,-1,-1,1,-1,-1,-1
2495,24,1404.03759765625,685.2608642578125,-1,-1,1,-1,-1,-1
2497,24,1545.469970703125,649.9305419921875,-1,-1,1,-1,-1,-1
2531,25,288.00152587890625,699.4981079101562,-1,-1,1,-1,-1,-1
2532,25,323.4681396484375,741.8980102539062,-1,-1,1,-1,-1,-1
2533,25,373.0789794921875,748.946533203125,-1,-1,1,-1,-1,-1
2534,25,408.6590576171875,756.1234130859375,-1,-1,1,-1,-1,-1
2535,25,458.5063171386719,756.07568359375,-1,-1,1,-1,-1,-1
2536,25,500.9350891113281,755.9581909179688,-1,-1,1,-1,-1,-1
2537,25,550.632568359375,763.196533203125,-1,-1,1,-1,-1,-1
2538,25,593.5881958007812,777.307861328125,-1,-1,1,-1,-1,-1
2539,25,643.2759399414062,784.6383056640625,-1,-1,1,-1,-1,-1
2540,25,692.8604736328125,777.4987182617188,-1,-1,1,-1,-1,-1
2541,25,735.4281005859375,791.630615234375,-1,-1,1,-1,-1,-1
2549,26,394.5023193359375,535.9588012695312,-1,-1,1,-1,-1,-1
2550,26,408.16009521484375,479.2934875488281,-1,-1,1,-1,-1,-1
2551,26,465.22430419921875,543.03173828125,-1,-1,1,-1,-1,-1
2552,26,486.83599853515625,549.8013305664062,-1,-1,1,-1,-1,-1
2553,26,515.3897705078125,549.8678588867188,-1,-1,1,-1,-1,-1
2554,26,550.9569091796875,549.8212890625,-1,-1,1,-1,-1,-1
2555,26,593.2408447265625,549.9336547851562,-1,-1,1,-1,-1,-1
2556,26,636.0413208007812,557.157958984375,-1,-1,1,-1,-1,-1
2557,26,664.6453247070312,556.7756958007812,-1,-1,1,-1,-1,-1
2558,26,700.240234375,556.853271484375,-1,-1,1,-1,-1,-1
2559,26,728.536865234375,571.213134765625,-1,-1,1,-1,-1,-1
2560,26,756.5205078125,571.4254150390625,-1,-1,1,-1,-1,-1
2561,26,777.842041015625,571.193603515625,-1,-1,1,-1,-1,-1
2562,26,799.1560668945312,571.4478759765625,-1,-1,1,-1,-1,-1
2563,26,827.6785888671875,585.720703125,-1,-1,1,-1,-1,-1
2564,26,855.9141845703125,592.7694091796875,-1,-1,1,-1,-1,-1
2565,26,891.4468994140625,606.8953247070312,-1,-1,1,-1,-1,-1
2566,26,927.0042724609375,599.8076171875,-1,-1,1,-1,-1,-1
2567,26,955.5941772460938,613.9947509765625,-1,-1,1,-1,-1,-1
2568,26,997.923828125,628.508056640625,-1,-1,1,-1,-1,-1
2569,26,1040.5621337890625,642.591064453125,-1,-1,1,-1,-1,-1
2570,26,1083.43017578125,656.828369140625,-1,-1,1,-1,-1,-1
2571,26,1147.295166015625,671.1218872070312,-1,-1,1,-1,-1,-1
2572,26,1204.510986328125,670.9228515625,-1,-1,1,-1,-1,-1
2573,26,1254.024658203125,678.1831665039062,-1,-1,1,-1,-1,-1
2574,26,1310.6065673828125,678.2720947265625,-1,-1,1,-1,-1,-1
2575,26,1360.500244140625,678.08642578125,-1,-1,1,-1,-1,-1
2576,26,1417.336669921875,678.2646484375,-1,-1,1,-1,-1,-1
2577,26,1474.077880859375,656.8543090820312,-1,-1,1,-1,-1,-1
2617,27,39.66306686401367,549.8924560546875,-1,-1,1,-1,-1,-1
2618,27,53.627132415771484,578.5736694335938,-1,-1,1,-1,-1,-1
2619,27,81.86653900146484,585.6697387695312,-1,-1,1,-1,-1,-1
2620,27,110.1794662475586,599.9107666015625,-1,-1,1,-1,-1,-1
2621,27,145.80421447753906,606.9304809570312,-1,-1,1,-1,-1,-1
2622,27,160.06430053710938,621.0938720703125,-1,-1,1,-1,-1,-1
2623,27,188.42295837402344,635.2382202148438,-1,-1,1,-1,-1,-1
2624,27,202.79656982421875,649.5999755859375,-1,-1,1,-1,-1,-1
2625,27,217.11932373046875,656.7359619140625,-1,-1,1,-1,-1,-1
2626,27,223.98776245117188,670.8364868164062,-1,-1,1,-1,-1,-1
2627,27,231.25009155273438,678.0306396484375,-1,-1,1,-1,-1,-1
2628,27,238.40977478027344,685.162109375,-1,-1,1,-1,-1,-1
2629,27,252.60504150390625,699.2081298828125,-1,-1,1,-1,-1,-1
2630,27,266.6798400878906,713.2593994140625,-1,-1,1,-1,-1,-1
2631,27,280.8831481933594,720.4898681640625,-1,-1,1,-1,-1,-1
2632,27,302.1127014160156,720.343994140625,-1,-1,1,-1,-1,-1
2633,27,323.4936828613281,727.6844482421875,-1,-1,1,-1,-1,-1
2634,27,344.7430419921875,734.84033203125,-1,-1,1,-1,-1,-1
2635,27,366.0325927734375,741.787841796875,-1,-1,1,-1,-1,-1
2636,27,394.55615234375,741.9825439453125,-1,-1,1,-1,-1,-1
2637,27,415.6709899902344,749.0429077148438,-1,-1,1,-1,-1,-1
2638,27,444.2518615722656,748.99462890625,-1,-1,1,-1,-1,-1
2639,27,472.60125732421875,749.0660400390625,-1,-1,1,-1,-1,-1
2640,27,508.1227722167969,741.7579345703125,-1,-1,1,-1,-1,-1
2641,27,536.5862426757812,734.5470581054688,-1,-1,1,-1,-1,-1
2642,27,564.97216796875,741.7297973632812,-1,-1,1,-1,-1,-1
2643,27,600.4593505859375,734.4657592773438,-1,-1,1,-1,-1,-1
2644,27,621.8243408203125,727.3967895507812,-1,-1,1,-1,-1,-1
2645,27,657.6895751953125,706.0359497070312,-1,-1,1,-1,-1,-1
2646,27,693.1617431640625,698.6563720703125,-1,-1,1,-1,-1,-1
2647,27,728.5704345703125,684.6002807617188,-1,-1,1,-1,-1,-1
2648,27,757.0314331054688,684.6195068359375,-1,-1,1,-1,-1,-1
2649,27,785.5238037109375,677.5235595703125,-1,-1,1,-1,-1,-1
2650,27,821.2847900390625,677.50048828125,-1,-1,1,-1,-1,-1
2651,27,856.4564819335938,670.5035400390625,-1,-1,1,-1,-1,-1
2652,27,891.979736328125,663.4244384765625,-1,-1,1,-1,-1,-1
2653,27,920.533447265625,656.2584228515625,-1,-1,1,-1,-1,-1
2654,27,955.7872314453125,656.2051391601562,-1,-1,1,-1,-1,-1
2655,27,991.1827392578125,649.1641845703125,-1,-1,1,-1,-1,-1
2656,27,1026.8543701171875,649.1370849609375,-1,-1,1,-1,-1,-1
2657,27,1062.461669921875,642.06884765625,-1,-1,1,-1,-1,-1
2658,27,1097.943115234375,642.1888427734375,-1,-1,1,-1,-1,-1
2659,27,1133.4349365234375,635.1536865234375,-1,-1,1,-1,-1,-1
2660,27,1169.0191650390625,627.9786987304688,-1,-1,1,-1,-1,-1
2661,27,1211.4599609375,628.0547485351562,-1,-1,1,-1,-1,-1
2662,27,1247.2994384765625,620.847900390625,-1,-1,1,-1,-1,-1
2663,27,1289.657958984375,620.8011474609375,-1,-1,1,-1,-1,-1
2664,27,1325.481201171875,613.9196166992188,-1,-1,1,-1,-1,-1
2665,27,1360.748046875,613.90869140625,-1,-1,1,-1,-1,-1
2666,27,1403.458984375,613.830810546875,-1,-1,1,-1,-1,-1
2667,27,1439.034912109375,613.7672729492188,-1,-1,1,-1,-1,-1
2668,27,1474.4327392578125,613.8218994140625,-1,-1,1,-1,-1,-1
2669,27,1516.8336181640625,613.958740234375,-1,-1,1,-1,-1,-1
2670,27,1552.6871337890625,613.82763671875,-1,-1,1,-1,-1,-1
2671,27,1595.263427734375,613.7438354492188,-1,-1,1,-1,-1,-1
2672,27,1637.744140625,613.9655151367188,-1,-1,1,-1,-1,-1
2673,27,1680.805419921875,607.0031127929688,-1,-1,1,-1,-1,-1
2674,27,1723.366943359375,606.9805908203125,-1,-1,1,-1,-1,-1
2675,27,1765.884033203125,607.0000610351562,-1,-1,1,-1,-1,-1
2676,27,1808.5966796875,599.73681640625,-1,-1,1,-1,-1,-1
2677,27,1858.60595703125,592.8507690429688,-1,-1,1,-1,-1,-1
2689,28,39.388832092285156,585.7396240234375,-1,-1,1,-1,-1,-1
2690,28,81.86564636230469,578.7095336914062,-1,-1,1,-1,-1,-1
2691,28,117.33805084228516,579.06396484375,-1,-1,1,-1,-1,-1
2692,28,159.6795654296875,585.7828369140625,-1,-1,1,-1,-1,-1
2693,28,195.2758331298828,578.9320678710938,-1,-1,1,-1,-1,-1
2694,28,223.77003479003906,578.9012451171875,-1,-1,1,-1,-1,-1
2695,28,252.3904266357422,578.94140625,-1,-1,1,-1,-1,-1
2696,28,287.66986083984375,585.8953247070312,-1,-1,1,-1,-1,-1
2697,28,309.13983154296875,585.8411865234375,-1,-1,1,-1,-1,-1
2700,28,359.26641845703125,592.8347778320312,-1,-1,1,-1,-1,-1
2701,28,380.2370300292969,599.9732666015625,-1,-1,1,-1,-1,-1
2702,28,387.43646240234375,585.5560302734375,-1,-1,1,-1,-1,-1
2706,28,515.41748046875,607.3487548828125,-1,-1,1,-1,-1,-1
2707,28,529.6689453125,621.1822509765625,-1,-1,1,-1,-1,-1
2708,28,543.918701171875,621.2716674804688,-1,-1,1,-1,-1,-1
2709,28,565.2886962890625,628.5604248046875,-1,-1,1,-1,-1,-1
2710,28,586.5814208984375,621.1396484375,-1,-1,1,-1,-1,-1
2711,28,607.9625854492188,628.5428466796875,-1,-1,1,-1,-1,-1
2712,28,636.205322265625,628.5614013671875,-1,-1,1,-1,-1,-1
2713,28,671.7020263671875,628.4052124023438,-1,-1,1,-1,-1,-1
2714,28,700.2293701171875,628.4284057617188,-1,-1,1,-1,-1,-1
2715,28,721.4229736328125,635.4776611328125,-1,-1,1,-1,-1,-1
2716,28,749.9157104492188,642.5885009765625,-1,-1,1,-1,-1,-1
2717,28,771.2017211914062,642.5443115234375,-1,-1,1,-1,-1,-1
2718,28,799.48779296875,649.8441162109375,-1,-1,1,-1,-1,-1
2719,28,813.934326171875,649.697265625,-1,-1,1,-1,-1,-1
2720,28,842.1448974609375,649.4965209960938,-1,-1,1,-1,-1,-1
2721,28,870.67822265625,649.5289306640625,-1,-1,1,-1,-1,-1
2722,28,906.1597900390625,649.5281982421875,-1,-1,1,-1,-1,-1
2723,28,941.7698364257812,656.8768310546875,-1,-1,1,-1,-1,-1
2724,28,977.1812744140625,649.659912109375,-1,-1,1,-1,-1,-1
2725,28,1005.6719360351562,649.6032104492188,-1,-1,1,-1,-1,-1
2726,28,1040.975830078125,649.7161865234375,-1,-1,1,-1,-1,-1
2727,28,1076.4688720703125,649.710693359375,-1,-1,1,-1,-1,-1
2728,28,1119.225830078125,649.7564086914062,-1,-1,1,-1,-1,-1
2729,28,1154.840087890625,649.7632446289062,-1,-1,1,-1,-1,-1
2730,28,1190.542236328125,649.7045288085938,-1,-1,1,-1,-1,-1
2731,28,1218.87158203125,649.57568359375,-1,-1,1,-1,-1,-1
2732,28,1254.349853515625,656.8352661132812,-1,-1,1,-1,-1,-1
2733,28,1282.707275390625,656.913818359375,-1,-1,1,-1,-1,-1
2734,28,1318.1494140625,656.757568359375,-1,-1,1,-1,-1,-1
2735,28,1346.664794921875,656.7513427734375,-1,-1,1,-1,-1,-1
2736,28,1382.2354736328125,656.7914428710938,-1,-1,1,-1,-1,-1
2737,28,1417.7100830078125,656.7926025390625,-1,-1,1,-1,-1,-1
2738,28,1453.337158203125,656.86962890625,-1,-1,1,-1,-1,-1
2739,28,1481.7801513671875,656.6979370117188,-1,-1,1,-1,-1,-1
2740,28,1510.08935546875,664.074951171875,-1,-1,1,-1,-1,-1
2741,28,1538.552978515625,664.0443725585938,-1,-1,1,-1,-1,-1
2742,28,1566.9326171875,664.10205078125,-1,-1,1,-1,-1,-1
2743,28,1602.6815185546875,656.6849365234375,-1,-1,1,-1,-1,-1
2744,28,1638.19677734375,656.7637939453125,-1,-1,1,-1,-1,-1
2745,28,1666.443115234375,656.8223876953125,-1,-1,1,-1,-1,-1
2746,28,1702.224853515625,649.4486694335938,-1,-1,1,-1,-1,-1
2747,28,1730.458740234375,649.569580078125,-1,-1,1,-1,-1,-1
2748,28,1766.021484375,649.4121704101562,-1,-1,1,-1,-1,-1
2749,28,1794.36279296875,649.6375732421875,-1,-1,1,-1,-1,-1
2750,28,1829.73486328125,649.5748291015625,-1,-1,1,-1,-1,-1
2751,28,1857.974853515625,649.6380615234375,-1,-1,1,-1,-1,-1
2911,29,1020.0255126953125,805.7466430664062,-1,-1,1,-1,-1,-1
2912,29,1062.6337890625,805.796875,-1,-1,1,-1,-1,-1
2913,29,1105.197998046875,805.7484130859375,-1,-1,1,-1,-1,-1
2914,29,1147.903076171875,798.5657958984375,-1,-1,1,-1,-1,-1
2915,29,1190.323974609375,805.6865844726562,-1,-1,1,-1,-1,-1
2918,29,1325.261962890625,805.75390625,-1,-1,1,-1,-1,-1
2919,29,1367.9556884765625,805.77392578125,-1,-1,1,-1,-1,-1
2920,29,1424.74853515625,805.605224609375,-1,-1,1,-1,-1,-1
2921,29,1474.5970458984375,812.652099609375,-1,-1,1,-1,-1,-1
2922,29,1524.480712890625,812.7060546875,-1,-1,1,-1,-1,-1
2923,29,1566.781494140625,812.73388671875,-1,-1,1,-1,-1,-1
2925,29,1673.617919921875,819.7327880859375,-1,-1,1,-1,-1,-1
3047,30,1175.72509765625,607.056640625,-1,-1,1,-1,-1,-1
3048,30,1211.495361328125,600.0128173828125,-1,-1,1,-1,-1,-1
3049,30,1253.9892578125,599.9244995117188,-1,-1,1,-1,-1,-1
3050,30,1289.375732421875,599.98388671875,-1,-1,1,-1,-1,-1
3051,30,1332.051513671875,592.8028564453125,-1,-1,1,-1,-1,-1
3052,30,1374.729736328125,585.513916015625,-1,-1,1,-1,-1,-1
3053,30,1417.4298095703125,585.7099609375,-1,-1,1,-1,-1,-1
3054,30,1452.99853515625,578.55908203125,-1,-1,1,-1,-1,-1
3055,30,1495.583740234375,578.5706176757812,-1,-1,1,-1,-1,-1
3056,30,1538.2119140625,578.704345703125,-1,-1,1,-1,-1,-1
3058,30,1630.553466796875,571.4898071289062,-1,-1,1,-1,-1,-1
3059,30,1673.3067626953125,571.6963500976562,-1,-1,1,-1,-1,-1
3142,31,544.1005859375,535.6364135742188,-1,-1,1,-1,-1,-1
3142,32,451.5286865234375,564.3264770507812,-1,-1,1,-1,-1,-1
3143,31,621.9721069335938,564.4573974609375,-1,-1,1,-1,-1,-1
3143,32,564.97509765625,543.17431640625,-1,-1,1,-1,-1,-1
3144,32,593.424560546875,543.0655517578125,-1,-1,1,-1,-1,-1
3145,31,671.5855712890625,564.3623046875,-1,-1,1,-1,-1,-1
3145,32,614.5706787109375,543.0584106445312,-1,-1,1,-1,-1,-1
3146,31,700.1331787109375,564.3980712890625,-1,-1,1,-1,-1,-1
3146,32,636.11083984375,542.90576171875,-1,-1,1,-1,-1,-1
3147,32,664.5673828125,542.9954833984375,-1,-1,1,-1,-1,-1
3148,31,685.8530883789062,542.950439453125,-1,-1,1,-1,-1,-1
3148,32,643.390625,635.81494140625,-1,-1,1,-1,-1,-1
3149,31,671.7294921875,642.866455078125,-1,-1,1,-1,-1,-1
3149,32,621.953857421875,571.511962890625,-1,-1,1,-1,-1,-1
3150,31,728.2896728515625,550.1599731445312,-1,-1,1,-1,-1,-1
3150,32,693.0406494140625,635.6243896484375,-1,-1,1,-1,-1,-1
3152,31,742.600341796875,649.686279296875,-1,-1,1,-1,-1,-1
3153,31,792.4048461914062,557.1719970703125,-1,-1,1,-1,-1,-1
3154,31,813.6681518554688,564.3602905273438,-1,-1,1,-1,-1,-1
3155,31,799.5481567382812,649.4082641601562,-1,-1,1,-1,-1,-1
3157,31,849.1649780273438,656.8873901367188,-1,-1,1,-1,-1,-1
3158,31,870.449462890625,656.699462890625,-1,-1,1,-1,-1,-1
3158,32,806.4740600585938,592.8473510742188,-1,-1,1,-1,-1,-1
3159,31,891.7380981445312,656.5704956054688,-1,-1,1,-1,-1,-1
3160,31,913.1363525390625,656.525390625,-1,-1,1,-1,-1,-1
3161,31,941.6756591796875,656.7603759765625,-1,-1,1,-1,-1,-1
3173,32,1140.551025390625,571.4098510742188,-1,-1,1,-1,-1,-1
3175,32,1197.4095458984375,564.24365234375,-1,-1,1,-1,-1,-1
3176,32,1311.0400390625,535.6777954101562,-1,-1,1,-1,-1,-1
3177,32,1254.286376953125,564.3243408203125,-1,-1,1,-1,-1,-1
3187,33,415.95684814453125,550.48779296875,-1,-1,1,-1,-1,-1
3188,33,437.30523681640625,550.5804443359375,-1,-1,1,-1,-1,-1
3189,33,458.681396484375,557.6765747070312,-1,-1,1,-1,-1,-1
3190,33,479.8194580078125,557.7732543945312,-1,-1,1,-1,-1,-1
3191,33,508.27862548828125,557.4873657226562,-1,-1,1,-1,-1,-1
3191,34,380.55078125,727.9178466796875,-1,-1,1,-1,-1,-1
3192,33,529.752197265625,557.6270751953125,-1,-1,1,-1,-1,-1
3193,33,557.9843139648438,557.6325073242188,-1,-1,1,-1,-1,-1
3194,33,586.4739990234375,550.7234497070312,-1,-1,1,-1,-1,-1
3195,33,607.8226318359375,557.8074951171875,-1,-1,1,-1,-1,-1
3196,33,636.181396484375,557.8446044921875,-1,-1,1,-1,-1,-1
3197,33,657.6402587890625,557.8341674804688,-1,-1,1,-1,-1,-1
3197,34,679.337890625,841.28759765625,-1,-1,1,-1,-1,-1
3198,33,685.9533081054688,550.8687744140625,-1,-1,1,-1,-1,-1
3199,33,714.2669067382812,550.8355712890625,-1,-1,1,-1,-1,-1
3199,34,699.9832763671875,734.937744140625,-1,-1,1,-1,-1,-1
3200,33,742.63720703125,550.7848510742188,-1,-1,1,-1,-1,-1
3200,34,735.5986938476562,741.8840942382812,-1,-1,1,-1,-1,-1
3201,33,757.028076171875,543.788330078125,-1,-1,1,-1,-1,-1
3201,34,771.220458984375,749.09375,-1,-1,1,-1,-1,-1
3202,33,785.1781616210938,550.47021484375,-1,-1,1,-1,-1,-1
3202,34,813.7982177734375,749.08740234375,-1,-1,1,-1,-1,-1
3203,33,799.64794921875,543.832275390625,-1,-1,1,-1,-1,-1
3203,34,849.420654296875,749.02734375,-1,-1,1,-1,-1,-1
3204,33,827.800537109375,550.7340698242188,-1,-1,1,-1,-1,-1
3204,34,892.0211181640625,756.068359375,-1,-1,1,-1,-1,-1
3205,33,849.268798828125,550.5538940429688,-1,-1,1,-1,-1,-1
3205,34,934.8260498046875,756.13525390625,-1,-1,1,-1,-1,-1
3206,33,877.7265625,557.7015991210938,-1,-1,1,-1,-1,-1
3206,34,977.2061767578125,763.202392578125,-1,-1,1,-1,-1,-1
3207,34,1026.9755859375,770.4097900390625,-1,-1,1,-1,-1,-1
3208,34,1069.6612548828125,770.2303466796875,-1,-1,1,-1,-1,-1
3208,35,1297.072021484375,642.99462890625,-1,-1,1,-1,-1,-1
3209,34,1119.68994140625,770.3290405273438,-1,-1,1,-1,-1,-1
3209,35,1332.7353515625,649.961669921875,-1,-1,1,-1,-1,-1
3210,34,1162.2711181640625,770.3388061523438,-1,-1,1,-1,-1,-1
3211,34,1197.5933837890625,763.020263671875,-1,-1,1,-1,-1,-1
3211,35,1403.797607421875,650.3246459960938,-1,-1,1,-1,-1,-1
3212,34,1240.149169921875,763.0855712890625,-1,-1,1,-1,-1,-1
3212,35,1432.1055908203125,650.13037109375,-1,-1,1,-1,-1,-1
3213,34,1282.8294677734375,763.129638671875,-1,-1,1,-1,-1,-1
3213,35,1467.55029296875,657.4703979492188,-1,-1,1,-1,-1,-1
3214,34,1332.4237060546875,763.2413330078125,-1,-1,1,-1,-1,-1
3214,35,1488.96923828125,650.100341796875,-1,-1,1,-1,-1,-1
3215,34,1375.1395263671875,763.2259521484375,-1,-1,1,-1,-1,-1
3215,35,1538.3046875,650.0921630859375,-1,-1,1,-1,-1,-1
3216,34,1417.78369140625,763.2705078125,-1,-1,1,-1,-1,-1
3217,35,1602.312255859375,650.33642578125,-1,-1,1,-1,-1,-1
3219,35,1687.931396484375,650.24853515625,-1,-1,1,-1,-1,-1
3219,36,394.39593505859375,599.9279174804688,-1,-1,1,-1,-1,-1
3220,35,1716.3114013671875,650.2823486328125,-1,-1,1,-1,-1,-1
3220,36,422.7861633300781,607.1453857421875,-1,-1,1,-1,-1,-1
3221,36,458.43829345703125,600.2127075195312,-1,-1,1,-1,-1,-1
3222,36,493.95318603515625,600.0816650390625,-1,-1,1,-1,-1,-1
3227,36,721.21875,585.828369140625,-1,-1,1,-1,-1,-1
3235,36,1048.0838623046875,614.455810546875,-1,-1,1,-1,-1,-1
3236,36,1098.05810546875,607.1649169921875,-1,-1,1,-1,-1,-1
3237,36,1154.60986328125,607.2105712890625,-1,-1,1,-1,-1,-1
3238,36,1204.565673828125,600.170654296875,-1,-1,1,-1,-1,-1
3239,36,1254.43798828125,600.1393432617188,-1,-1,1,-1,-1,-1
3240,36,1311.357421875,592.8540649414062,-1,-1,1,-1,-1,-1
3241,36,1361.0078125,592.9141845703125,-1,-1,1,-1,-1,-1
3242,36,1410.765869140625,585.7789306640625,-1,-1,1,-1,-1,-1
3386,37,67.8719253540039,642.86572265625,-1,-1,1,-1,-1,-1
3387,37,88.9758071899414,642.8431396484375,-1,-1,1,-1,-1,-1
3388,37,117.2418212890625,649.8748779296875,-1,-1,1,-1,-1,-1
3389,37,152.78533935546875,649.93505859375,-1,-1,1,-1,-1,-1
3390,37,152.75448608398438,649.9658203125,-1,-1,1,-1,-1,-1
3394,37,309.34539794921875,649.8175659179688,-1,-1,1,-1,-1,-1
3395,37,337.7502136230469,649.85107421875,-1,-1,1,-1,-1,-1
3396,37,366.0452880859375,649.8340454101562,-1,-1,1,-1,-1,-1
3397,37,401.75640869140625,649.5975341796875,-1,-1,1,-1,-1,-1
3398,37,430.2811279296875,642.4481811523438,-1,-1,1,-1,-1,-1
3399,37,465.6724853515625,649.4713134765625,-1,-1,1,-1,-1,-1
3400,37,494.00396728515625,649.6475219726562,-1,-1,1,-1,-1,-1
3401,37,522.3848876953125,649.7586059570312,-1,-1,1,-1,-1,-1
3402,37,558.0948486328125,649.6302490234375,-1,-1,1,-1,-1,-1
3403,37,586.6044311523438,649.590087890625,-1,-1,1,-1,-1,-1
3404,37,614.7805786132812,642.6842041015625,-1,-1,1,-1,-1,-1
3405,37,650.4771728515625,649.8048706054688,-1,-1,1,-1,-1,-1
3406,37,678.4501953125,642.823486328125,-1,-1,1,-1,-1,-1
3407,37,714.15185546875,642.80029296875,-1,-1,1,-1,-1,-1
3408,37,742.3052978515625,642.8229370117188,-1,-1,1,-1,-1,-1
3409,37,770.73095703125,635.7568359375,-1,-1,1,-1,-1,-1
3410,37,806.182373046875,635.6378173828125,-1,-1,1,-1,-1,-1
3411,37,834.6922607421875,628.5982055664062,-1,-1,1,-1,-1,-1
3412,37,863.0845947265625,628.556884765625,-1,-1,1,-1,-1,-1
3413,37,891.484619140625,628.5855102539062,-1,-1,1,-1,-1,-1
3414,37,919.708251953125,628.6439819335938,-1,-1,1,-1,-1,-1
3415,37,948.161376953125,628.7122802734375,-1,-1,1,-1,-1,-1
3416,37,976.5838623046875,628.614013671875,-1,-1,1,-1,-1,-1
3417,37,997.7960205078125,628.7161865234375,-1,-1,1,-1,-1,-1
3418,37,1019.3487548828125,635.7167358398438,-1,-1,1,-1,-1,-1
3419,37,1040.721923828125,635.76220703125,-1,-1,1,-1,-1,-1
3419,38,1019.6680297851562,635.7318115234375,-1,-1,1,-1,-1,-1
3420,37,1069.074951171875,635.9550170898438,-1,-1,1,-1,-1,-1
3420,38,1040.9564208984375,635.8689575195312,-1,-1,1,-1,-1,-1
3421,38,1069.447998046875,649.913818359375,-1,-1,1,-1,-1,-1
3422,38,1090.9561767578125,670.9197387695312,-1,-1,1,-1,-1,-1
3423,38,1119.40380859375,670.8181762695312,-1,-1,1,-1,-1,-1
3424,38,1147.8822021484375,670.887451171875,-1,-1,1,-1,-1,-1
3425,38,1162.328369140625,670.649169921875,-1,-1,1,-1,-1,-1
3426,38,1197.35986328125,663.7730712890625,-1,-1,1,-1,-1,-1
3427,38,1225.8070068359375,656.7875366210938,-1,-1,1,-1,-1,-1
3428,38,1254.177490234375,656.6837768554688,-1,-1,1,-1,-1,-1
3429,38,1282.7392578125,656.9310913085938,-1,-1,1,-1,-1,-1
3430,38,1325.710693359375,663.4136962890625,-1,-1,1,-1,-1,-1
3431,38,1382.373779296875,649.806396484375,-1,-1,1,-1,-1,-1
3433,38,1474.802001953125,656.5584106445312,-1,-1,1,-1,-1,-1
3441,38,1801.693603515625,557.700927734375,-1,-1,1,-1,-1,-1
3443,38,1850.938232421875,536.188232421875,-1,-1,1,-1,-1,-1
3456,39,387.551025390625,635.263916015625,-1,-1,1,-1,-1,-1
3458,39,458.7293701171875,628.419677734375,-1,-1,1,-1,-1,-1
3459,39,494.09820556640625,628.2542724609375,-1,-1,1,-1,-1,-1
3460,39,522.5794067382812,621.32861328125,-1,-1,1,-1,-1,-1
3461,39,558.18798828125,621.15673828125,-1,-1,1,-1,-1,-1
3462,39,586.5106201171875,614.1806640625,-1,-1,1,-1,-1,-1
3463,39,614.9857788085938,614.1256713867188,-1,-1,1,-1,-1,-1
3464,39,650.5035400390625,607.203369140625,-1,-1,1,-1,-1,-1
3465,39,671.686279296875,607.0899047851562,-1,-1,1,-1,-1,-1
3466,39,700.0906982421875,606.8887329101562,-1,-1,1,-1,-1,-1
3467,39,728.7684326171875,600.0197143554688,-1,-1,1,-1,-1,-1
3468,39,764.2965087890625,592.883056640625,-1,-1,1,-1,-1,-1
3469,39,792.7150268554688,592.8953247070312,-1,-1,1,-1,-1,-1
3470,39,821.112548828125,592.7740478515625,-1,-1,1,-1,-1,-1
3472,39,877.9437866210938,585.8349609375,-1,-1,1,-1,-1,-1
3473,39,906.457275390625,585.7618408203125,-1,-1,1,-1,-1,-1
3474,39,934.8140869140625,585.5943603515625,-1,-1,1,-1,-1,-1
3475,39,963.3024291992188,578.680419921875,-1,-1,1,-1,-1,-1
3480,39,1098.174072265625,578.5877075195312,-1,-1,1,-1,-1,-1
3481,39,1126.5511474609375,571.6913452148438,-1,-1,1,-1,-1,-1
3482,39,1155.041748046875,571.6468505859375,-1,-1,1,-1,-1,-1
3483,39,1176.438720703125,571.67578125,-1,-1,1,-1,-1,-1
3484,39,1204.91796875,564.56640625,-1,-1,1,-1,-1,-1
3485,39,1233.2138671875,564.5510864257812,-1,-1,1,-1,-1,-1
3486,39,1254.51708984375,564.3783569335938,-1,-1,1,-1,-1,-1
3487,39,1282.909423828125,564.318603515625,-1,-1,1,-1,-1,-1
3488,39,1304.40380859375,564.4224243164062,-1,-1,1,-1,-1,-1
3489,39,1332.613525390625,557.5773315429688,-1,-1,1,-1,-1,-1
3491,39,1382.401611328125,564.5382080078125,-1,-1,1,-1,-1,-1
3526,40,536.8209228515625,713.66943359375,-1,-1,1,-1,-1,-1
3527,40,558.0907592773438,713.8276977539062,-1,-1,1,-1,-1,-1
3529,40,615.0652465820312,706.365478515625,-1,-1,1,-1,-1,-1
3530,40,636.6146240234375,699.374755859375,-1,-1,1,-1,-1,-1
3531,40,664.65966796875,699.343994140625,-1,-1,1,-1,-1,-1
3532,40,700.214111328125,692.0966796875,-1,-1,1,-1,-1,-1
3533,40,728.57275390625,692.2882080078125,-1,-1,1,-1,-1,-1
3534,40,757.1430053710938,692.155517578125,-1,-1,1,-1,-1,-1
3535,40,792.6019287109375,692.0637817382812,-1,-1,1,-1,-1,-1
3536,40,828.2200927734375,691.911865234375,-1,-1,1,-1,-1,-1
3537,40,863.7494506835938,691.8610229492188,-1,-1,1,-1,-1,-1
3538,40,899.22607421875,691.9786376953125,-1,-1,1,-1,-1,-1
3658,41,245.64349365234375,550.0657958984375,-1,-1,1,-1,-1,-1
3659,41,274.0550842285156,550.123046875,-1,-1,1,-1,-1,-1
3660,41,302.44140625,550.0973510742188,-1,-1,1,-1,-1,-1
3661,41,330.84588623046875,542.6875,-1,-1,1,-1,-1,-1
3662,41,366.3271789550781,550.0413818359375,-1,-1,1,-1,-1,-1
3663,41,394.75054931640625,542.7303466796875,-1,-1,1,-1,-1,-1
3664,41,423.05645751953125,542.537353515625,-1,-1,1,-1,-1,-1
3665,41,458.71441650390625,542.7147216796875,-1,-1,1,-1,-1,-1
3666,41,487.03173828125,550.036376953125,-1,-1,1,-1,-1,-1
3667,41,515.6466674804688,550.0989990234375,-1,-1,1,-1,-1,-1
3668,41,551.2664184570312,550.0415649414062,-1,-1,1,-1,-1,-1
3669,41,586.7066650390625,550.0721435546875,-1,-1,1,-1,-1,-1
3670,41,608.1007080078125,550.1806640625,-1,-1,1,-1,-1,-1
3671,41,636.4674072265625,550.0173950195312,-1,-1,1,-1,-1,-1
3672,41,664.8360595703125,549.946533203125,-1,-1,1,-1,-1,-1
3673,41,700.482421875,549.8883056640625,-1,-1,1,-1,-1,-1
3675,41,757.063720703125,549.8184814453125,-1,-1,1,-1,-1,-1
3676,41,785.31640625,557.140625,-1,-1,1,-1,-1,-1
3677,41,813.9161987304688,556.9395751953125,-1,-1,1,-1,-1,-1
3678,41,842.4859619140625,563.959228515625,-1,-1,1,-1,-1,-1
3679,41,870.5519409179688,571.2716064453125,-1,-1,1,-1,-1,-1
3685,41,1048.4720458984375,585.50146484375,-1,-1,1,-1,-1,-1
3686,41,1076.7479248046875,592.6488037109375,-1,-1,1,-1,-1,-1
3687,41,1112.21923828125,592.6519165039062,-1,-1,1,-1,-1,-1
3688,41,1140.719482421875,599.84912109375,-1,-1,1,-1,-1,-1
3689,41,1176.286865234375,599.8387451171875,-1,-1,1,-1,-1,-1
3690,42,408.4703369140625,671.31103515625,-1,-1,1,-1,-1,-1
3691,41,1247.371826171875,599.69140625,-1,-1,1,-1,-1,-1
3692,42,458.1844787597656,678.2887573242188,-1,-1,1,-1,-1,-1
3693,41,1318.7923583984375,606.8102416992188,-1,-1,1,-1,-1,-1
3693,42,493.62017822265625,678.3280639648438,-1,-1,1,-1,-1,-1
3694,41,1354.164794921875,614.043701171875,-1,-1,1,-1,-1,-1
3694,42,529.2269897460938,678.432373046875,-1,-1,1,-1,-1,-1
3694,43,238.2882843017578,599.6326293945312,-1,-1,1,-1,-1,-1
3695,41,1389.79052734375,613.9229736328125,-1,-1,1,-1,-1,-1
3695,42,557.44775390625,678.4158325195312,-1,-1,1,-1,-1,-1
3696,41,1425.27783203125,613.8121337890625,-1,-1,1,-1,-1,-1
3696,42,585.8671875,678.485107421875,-1,-1,1,-1,-1,-1
3696,43,295.1868896484375,614.041015625,-1,-1,1,-1,-1,-1
3697,41,1467.90478515625,621.1202392578125,-1,-1,1,-1,-1,-1
3697,42,607.2315063476562,685.5501708984375,-1,-1,1,-1,-1,-1
3697,43,323.58819580078125,614.0853271484375,-1,-1,1,-1,-1,-1
3698,41,1503.4400634765625,620.9249267578125,-1,-1,1,-1,-1,-1
3698,42,635.6609497070312,685.4603271484375,-1,-1,1,-1,-1,-1
3698,43,358.8453369140625,614.259521484375,-1,-1,1,-1,-1,-1
3699,41,1538.8406982421875,628.1055297851562,-1,-1,1,-1,-1,-1
3699,42,664.1392211914062,685.52001953125,-1,-1,1,-1,-1,-1
3699,43,380.3250732421875,621.100830078125,-1,-1,1,-1,-1,-1
3700,41,1574.61181640625,628.2027587890625,-1,-1,1,-1,-1,-1
3700,42,685.4163818359375,692.4373779296875,-1,-1,1,-1,-1,-1
3700,43,408.8150634765625,614.1626586914062,-1,-1,1,-1,-1,-1
3701,41,1609.935791015625,635.5551147460938,-1,-1,1,-1,-1,-1
3701,42,706.8983154296875,692.4754638671875,-1,-1,1,-1,-1,-1
3702,41,1645.387939453125,635.2660522460938,-1,-1,1,-1,-1,-1
3702,42,735.2293701171875,699.5953369140625,-1,-1,1,-1,-1,-1
3702,43,458.42584228515625,621.300048828125,-1,-1,1,-1,-1,-1
3703,41,1688.08154296875,635.0980834960938,-1,-1,1,-1,-1,-1
3703,42,763.71484375,699.7451782226562,-1,-1,1,-1,-1,-1
3703,43,486.7191162109375,621.304443359375,-1,-1,1,-1,-1,-1
3704,41,1716.3330078125,642.3194580078125,-1,-1,1,-1,-1,-1
3704,42,785.1026000976562,706.8168334960938,-1,-1,1,-1,-1,-1
3704,43,508.05914306640625,628.331298828125,-1,-1,1,-1,-1,-1
3705,41,1751.9830322265625,642.211181640625,-1,-1,1,-1,-1,-1
3705,42,806.2784423828125,713.8951416015625,-1,-1,1,-1,-1,-1
3705,43,529.3771362304688,635.269775390625,-1,-1,1,-1,-1,-1
3706,41,1787.381591796875,642.22509765625,-1,-1,1,-1,-1,-1
3706,42,827.73291015625,713.9764404296875,-1,-1,1,-1,-1,-1
3706,43,550.9532470703125,642.53857421875,-1,-1,1,-1,-1,-1
3707,41,1830.1015625,649.4369506835938,-1,-1,1,-1,-1,-1
3707,42,856.145751953125,720.847900390625,-1,-1,1,-1,-1,-1
3707,43,571.89013671875,642.45654296875,-1,-1,1,-1,-1,-1
3708,42,877.423828125,728.1273193359375,-1,-1,1,-1,-1,-1
3708,43,593.401611328125,649.5933837890625,-1,-1,1,-1,-1,-1
3709,42,891.59130859375,735.0665283203125,-1,-1,1,-1,-1,-1
3709,43,614.8187255859375,656.6443481445312,-1,-1,1,-1,-1,-1
3710,42,920.0767211914062,735.1201171875,-1,-1,1,-1,-1,-1
3710,43,636.26025390625,663.839111328125,-1,-1,1,-1,-1,-1
3711,42,941.447021484375,742.2403564453125,-1,-1,1,-1,-1,-1
3711,43,657.4940185546875,663.6649780273438,-1,-1,1,-1,-1,-1
3712,42,962.8265380859375,742.201416015625,-1,-1,1,-1,-1,-1
3712,43,678.77001953125,670.7340087890625,-1,-1,1,-1,-1,-1
3713,42,991.21923828125,749.3090209960938,-1,-1,1,-1,-1,-1
3713,43,692.9649047851562,670.686767578125,-1,-1,1,-1,-1,-1
3714,42,956.4011840820312,770.7607421875,-1,-1,1,-1,-1,-1
3714,43,714.251953125,670.8012084960938,-1,-1,1,-1,-1,-1
3715,42,984.6375732421875,770.7186279296875,-1,-1,1,-1,-1,-1
3715,43,728.6098022460938,670.6620483398438,-1,-1,1,-1,-1,-1
3716,42,998.8827514648438,763.7051391601562,-1,-1,1,-1,-1,-1
3716,43,749.7594604492188,670.6417236328125,-1,-1,1,-1,-1,-1
3717,42,1027.1513671875,763.648193359375,-1,-1,1,-1,-1,-1
3717,43,771.05810546875,670.693115234375,-1,-1,1,-1,-1,-1
3718,42,1048.489013671875,763.486572265625,-1,-1,1,-1,-1,-1
3718,43,785.4666748046875,670.8419189453125,-1,-1,1,-1,-1,-1
3719,42,1069.7855224609375,763.5413818359375,-1,-1,1,-1,-1,-1
3719,43,806.6761474609375,663.7048950195312,-1,-1,1,-1,-1,-1
3720,42,1084.2939453125,763.5960083007812,-1,-1,1,-1,-1,-1
3720,43,827.96728515625,663.6708984375,-1,-1,1,-1,-1,-1
3721,42,1154.584716796875,742.262451171875,-1,-1,1,-1,-1,-1
3721,43,842.2108764648438,663.588134765625,-1,-1,1,-1,-1,-1
3722,42,1176.02197265625,735.1192626953125,-1,-1,1,-1,-1,-1
3722,43,863.5631103515625,663.5202026367188,-1,-1,1,-1,-1,-1
3723,42,1197.22216796875,735.0958251953125,-1,-1,1,-1,-1,-1
3723,43,884.8754272460938,663.6190795898438,-1,-1,1,-1,-1,-1
3724,42,1225.546630859375,735.2237548828125,-1,-1,1,-1,-1,-1
3724,43,906.29931640625,663.4977416992188,-1,-1,1,-1,-1,-1
3725,42,1239.79296875,735.0529174804688,-1,-1,1,-1,-1,-1
3725,43,927.5582275390625,656.463623046875,-1,-1,1,-1,-1,-1
3726,42,1261.2022705078125,734.94189453125,-1,-1,1,-1,-1,-1
3726,43,948.7877197265625,656.455078125,-1,-1,1,-1,-1,-1
3727,43,970.2960205078125,656.429931640625,-1,-1,1,-1,-1,-1
3728,42,1310.939697265625,727.9925537109375,-1,-1,1,-1,-1,-1
3728,43,991.5706787109375,656.4332275390625,-1,-1,1,-1,-1,-1
3729,42,1339.438232421875,727.9969482421875,-1,-1,1,-1,-1,-1
3729,43,1012.8818969726562,656.474365234375,-1,-1,1,-1,-1,-1
3730,42,1360.838623046875,728.000244140625,-1,-1,1,-1,-1,-1
3730,43,1041.19384765625,649.4683837890625,-1,-1,1,-1,-1,-1
3731,42,1389.1826171875,727.8547973632812,-1,-1,1,-1,-1,-1
3731,43,1062.64990234375,649.5306396484375,-1,-1,1,-1,-1,-1
3732,42,1417.5355224609375,728.104736328125,-1,-1,1,-1,-1,-1
3732,43,1091.052734375,649.5327758789062,-1,-1,1,-1,-1,-1
3733,42,1445.990966796875,727.8843383789062,-1,-1,1,-1,-1,-1
3733,43,1112.44140625,649.5025634765625,-1,-1,1,-1,-1,-1
3734,42,1467.350341796875,727.9287109375,-1,-1,1,-1,-1,-1
3734,43,1133.7420654296875,649.4208984375,-1,-1,1,-1,-1,-1
3735,42,1495.902099609375,727.89892578125,-1,-1,1,-1,-1,-1
3735,43,1162.204833984375,649.531494140625,-1,-1,1,-1,-1,-1
3736,42,1524.31787109375,727.8309326171875,-1,-1,1,-1,-1,-1
3736,43,1183.4632568359375,649.4358520507812,-1,-1,1,-1,-1,-1
3737,42,1545.73583984375,727.77783203125,-1,-1,1,-1,-1,-1
3737,43,1204.869873046875,649.343505859375,-1,-1,1,-1,-1,-1
3738,42,1574.2080078125,727.813720703125,-1,-1,1,-1,-1,-1
3738,43,1226.208251953125,649.3776245117188,-1,-1,1,-1,-1,-1
3739,42,1595.463134765625,727.91552734375,-1,-1,1,-1,-1,-1
3739,43,1254.6492919921875,642.3380126953125,-1,-1,1,-1,-1,-1
3740,42,1630.751708984375,727.9373779296875,-1,-1,1,-1,-1,-1
3740,43,1275.8194580078125,649.381591796875,-1,-1,1,-1,-1,-1
3741,42,1659.0987548828125,727.9892578125,-1,-1,1,-1,-1,-1
3741,43,1297.1463623046875,642.388427734375,-1,-1,1,-1,-1,-1
3742,42,1680.2496337890625,727.9013061523438,-1,-1,1,-1,-1,-1
3742,43,1318.443359375,642.3515625,-1,-1,1,-1,-1,-1
3743,42,1708.96484375,720.5167236328125,-1,-1,1,-1,-1,-1
3743,43,1339.8043212890625,642.37353515625,-1,-1,1,-1,-1,-1
3744,42,1737.282470703125,720.6005859375,-1,-1,1,-1,-1,-1
3744,43,1368.381103515625,635.2410278320312,-1,-1,1,-1,-1,-1
3745,42,1765.649169921875,720.738037109375,-1,-1,1,-1,-1,-1
3745,43,1389.603271484375,635.24853515625,-1,-1,1,-1,-1,-1
3746,42,1787.1912841796875,713.5923461914062,-1,-1,1,-1,-1,-1
3746,43,1410.8482666015625,635.4418334960938,-1,-1,1,-1,-1,-1
3747,42,1815.5028076171875,713.6966552734375,-1,-1,1,-1,-1,-1
3747,43,1432.23046875,628.174560546875,-1,-1,1,-1,-1,-1
3748,42,1844.1099853515625,713.43896484375,-1,-1,1,-1,-1,-1
3748,43,1453.5404052734375,620.963134765625,-1,-1,1,-1,-1,-1
3749,42,1865.5726318359375,713.3836059570312,-1,-1,1,-1,-1,-1
3749,43,1474.8408203125,621.017578125,-1,-1,1,-1,-1,-1
3750,42,1879.67919921875,706.294677734375,-1,-1,1,-1,-1,-1
3750,43,1496.201416015625,621.1588745117188,-1,-1,1,-1,-1,-1
3751,43,1517.4886474609375,620.87451171875,-1,-1,1,-1,-1,-1
3752,43,1538.640380859375,620.9133911132812,-1,-1,1,-1,-1,-1
3753,43,1559.97412109375,620.997802734375,-1,-1,1,-1,-1,-1
3754,43,1581.1495361328125,621.0535278320312,-1,-1,1,-1,-1,-1
3755,43,1602.515380859375,621.081298828125,-1,-1,1,-1,-1,-1
3756,43,1630.9422607421875,621.1195678710938,-1,-1,1,-1,-1,-1
3757,43,1659.276611328125,621.2079467773438,-1,-1,1,-1,-1,-1
3758,43,1680.6202392578125,621.19970703125,-1,-1,1,-1,-1,-1
3759,43,1701.96044921875,621.1185302734375,-1,-1,1,-1,-1,-1
3760,43,1730.259521484375,621.1708984375,-1,-1,1,-1,-1,-1
3796,44,67.82012939453125,316.09613037109375,-1,-1,1,-1,-1,-1
3797,44,117.87457275390625,323.050048828125,-1,-1,1,-1,-1,-1
3798,44,167.4790802001953,336.9811706542969,-1,-1,1,-1,-1,-1
3799,44,210.46829223632812,336.8370361328125,-1,-1,1,-1,-1,-1
3800,44,245.76400756835938,351.20794677734375,-1,-1,1,-1,-1,-1
3801,44,288.31658935546875,351.2774658203125,-1,-1,1,-1,-1,-1
3802,44,338.0703125,358.34918212890625,-1,-1,1,-1,-1,-1
3803,44,380.5126037597656,365.4539794921875,-1,-1,1,-1,-1,-1
3804,44,415.72296142578125,372.551025390625,-1,-1,1,-1,-1,-1
3805,44,458.7220458984375,386.68060302734375,-1,-1,1,-1,-1,-1
3806,44,487.2034912109375,393.624267578125,-1,-1,1,-1,-1,-1
3807,44,522.7118530273438,400.81280517578125,-1,-1,1,-1,-1,-1
3808,44,558.0556030273438,408.1170349121094,-1,-1,1,-1,-1,-1
3809,44,586.575439453125,407.81982421875,-1,-1,1,-1,-1,-1
3810,44,608.0348510742188,429.2698059082031,-1,-1,1,-1,-1,-1
3811,44,636.6771240234375,443.5005798339844,-1,-1,1,-1,-1,-1
3812,44,657.7371826171875,450.528076171875,-1,-1,1,-1,-1,-1
3813,44,679.041748046875,457.87725830078125,-1,-1,1,-1,-1,-1
3814,44,700.23388671875,472.01605224609375,-1,-1,1,-1,-1,-1
3815,44,721.8187866210938,479.1134338378906,-1,-1,1,-1,-1,-1
3816,44,742.8206176757812,493.3206787109375,-1,-1,1,-1,-1,-1
3817,44,764.26025390625,507.70794677734375,-1,-1,1,-1,-1,-1
3818,44,785.80810546875,507.3836669921875,-1,-1,1,-1,-1,-1
3819,44,814.07861328125,514.6943969726562,-1,-1,1,-1,-1,-1
3820,44,828.2921142578125,528.7880249023438,-1,-1,1,-1,-1,-1
3821,44,842.7560424804688,535.6782836914062,-1,-1,1,-1,-1,-1
3822,44,856.6103515625,542.8594970703125,-1,-1,1,-1,-1,-1
