2,1,956.204345703125,536.1006469726562,-1,-1,1,-1,-1,-1
4,1,878.0205078125,528.8759765625,-1,-1,1,-1,-1,-1
5,1,842.49951171875,528.9750366210938,-1,-1,1,-1,-1,-1
7,1,785.64501953125,536.079833984375,-1,-1,1,-1,-1,-1
8,1,750.2731323242188,536.33984375,-1,-1,1,-1,-1,-1
9,1,721.750244140625,536.4005737304688,-1,-1,1,-1,-1,-1
12,1,601.160888671875,543.5220947265625,-1,-1,1,-1,-1,-1
13,1,551.5068359375,543.5033569335938,-1,-1,1,-1,-1,-1
14,1,501.48406982421875,543.3602905273438,-1,-1,1,-1,-1,-1
15,1,459.0404052734375,543.29638671875,-1,-1,1,-1,-1,-1
16,1,409.4769592285156,536.2356567382812,-1,-1,1,-1,-1,-1
17,1,359.6622314453125,536.3028564453125,-1,-1,1,-1,-1,-1
19,1,267.1551208496094,529.0408935546875,-1,-1,1,-1,-1,-1
20,1,224.59295654296875,528.8262939453125,-1,-1,1,-1,-1,-1
194,2,415.4622802734375,536.6084594726562,-1,-1,1,-1,-1,-1
195,2,415.8438415527344,536.27783203125,-1,-1,1,-1,-1,-1
196,2,408.540771484375,536.3987426757812,-1,-1,1,-1,-1,-1
197,2,408.60552978515625,529.211181640625,-1,-1,1,-1,-1,-1
198,2,408.57183837890625,522.1572265625,-1,-1,1,-1,-1,-1
199,2,401.36627197265625,529.2630615234375,-1,-1,1,-1,-1,-1
200,2,408.70660400390625,529.1749267578125,-1,-1,1,-1,-1,-1
201,2,401.3848571777344,536.45458984375,-1,-1,1,-1,-1,-1
202,2,401.4400634765625,536.5358276367188,-1,-1,1,-1,-1,-1
203,2,401.62188720703125,536.3983764648438,-1,-1,1,-1,-1,-1
204,2,394.4549865722656,543.611572265625,-1,-1,1,-1,-1,-1
205,2,380.0975036621094,557.8695068359375,-1,-1,1,-1,-1,-1
206,2,380.3099670410156,550.7896728515625,-1,-1,1,-1,-1,-1
212,3,1176.06787109375,685.10498046875,-1,-1,1,-1,-1,-1
224,3,1090.908935546875,713.6323852539062,-1,-1,1,-1,-1,-1
225,3,1076.767822265625,720.67138671875,-1,-1,1,-1,-1,-1
226,3,1069.57568359375,713.7354736328125,-1,-1,1,-1,-1,-1
228,3,1048.1455078125,713.6844482421875,-1,-1,1,-1,-1,-1
229,3,1041.05126953125,713.679931640625,-1,-1,1,-1,-1,-1
230,3,1026.863525390625,713.7657470703125,-1,-1,1,-1,-1,-1
231,3,1019.83984375,713.8482666015625,-1,-1,1,-1,-1,-1
232,3,1012.5953979492188,706.7376098632812,-1,-1,1,-1,-1,-1
233,3,1005.659912109375,713.670166015625,-1,-1,1,-1,-1,-1
234,3,991.61181640625,713.8275146484375,-1,-1,1,-1,-1,-1
235,3,984.3488159179688,713.6522216796875,-1,-1,1,-1,-1,-1
236,3,970.1452026367188,713.6036376953125,-1,-1,1,-1,-1,-1
237,3,955.9113159179688,713.68701171875,-1,-1,1,-1,-1,-1
238,3,941.7872314453125,720.7801513671875,-1,-1,1,-1,-1,-1
239,3,927.5382080078125,727.86376953125,-1,-1,1,-1,-1,-1
240,3,913.2579345703125,727.6485595703125,-1,-1,1,-1,-1,-1
242,3,877.7708740234375,727.7431640625,-1,-1,1,-1,-1,-1
243,3,863.4605102539062,713.8676147460938,-1,-1,1,-1,-1,-1
245,3,827.8983154296875,706.6708984375,-1,-1,1,-1,-1,-1
247,3,792.322021484375,706.568603515625,-1,-1,1,-1,-1,-1
248,3,771.12109375,713.9107666015625,-1,-1,1,-1,-1,-1
249,3,749.8826904296875,713.8692016601562,-1,-1,1,-1,-1,-1
251,3,714.344970703125,713.8480224609375,-1,-1,1,-1,-1,-1
252,3,699.9288330078125,706.5858764648438,-1,-1,1,-1,-1,-1
253,3,678.84375,713.8540649414062,-1,-1,1,-1,-1,-1
254,3,657.5848388671875,713.8660888671875,-1,-1,1,-1,-1,-1
255,3,643.2540283203125,706.8128051757812,-1,-1,1,-1,-1,-1
256,3,621.998779296875,713.81396484375,-1,-1,1,-1,-1,-1
257,3,600.8272705078125,706.7366943359375,-1,-1,1,-1,-1,-1
258,3,586.3639526367188,699.6094970703125,-1,-1,1,-1,-1,-1
259,3,565.1251220703125,699.6126098632812,-1,-1,1,-1,-1,-1
357,4,707.415771484375,770.4078369140625,-1,-1,1,-1,-1,-1
360,4,629.0496826171875,770.3495483398438,-1,-1,1,-1,-1,-1
361,4,607.8561401367188,777.6199340820312,-1,-1,1,-1,-1,-1
362,4,579.53662109375,777.491943359375,-1,-1,1,-1,-1,-1
363,4,550.8922119140625,777.48388671875,-1,-1,1,-1,-1,-1
364,4,529.540283203125,784.7161865234375,-1,-1,1,-1,-1,-1
365,4,501.07574462890625,784.6558837890625,-1,-1,1,-1,-1,-1
366,4,479.88482666015625,791.9009399414062,-1,-1,1,-1,-1,-1
367,4,451.5074462890625,798.9232788085938,-1,-1,1,-1,-1,-1
368,4,422.9912414550781,806.108642578125,-1,-1,1,-1,-1,-1
369,4,387.5483703613281,805.7487182617188,-1,-1,1,-1,-1,-1
370,4,359.0035400390625,813.0310668945312,-1,-1,1,-1,-1,-1
371,4,330.6246337890625,813.0569458007812,-1,-1,1,-1,-1,-1
372,4,295.02410888671875,820.221923828125,-1,-1,1,-1,-1,-1
373,4,259.37652587890625,820.1627197265625,-1,-1,1,-1,-1,-1
374,4,223.8905029296875,827.261962890625,-1,-1,1,-1,-1,-1
375,4,181.29043579101562,826.9171142578125,-1,-1,1,-1,-1,-1
376,4,145.68679809570312,834.290283203125,-1,-1,1,-1,-1,-1
377,4,103.22669219970703,834.056396484375,-1,-1,1,-1,-1,-1
378,4,67.79369354248047,841.382080078125,-1,-1,1,-1,-1,-1
464,5,1247.421630859375,656.8426513671875,-1,-1,1,-1,-1,-1
465,5,1211.860595703125,664.015380859375,-1,-1,1,-1,-1,-1
466,5,1169.4039306640625,671.1846923828125,-1,-1,1,-1,-1,-1
467,5,1133.7259521484375,670.9775390625,-1,-1,1,-1,-1,-1
468,5,1091.1904296875,678.29345703125,-1,-1,1,-1,-1,-1
469,5,1048.5379638671875,677.9840698242188,-1,-1,1,-1,-1,-1
470,5,1005.9971923828125,678.0350952148438,-1,-1,1,-1,-1,-1
471,5,956.2554931640625,677.89306640625,-1,-1,1,-1,-1,-1
472,5,906.5817260742188,677.8443603515625,-1,-1,1,-1,-1,-1
473,5,849.8060302734375,677.7918090820312,-1,-1,1,-1,-1,-1
474,5,800.07275390625,685.3134765625,-1,-1,1,-1,-1,-1
475,5,743.09716796875,685.1187744140625,-1,-1,1,-1,-1,-1
476,5,693.3268432617188,692.1181640625,-1,-1,1,-1,-1,-1
477,5,636.508544921875,699.356689453125,-1,-1,1,-1,-1,-1
478,5,579.8224487304688,713.6962280273438,-1,-1,1,-1,-1,-1
480,5,466.1654968261719,742.487548828125,-1,-1,1,-1,-1,-1
482,5,338.18927001953125,763.6641845703125,-1,-1,1,-1,-1,-1
497,6,1374.9775390625,798.877197265625,-1,-1,1,-1,-1,-1
499,6,1296.911865234375,798.8798217773438,-1,-1,1,-1,-1,-1
500,6,1254.40869140625,791.6941528320312,-1,-1,1,-1,-1,-1
501,6,1218.8372802734375,791.7987060546875,-1,-1,1,-1,-1,-1
502,6,1176.30029296875,791.57763671875,-1,-1,1,-1,-1,-1
503,6,1140.6611328125,784.5125732421875,-1,-1,1,-1,-1,-1
504,6,1105.206787109375,784.5108032226562,-1,-1,1,-1,-1,-1
505,6,1062.5587158203125,791.5570678710938,-1,-1,1,-1,-1,-1
506,6,1033.99462890625,784.5457763671875,-1,-1,1,-1,-1,-1
507,6,991.423583984375,784.4713134765625,-1,-1,1,-1,-1,-1
508,6,955.7911376953125,784.476806640625,-1,-1,1,-1,-1,-1
509,6,920.4061279296875,784.490966796875,-1,-1,1,-1,-1,-1
510,6,877.8035888671875,784.5919189453125,-1,-1,1,-1,-1,-1
511,6,835.0570068359375,784.5308227539062,-1,-1,1,-1,-1,-1
512,6,792.4930419921875,784.6912841796875,-1,-1,1,-1,-1,-1
513,6,749.886474609375,784.6484985351562,-1,-1,1,-1,-1,-1
514,6,707.26220703125,777.7542724609375,-1,-1,1,-1,-1,-1
515,6,664.583984375,777.8416137695312,-1,-1,1,-1,-1,-1
516,6,622.1142578125,784.7915649414062,-1,-1,1,-1,-1,-1
517,6,579.2626953125,784.7365112304688,-1,-1,1,-1,-1,-1
518,6,536.73828125,791.9459228515625,-1,-1,1,-1,-1,-1
519,6,494.03411865234375,799.06201171875,-1,-1,1,-1,-1,-1
520,6,451.4093017578125,798.9486083984375,-1,-1,1,-1,-1,-1
521,6,408.79412841796875,806.1619873046875,-1,-1,1,-1,-1,-1
522,6,366.16839599609375,805.9752197265625,-1,-1,1,-1,-1,-1
523,6,316.4583740234375,806.0322265625,-1,-1,1,-1,-1,-1
524,6,259.41363525390625,806.030517578125,-1,-1,1,-1,-1,-1
525,6,209.76614379882812,805.9862060546875,-1,-1,1,-1,-1,-1
526,6,159.95059204101562,806.02294921875,-1,-1,1,-1,-1,-1
527,6,110.268798828125,805.987548828125,-1,-1,1,-1,-1,-1
542,7,1517.27880859375,734.706787109375,-1,-1,1,-1,-1,-1
543,7,1481.72021484375,727.6698608398438,-1,-1,1,-1,-1,-1
544,7,1453.1600341796875,727.87255859375,-1,-1,1,-1,-1,-1
546,7,1389.469970703125,713.4117431640625,-1,-1,1,-1,-1,-1
548,7,1332.6619873046875,706.2567138671875,-1,-1,1,-1,-1,-1
550,7,1275.8031005859375,699.06298828125,-1,-1,1,-1,-1,-1
551,7,1247.3819580078125,699.0789794921875,-1,-1,1,-1,-1,-1
552,7,1225.934814453125,692.041015625,-1,-1,1,-1,-1,-1
553,7,1190.59130859375,692.1322631835938,-1,-1,1,-1,-1,-1
554,7,1162.07958984375,692.1943359375,-1,-1,1,-1,-1,-1
555,7,1133.671142578125,692.16015625,-1,-1,1,-1,-1,-1
556,7,1098.1551513671875,692.0178833007812,-1,-1,1,-1,-1,-1
557,7,1069.71435546875,692.1615600585938,-1,-1,1,-1,-1,-1
558,7,1034.157958984375,692.2208251953125,-1,-1,1,-1,-1,-1
559,7,991.5015258789062,692.27783203125,-1,-1,1,-1,-1,-1
559,8,1233.27880859375,486.276611328125,-1,-1,1,-1,-1,-1
560,7,941.6075439453125,692.404052734375,-1,-1,1,-1,-1,-1
560,8,1226.198486328125,486.30303955078125,-1,-1,1,-1,-1,-1
561,7,891.8070678710938,685.1456298828125,-1,-1,1,-1,-1,-1
561,8,1226.23828125,486.24267578125,-1,-1,1,-1,-1,-1
562,7,842.2110595703125,685.2322998046875,-1,-1,1,-1,-1,-1
562,8,1219.10205078125,486.0380859375,-1,-1,1,-1,-1,-1
563,7,792.60986328125,685.265625,-1,-1,1,-1,-1,-1
563,8,1218.850830078125,493.4810791015625,-1,-1,1,-1,-1,-1
564,7,735.6834716796875,692.4083251953125,-1,-1,1,-1,-1,-1
564,8,1175.9501953125,564.035400390625,-1,-1,1,-1,-1,-1
565,8,1204.7451171875,500.43963623046875,-1,-1,1,-1,-1,-1
566,8,1154.78662109375,571.1126708984375,-1,-1,1,-1,-1,-1
567,8,1197.738525390625,507.46514892578125,-1,-1,1,-1,-1,-1
568,8,1190.64306640625,514.7240600585938,-1,-1,1,-1,-1,-1
569,8,1176.3055419921875,528.9754638671875,-1,-1,1,-1,-1,-1
570,8,1169.365478515625,535.8134155273438,-1,-1,1,-1,-1,-1
571,8,1162.148193359375,550.0546264648438,-1,-1,1,-1,-1,-1
572,8,1140.7476806640625,564.55810546875,-1,-1,1,-1,-1,-1
573,8,1126.574951171875,578.6810302734375,-1,-1,1,-1,-1,-1
574,8,1112.3837890625,585.60400390625,-1,-1,1,-1,-1,-1
575,8,1091.085205078125,599.953857421875,-1,-1,1,-1,-1,-1
577,8,1041.306884765625,621.2259521484375,-1,-1,1,-1,-1,-1
578,8,1012.9660034179688,628.5079345703125,-1,-1,1,-1,-1,-1
579,8,984.52490234375,642.5443725585938,-1,-1,1,-1,-1,-1
580,8,963.3497314453125,649.580810546875,-1,-1,1,-1,-1,-1
581,8,934.908935546875,656.6777954101562,-1,-1,1,-1,-1,-1
582,8,906.517578125,663.7967529296875,-1,-1,1,-1,-1,-1
583,8,878.1143798828125,671.0029296875,-1,-1,1,-1,-1,-1
584,8,849.723876953125,671.0563354492188,-1,-1,1,-1,-1,-1
585,8,821.2967529296875,678.0491333007812,-1,-1,1,-1,-1,-1
586,8,792.85693359375,678.01953125,-1,-1,1,-1,-1,-1
587,8,764.4293212890625,685.2127685546875,-1,-1,1,-1,-1,-1
589,8,707.6229248046875,692.0672607421875,-1,-1,1,-1,-1,-1
589,9,757.259765625,656.8460693359375,-1,-1,1,-1,-1,-1
590,8,664.914306640625,699.4993896484375,-1,-1,1,-1,-1,-1
590,9,728.8955078125,656.736083984375,-1,-1,1,-1,-1,-1
591,8,629.324951171875,699.3130493164062,-1,-1,1,-1,-1,-1
591,9,686.0780029296875,663.99072265625,-1,-1,1,-1,-1,-1
592,8,593.952880859375,706.4627075195312,-1,-1,1,-1,-1,-1
592,9,650.3458251953125,663.9620361328125,-1,-1,1,-1,-1,-1
593,8,558.4496459960938,706.220703125,-1,-1,1,-1,-1,-1
593,9,615.0377197265625,670.9007568359375,-1,-1,1,-1,-1,-1
594,8,515.5970458984375,706.423095703125,-1,-1,1,-1,-1,-1
594,9,579.3948364257812,670.648193359375,-1,-1,1,-1,-1,-1
595,8,472.89801025390625,713.3001708984375,-1,-1,1,-1,-1,-1
595,9,536.8458251953125,677.7978515625,-1,-1,1,-1,-1,-1
596,8,430.2607727050781,720.458251953125,-1,-1,1,-1,-1,-1
596,9,494.06744384765625,685.1235961914062,-1,-1,1,-1,-1,-1
597,9,451.4639587402344,685.05029296875,-1,-1,1,-1,-1,-1
598,9,408.8082580566406,691.9615478515625,-1,-1,1,-1,-1,-1
601,10,1531.15478515625,629.06982421875,-1,-1,1,-1,-1,-1
603,10,1452.892822265625,629.0416259765625,-1,-1,1,-1,-1,-1
604,10,1417.2359619140625,635.84326171875,-1,-1,1,-1,-1,-1
605,10,1367.5552978515625,635.9950561523438,-1,-1,1,-1,-1,-1
606,10,1339.1580810546875,635.958251953125,-1,-1,1,-1,-1,-1
607,10,1303.6822509765625,635.846435546875,-1,-1,1,-1,-1,-1
608,10,1268.103271484375,628.5723266601562,-1,-1,1,-1,-1,-1
609,10,1239.71630859375,635.62890625,-1,-1,1,-1,-1,-1
610,10,1204.3665771484375,614.0510864257812,-1,-1,1,-1,-1,-1
611,10,1176.068359375,614.0623779296875,-1,-1,1,-1,-1,-1
1026,11,1368.2509765625,493.1942138671875,-1,-1,1,-1,-1,-1
1029,11,1311.197509765625,493.42041015625,-1,-1,1,-1,-1,-1
1030,11,1289.6748046875,493.49053955078125,-1,-1,1,-1,-1,-1
1031,11,1268.47314453125,486.1143493652344,-1,-1,1,-1,-1,-1
1032,11,1239.99462890625,486.03277587890625,-1,-1,1,-1,-1,-1
1033,11,1218.849609375,486.0738525390625,-1,-1,1,-1,-1,-1
1034,11,1190.4013671875,486.1553955078125,-1,-1,1,-1,-1,-1
1035,11,1162.097412109375,485.94573974609375,-1,-1,1,-1,-1,-1
1036,11,1140.819580078125,485.911865234375,-1,-1,1,-1,-1,-1
1037,11,1105.2900390625,485.97662353515625,-1,-1,1,-1,-1,-1
1038,11,1076.809814453125,486.0203857421875,-1,-1,1,-1,-1,-1
1042,11,955.9280395507812,464.7674255371094,-1,-1,1,-1,-1,-1
1043,11,920.3099975585938,464.76611328125,-1,-1,1,-1,-1,-1
1044,11,877.7694702148438,457.75885009765625,-1,-1,1,-1,-1,-1
1046,11,799.4835815429688,450.8658142089844,-1,-1,1,-1,-1,-1
1288,12,252.39175415039062,628.5513916015625,-1,-1,1,-1,-1,-1
1289,12,245.27468872070312,635.6884765625,-1,-1,1,-1,-1,-1
1290,12,238.10153198242188,635.738037109375,-1,-1,1,-1,-1,-1
1291,12,231.17449951171875,628.7166748046875,-1,-1,1,-1,-1,-1
1292,12,216.889892578125,628.5888671875,-1,-1,1,-1,-1,-1
1293,12,216.91517639160156,628.6126708984375,-1,-1,1,-1,-1,-1
1294,12,209.80307006835938,628.6367797851562,-1,-1,1,-1,-1,-1
1295,12,202.67645263671875,628.6119384765625,-1,-1,1,-1,-1,-1
1296,12,195.62161254882812,628.5235595703125,-1,-1,1,-1,-1,-1
1297,12,181.3701171875,628.6759033203125,-1,-1,1,-1,-1,-1
1298,12,174.2261962890625,628.66259765625,-1,-1,1,-1,-1,-1
1299,12,167.11517333984375,628.7373046875,-1,-1,1,-1,-1,-1
1300,12,152.91192626953125,628.5988159179688,-1,-1,1,-1,-1,-1
1301,12,145.8369140625,621.5038452148438,-1,-1,1,-1,-1,-1
1302,12,131.54624938964844,621.4863891601562,-1,-1,1,-1,-1,-1
1303,12,117.37617492675781,621.5284423828125,-1,-1,1,-1,-1,-1
1304,12,96.09072875976562,621.4346313476562,-1,-1,1,-1,-1,-1
1305,12,81.77268981933594,621.4345092773438,-1,-1,1,-1,-1,-1
1306,12,67.6048355102539,621.4722900390625,-1,-1,1,-1,-1,-1
1307,12,46.468257904052734,621.443115234375,-1,-1,1,-1,-1,-1
1578,13,1730.277099609375,664.0371704101562,-1,-1,1,-1,-1,-1
1580,13,1701.97412109375,663.7958374023438,-1,-1,1,-1,-1,-1
1582,13,1673.5877685546875,671.0661010742188,-1,-1,1,-1,-1,-1
1605,13,1453.170654296875,649.5599365234375,-1,-1,1,-1,-1,-1
1606,13,1439.092041015625,649.572021484375,-1,-1,1,-1,-1,-1
1607,13,1417.60107421875,656.860107421875,-1,-1,1,-1,-1,-1
1608,13,1403.4415283203125,663.8350830078125,-1,-1,1,-1,-1,-1
1609,13,1382.1378173828125,663.821044921875,-1,-1,1,-1,-1,-1
1610,13,1367.919921875,671.0235595703125,-1,-1,1,-1,-1,-1
1611,13,1346.6561279296875,670.8660888671875,-1,-1,1,-1,-1,-1
1612,13,1325.299560546875,678.1348876953125,-1,-1,1,-1,-1,-1
1613,13,1304.042236328125,677.9908447265625,-1,-1,1,-1,-1,-1
1614,13,1282.69921875,685.2069091796875,-1,-1,1,-1,-1,-1
1615,13,1268.42138671875,692.146240234375,-1,-1,1,-1,-1,-1
1616,13,1247.216064453125,692.0369873046875,-1,-1,1,-1,-1,-1
1617,13,1225.959228515625,699.2205810546875,-1,-1,1,-1,-1,-1
1618,13,1204.5263671875,706.41064453125,-1,-1,1,-1,-1,-1
1619,13,1183.275634765625,706.2748413085938,-1,-1,1,-1,-1,-1
1620,13,1168.964111328125,713.5783081054688,-1,-1,1,-1,-1,-1
1621,13,1147.64111328125,713.3438720703125,-1,-1,1,-1,-1,-1
1622,13,1126.4610595703125,713.3463134765625,-1,-1,1,-1,-1,-1
1623,13,1105.137451171875,713.3446044921875,-1,-1,1,-1,-1,-1
1624,13,1083.666015625,720.6097412109375,-1,-1,1,-1,-1,-1
1625,13,1069.47998046875,720.4296875,-1,-1,1,-1,-1,-1
1626,13,1048.1348876953125,713.279296875,-1,-1,1,-1,-1,-1
1627,13,1019.8900756835938,713.4451904296875,-1,-1,1,-1,-1,-1
1628,13,1005.58544921875,713.2724609375,-1,-1,1,-1,-1,-1
1629,13,984.3199462890625,713.4818115234375,-1,-1,1,-1,-1,-1
1630,13,963.0201416015625,713.3232421875,-1,-1,1,-1,-1,-1
1631,13,941.5615234375,713.6151123046875,-1,-1,1,-1,-1,-1
1632,13,920.2711181640625,713.6322021484375,-1,-1,1,-1,-1,-1
1634,13,884.8623046875,706.238525390625,-1,-1,1,-1,-1,-1
1636,13,849.190673828125,706.2120971679688,-1,-1,1,-1,-1,-1
1637,13,828.0428466796875,706.22021484375,-1,-1,1,-1,-1,-1
1638,13,806.78662109375,706.32568359375,-1,-1,1,-1,-1,-1
1644,13,693.0712890625,706.387451171875,-1,-1,1,-1,-1,-1
1646,13,650.3648681640625,699.0752563476562,-1,-1,1,-1,-1,-1
1647,13,622.0530395507812,699.213623046875,-1,-1,1,-1,-1,-1
1649,13,565.189697265625,692.1100463867188,-1,-1,1,-1,-1,-1
1651,13,515.3225708007812,685.1190795898438,-1,-1,1,-1,-1,-1
1652,13,480.019775390625,677.643798828125,-1,-1,1,-1,-1,-1
1653,13,451.38665771484375,670.613525390625,-1,-1,1,-1,-1,-1
1656,13,345.01068115234375,663.6439208984375,-1,-1,1,-1,-1,-1
1864,14,1012.5799560546875,521.37353515625,-1,-1,1,-1,-1,-1
1865,14,1012.56298828125,507.5118408203125,-1,-1,1,-1,-1,-1
1866,14,998.5526123046875,507.68475341796875,-1,-1,1,-1,-1,-1
1867,14,984.2987060546875,514.8641967773438,-1,-1,1,-1,-1,-1
1868,14,969.984130859375,521.9248046875,-1,-1,1,-1,-1,-1
1870,14,955.8460083007812,529.1006469726562,-1,-1,1,-1,-1,-1
1880,14,870.47412109375,564.4814453125,-1,-1,1,-1,-1,-1
1881,14,863.6456909179688,571.8193359375,-1,-1,1,-1,-1,-1
1882,14,856.4805297851562,571.8779296875,-1,-1,1,-1,-1,-1
1883,14,849.3662719726562,571.8626098632812,-1,-1,1,-1,-1,-1
1884,14,842.2734375,571.7493896484375,-1,-1,1,-1,-1,-1
1885,14,835.283447265625,578.9195556640625,-1,-1,1,-1,-1,-1
1887,14,813.941650390625,571.8320922851562,-1,-1,1,-1,-1,-1
1888,14,806.679931640625,571.6900634765625,-1,-1,1,-1,-1,-1
1889,14,799.6697998046875,564.6754150390625,-1,-1,1,-1,-1,-1
1890,14,799.6611938476562,571.8201904296875,-1,-1,1,-1,-1,-1
1891,14,799.7470703125,564.7040405273438,-1,-1,1,-1,-1,-1
1892,14,799.6349487304688,571.839599609375,-1,-1,1,-1,-1,-1
1893,14,799.730712890625,571.9447021484375,-1,-1,1,-1,-1,-1
1894,14,792.459716796875,571.8323364257812,-1,-1,1,-1,-1,-1
1895,14,792.461181640625,571.7376708984375,-1,-1,1,-1,-1,-1
1896,14,792.6571655273438,571.7740478515625,-1,-1,1,-1,-1,-1
1897,14,792.6434326171875,579.1087646484375,-1,-1,1,-1,-1,-1
1898,14,785.3487548828125,579.1028442382812,-1,-1,1,-1,-1,-1
1899,14,785.2443237304688,579.0423583984375,-1,-1,1,-1,-1,-1
1901,14,785.4027099609375,571.7529296875,-1,-1,1,-1,-1,-1
1902,14,778.1700439453125,571.71484375,-1,-1,1,-1,-1,-1
1903,14,778.0604248046875,571.743408203125,-1,-1,1,-1,-1,-1
1904,14,778.1385498046875,571.784912109375,-1,-1,1,-1,-1,-1
1949,15,1389.1412353515625,294.485595703125,-1,-1,1,-1,-1,-1
1951,15,1353.25048828125,294.4197692871094,-1,-1,1,-1,-1,-1
1953,15,1310.801025390625,287.4281311035156,-1,-1,1,-1,-1,-1
1959,15,1197.182861328125,266.05999755859375,-1,-1,1,-1,-1,-1
1960,15,1175.742919921875,265.8955383300781,-1,-1,1,-1,-1,-1
1961,15,1161.608642578125,258.9548645019531,-1,-1,1,-1,-1,-1
1962,15,1140.2650146484375,258.8880310058594,-1,-1,1,-1,-1,-1
1963,15,1126.217041015625,258.8269958496094,-1,-1,1,-1,-1,-1
1964,15,1104.9189453125,251.8779296875,-1,-1,1,-1,-1,-1
1965,15,1090.689208984375,251.88363647460938,-1,-1,1,-1,-1,-1
1966,15,1076.44140625,251.8671875,-1,-1,1,-1,-1,-1
1967,15,1055.236572265625,251.636962890625,-1,-1,1,-1,-1,-1
1968,15,1040.913818359375,251.73895263671875,-1,-1,1,-1,-1,-1
1969,15,1026.8935546875,251.62136840820312,-1,-1,1,-1,-1,-1
1970,15,1012.4276123046875,251.68313598632812,-1,-1,1,-1,-1,-1
1972,15,983.9337158203125,251.7635498046875,-1,-1,1,-1,-1,-1
1973,15,969.764404296875,251.79981994628906,-1,-1,1,-1,-1,-1
1974,15,962.5438842773438,251.7698974609375,-1,-1,1,-1,-1,-1
1992,15,735.56396484375,187.81039428710938,-1,-1,1,-1,-1,-1
1993,15,714.236083984375,187.82534790039062,-1,-1,1,-1,-1,-1
1994,15,692.7015380859375,187.75587463378906,-1,-1,1,-1,-1,-1
1995,15,678.6738891601562,180.6007080078125,-1,-1,1,-1,-1,-1
1996,15,628.9974365234375,216.25802612304688,-1,-1,1,-1,-1,-1
2017,15,188.54611206054688,152.05535888671875,-1,-1,1,-1,-1,-1
2018,15,160.08045959472656,152.34381103515625,-1,-1,1,-1,-1,-1
2019,15,124.5731201171875,159.3949737548828,-1,-1,1,-1,-1,-1
2020,15,96.17522430419922,159.42465209960938,-1,-1,1,-1,-1,-1
2283,16,1367.640869140625,685.314208984375,-1,-1,1,-1,-1,-1
2284,16,1332.269287109375,685.1199951171875,-1,-1,1,-1,-1,-1
2285,16,1296.658935546875,685.2537841796875,-1,-1,1,-1,-1,-1
2286,16,1261.2183837890625,685.1022338867188,-1,-1,1,-1,-1,-1
2287,16,1225.7347412109375,685.1032104492188,-1,-1,1,-1,-1,-1
2288,16,1190.22021484375,685.2442626953125,-1,-1,1,-1,-1,-1
2289,16,1154.5546875,692.474365234375,-1,-1,1,-1,-1,-1
2290,16,1119.021484375,692.3617553710938,-1,-1,1,-1,-1,-1
2291,16,1090.52734375,699.5181884765625,-1,-1,1,-1,-1,-1
2293,16,1012.4676513671875,706.7514038085938,-1,-1,1,-1,-1,-1
2294,16,977.1771240234375,706.4603881835938,-1,-1,1,-1,-1,-1
2295,16,934.05712890625,706.450439453125,-1,-1,1,-1,-1,-1
2296,16,891.501953125,713.8270263671875,-1,-1,1,-1,-1,-1
2297,16,834.69775390625,713.5469970703125,-1,-1,1,-1,-1,-1
2297,17,1410.5313720703125,720.5493774414062,-1,-1,1,-1,-1,-1
2298,16,799.1409912109375,720.7059326171875,-1,-1,1,-1,-1,-1
2298,17,1375.080078125,720.57373046875,-1,-1,1,-1,-1,-1
2299,16,756.7415771484375,720.6658325195312,-1,-1,1,-1,-1,-1
2299,17,1346.7421875,720.7996826171875,-1,-1,1,-1,-1,-1
2300,16,721.0438842773438,720.669189453125,-1,-1,1,-1,-1,-1
2300,17,1311.11181640625,720.4976806640625,-1,-1,1,-1,-1,-1
2301,16,678.6270751953125,727.8350830078125,-1,-1,1,-1,-1,-1
2302,16,635.5831298828125,727.8018188476562,-1,-1,1,-1,-1,-1
2302,17,1247.291015625,727.8150634765625,-1,-1,1,-1,-1,-1
2303,17,1211.664794921875,727.9898071289062,-1,-1,1,-1,-1,-1
2304,16,550.51513671875,735.0125732421875,-1,-1,1,-1,-1,-1
2305,17,1147.73291015625,734.884033203125,-1,-1,1,-1,-1,-1
2306,16,458.0391845703125,742.1129760742188,-1,-1,1,-1,-1,-1
2306,17,1112.22021484375,734.7068481445312,-1,-1,1,-1,-1,-1
2307,17,1076.799072265625,734.9151000976562,-1,-1,1,-1,-1,-1
2308,17,1048.07666015625,742.0823974609375,-1,-1,1,-1,-1,-1
2309,17,1012.5442504882812,741.95947265625,-1,-1,1,-1,-1,-1
2320,17,664.376708984375,741.98876953125,-1,-1,1,-1,-1,-1
2322,17,586.465087890625,735.169921875,-1,-1,1,-1,-1,-1
2323,17,550.8847045898438,735.1190185546875,-1,-1,1,-1,-1,-1
2324,17,508.38128662109375,735.072021484375,-1,-1,1,-1,-1,-1
2971,18,1048.52783203125,756.084228515625,-1,-1,1,-1,-1,-1
2972,18,1013.1156005859375,763.343505859375,-1,-1,1,-1,-1,-1
2973,18,977.3624267578125,763.075439453125,-1,-1,1,-1,-1,-1
2974,18,941.8953857421875,755.9925537109375,-1,-1,1,-1,-1,-1
2975,18,913.48779296875,756.2514038085938,-1,-1,1,-1,-1,-1
2976,18,877.8931884765625,749.027099609375,-1,-1,1,-1,-1,-1
2977,18,842.407958984375,749.2171630859375,-1,-1,1,-1,-1,-1
2978,18,821.3403930664062,748.9815673828125,-1,-1,1,-1,-1,-1
2979,18,778.076904296875,734.9935302734375,-1,-1,1,-1,-1,-1
2980,18,749.716796875,742.309814453125,-1,-1,1,-1,-1,-1
2981,18,721.46337890625,742.1848754882812,-1,-1,1,-1,-1,-1
2982,18,678.7745971679688,734.9712524414062,-1,-1,1,-1,-1,-1
2983,18,650.7001953125,734.8091430664062,-1,-1,1,-1,-1,-1
2984,18,607.6383056640625,742.207275390625,-1,-1,1,-1,-1,-1
2985,18,565.1241455078125,735.0054321289062,-1,-1,1,-1,-1,-1
2986,18,515.337890625,727.6896362304688,-1,-1,1,-1,-1,-1
2987,18,465.589599609375,720.7210693359375,-1,-1,1,-1,-1,-1
2990,18,330.8731994628906,741.8802490234375,-1,-1,1,-1,-1,-1
3152,19,1652.280517578125,670.67724609375,-1,-1,1,-1,-1,-1
3155,19,1588.1951904296875,677.982421875,-1,-1,1,-1,-1,-1
3156,19,1574.19384765625,678.1132202148438,-1,-1,1,-1,-1,-1
3157,19,1545.649169921875,677.8436279296875,-1,-1,1,-1,-1,-1
3158,19,1531.37744140625,677.6630859375,-1,-1,1,-1,-1,-1
3162,19,1466.87255859375,670.8922119140625,-1,-1,1,-1,-1,-1
3163,19,1452.92626953125,670.821533203125,-1,-1,1,-1,-1,-1
3164,19,1431.591796875,670.8902587890625,-1,-1,1,-1,-1,-1
3165,19,1417.431396484375,663.8349609375,-1,-1,1,-1,-1,-1
3166,19,1403.2874755859375,663.9716796875,-1,-1,1,-1,-1,-1
3167,19,1388.933349609375,656.6431884765625,-1,-1,1,-1,-1,-1
3182,19,1168.603515625,621.5777587890625,-1,-1,1,-1,-1,-1
3183,19,1140.137939453125,614.431884765625,-1,-1,1,-1,-1,-1
3184,19,1118.8360595703125,614.65625,-1,-1,1,-1,-1,-1
3185,19,1090.57568359375,614.9403686523438,-1,-1,1,-1,-1,-1
3193,19,920.2691650390625,621.82861328125,-1,-1,1,-1,-1,-1
3194,19,892.027587890625,614.297119140625,-1,-1,1,-1,-1,-1
3195,19,870.7518310546875,614.44775390625,-1,-1,1,-1,-1,-1
3196,19,841.97900390625,614.4917602539062,-1,-1,1,-1,-1,-1
3197,19,821.0781860351562,614.4367065429688,-1,-1,1,-1,-1,-1
3198,19,792.4669189453125,614.544921875,-1,-1,1,-1,-1,-1
3199,19,763.918212890625,621.5438232421875,-1,-1,1,-1,-1,-1
3200,19,742.414306640625,621.4437255859375,-1,-1,1,-1,-1,-1
3201,19,714.2392578125,621.5357666015625,-1,-1,1,-1,-1,-1
3202,19,685.9044189453125,621.3502197265625,-1,-1,1,-1,-1,-1
3203,19,657.4857788085938,621.4631958007812,-1,-1,1,-1,-1,-1
3204,19,636.3380126953125,621.4632568359375,-1,-1,1,-1,-1,-1
3207,19,536.6007690429688,614.468505859375,-1,-1,1,-1,-1,-1
3208,19,500.88983154296875,614.4813232421875,-1,-1,1,-1,-1,-1
4175,20,1345.932373046875,593.4657592773438,-1,-1,1,-1,-1,-1
4176,20,1324.614990234375,586.421875,-1,-1,1,-1,-1,-1
4177,20,1296.78271484375,586.1001586914062,-1,-1,1,-1,-1,-1
4178,20,1275.5125732421875,586.08056640625,-1,-1,1,-1,-1,-1
4179,20,1246.640869140625,586.2533569335938,-1,-1,1,-1,-1,-1
4181,20,1175.979736328125,586.11767578125,-1,-1,1,-1,-1,-1
4182,20,1133.46484375,579.0240478515625,-1,-1,1,-1,-1,-1
4183,20,1090.5849609375,579.1240234375,-1,-1,1,-1,-1,-1
4185,20,1019.669677734375,579.10400390625,-1,-1,1,-1,-1,-1
4185,21,1396.599609375,621.2415161132812,-1,-1,1,-1,-1,-1
4186,20,976.9624633789062,579.0401611328125,-1,-1,1,-1,-1,-1
4186,21,1361.100830078125,621.249267578125,-1,-1,1,-1,-1,-1
4187,20,941.31884765625,586.2380981445312,-1,-1,1,-1,-1,-1
4187,21,1318.520751953125,628.219482421875,-1,-1,1,-1,-1,-1
4188,20,905.8343505859375,586.0,-1,-1,1,-1,-1,-1
4188,21,1275.8367919921875,628.3348388671875,-1,-1,1,-1,-1,-1
4189,21,1239.94287109375,628.6251220703125,-1,-1,1,-1,-1,-1
4190,21,1204.32861328125,635.6138916015625,-1,-1,1,-1,-1,-1
4191,20,778.15380859375,600.06298828125,-1,-1,1,-1,-1,-1
4191,21,1154.4407958984375,635.6919555664062,-1,-1,1,-1,-1,-1
4201,21,828.1708984375,756.205810546875,-1,-1,1,-1,-1,-1
4202,21,778.2955322265625,763.3023681640625,-1,-1,1,-1,-1,-1
4203,21,735.7579345703125,770.4134521484375,-1,-1,1,-1,-1,-1
4204,21,686.0149536132812,777.5193481445312,-1,-1,1,-1,-1,-1
4205,21,629.1961669921875,784.4674072265625,-1,-1,1,-1,-1,-1
4206,21,572.3493041992188,784.4578247070312,-1,-1,1,-1,-1,-1
4207,21,515.42041015625,784.6083984375,-1,-1,1,-1,-1,-1
4208,21,451.63482666015625,777.35791015625,-1,-1,1,-1,-1,-1
4209,21,373.46044921875,777.3621826171875,-1,-1,1,-1,-1,-1
4211,21,217.2989501953125,756.3272705078125,-1,-1,1,-1,-1,-1
4212,21,124.81940460205078,749.0310668945312,-1,-1,1,-1,-1,-1
4312,22,1126.09765625,792.2518310546875,-1,-1,1,-1,-1,-1
4313,22,1090.797607421875,792.194580078125,-1,-1,1,-1,-1,-1
4314,22,1033.888427734375,799.15283203125,-1,-1,1,-1,-1,-1
4315,22,1005.1834716796875,792.2667846679688,-1,-1,1,-1,-1,-1
4316,22,941.6712646484375,799.231201171875,-1,-1,1,-1,-1,-1
4317,22,891.7158203125,799.2462158203125,-1,-1,1,-1,-1,-1
4318,22,841.8935546875,799.3348999023438,-1,-1,1,-1,-1,-1
4327,22,443.9591064453125,848.6045532226562,-1,-1,1,-1,-1,-1
4328,22,380.3701477050781,855.789794921875,-1,-1,1,-1,-1,-1
4329,22,316.5742492675781,862.80859375,-1,-1,1,-1,-1,-1
4330,22,295.13067626953125,862.4873046875,-1,-1,1,-1,-1,-1
4562,23,1183.17578125,863.06005859375,-1,-1,1,-1,-1,-1
4563,23,1154.72802734375,863.0020751953125,-1,-1,1,-1,-1,-1
4564,23,1119.00634765625,855.8731689453125,-1,-1,1,-1,-1,-1
4565,23,1090.625244140625,848.5790405273438,-1,-1,1,-1,-1,-1
4566,23,1069.3359375,855.9483642578125,-1,-1,1,-1,-1,-1
4567,23,1040.99462890625,848.969970703125,-1,-1,1,-1,-1,-1
4576,23,714.2859497070312,841.6658935546875,-1,-1,1,-1,-1,-1
4577,23,657.292236328125,820.3011474609375,-1,-1,1,-1,-1,-1
4578,23,643.1632690429688,841.72998046875,-1,-1,1,-1,-1,-1
4579,23,579.1865844726562,820.1000366210938,-1,-1,1,-1,-1,-1
4580,23,565.05712890625,841.6971435546875,-1,-1,1,-1,-1,-1
4581,23,522.2628173828125,841.7769775390625,-1,-1,1,-1,-1,-1
4888,24,1879.8912353515625,621.161376953125,-1,-1,1,-1,-1,-1
4889,24,1872.5115966796875,621.1490478515625,-1,-1,1,-1,-1,-1
4890,24,1858.26220703125,621.384521484375,-1,-1,1,-1,-1,-1
4891,24,1843.875244140625,621.5694580078125,-1,-1,1,-1,-1,-1
4892,24,1837.030517578125,614.1290893554688,-1,-1,1,-1,-1,-1
4893,24,1829.83544921875,621.3648681640625,-1,-1,1,-1,-1,-1
4894,24,1822.583251953125,628.4793090820312,-1,-1,1,-1,-1,-1
4895,24,1808.5050048828125,621.1757202148438,-1,-1,1,-1,-1,-1
4896,24,1801.33984375,620.9990234375,-1,-1,1,-1,-1,-1
4897,24,1787.095458984375,621.1612548828125,-1,-1,1,-1,-1,-1
4898,24,1779.853271484375,628.412109375,-1,-1,1,-1,-1,-1
4899,24,1765.767578125,628.47412109375,-1,-1,1,-1,-1,-1
4900,24,1758.7979736328125,628.5452270507812,-1,-1,1,-1,-1,-1
4901,24,1758.728515625,635.659423828125,-1,-1,1,-1,-1,-1
4902,24,1758.8016357421875,635.54638671875,-1,-1,1,-1,-1,-1
4903,24,1751.640625,642.7694091796875,-1,-1,1,-1,-1,-1
4904,24,1744.64208984375,642.9003295898438,-1,-1,1,-1,-1,-1
4905,24,1737.54638671875,642.82861328125,-1,-1,1,-1,-1,-1
4906,24,1730.401611328125,642.7513427734375,-1,-1,1,-1,-1,-1
4907,24,1723.35693359375,642.7455444335938,-1,-1,1,-1,-1,-1
4908,24,1709.09619140625,642.8589477539062,-1,-1,1,-1,-1,-1
4909,24,1702.126220703125,642.9313354492188,-1,-1,1,-1,-1,-1
4910,24,1687.888916015625,642.947509765625,-1,-1,1,-1,-1,-1
4911,24,1680.7100830078125,635.593505859375,-1,-1,1,-1,-1,-1
4912,24,1673.625,635.7034912109375,-1,-1,1,-1,-1,-1
4913,24,1659.4837646484375,635.7357177734375,-1,-1,1,-1,-1,-1
4914,24,1645.1571044921875,628.2833251953125,-1,-1,1,-1,-1,-1
4915,24,1631.070068359375,628.46728515625,-1,-1,1,-1,-1,-1
4916,24,1616.804931640625,628.5452880859375,-1,-1,1,-1,-1,-1
4917,24,1602.5400390625,628.6336669921875,-1,-1,1,-1,-1,-1
4918,24,1588.3375244140625,621.2001953125,-1,-1,1,-1,-1,-1
4919,24,1574.19775390625,621.3944702148438,-1,-1,1,-1,-1,-1
4920,24,1559.87353515625,621.644775390625,-1,-1,1,-1,-1,-1
4921,24,1545.730712890625,621.5431518554688,-1,-1,1,-1,-1,-1
4922,24,1531.50634765625,614.141845703125,-1,-1,1,-1,-1,-1
4923,24,1517.263916015625,621.5775146484375,-1,-1,1,-1,-1,-1
4924,24,1495.848388671875,621.462158203125,-1,-1,1,-1,-1,-1
4925,24,1481.723876953125,621.5140380859375,-1,-1,1,-1,-1,-1
4926,24,1460.423583984375,621.4048461914062,-1,-1,1,-1,-1,-1
4927,24,1446.30615234375,621.3162841796875,-1,-1,1,-1,-1,-1
4928,24,1432.1146240234375,621.2860717773438,-1,-1,1,-1,-1,-1
4929,24,1410.638427734375,628.6683959960938,-1,-1,1,-1,-1,-1
4930,24,1396.3203125,628.6921997070312,-1,-1,1,-1,-1,-1
4931,24,1382.265869140625,628.7415161132812,-1,-1,1,-1,-1,-1
4932,24,1360.879638671875,628.6561889648438,-1,-1,1,-1,-1,-1
4933,24,1346.7840576171875,628.612060546875,-1,-1,1,-1,-1,-1
4934,24,1325.4246826171875,628.619873046875,-1,-1,1,-1,-1,-1
4935,24,1311.253662109375,628.661865234375,-1,-1,1,-1,-1,-1
4936,24,1297.048583984375,628.6585693359375,-1,-1,1,-1,-1,-1
4937,24,1275.666259765625,628.6069946289062,-1,-1,1,-1,-1,-1
4938,24,1261.4674072265625,628.6660766601562,-1,-1,1,-1,-1,-1
4939,24,1247.2764892578125,628.5963134765625,-1,-1,1,-1,-1,-1
4940,24,1225.9273681640625,628.5829467773438,-1,-1,1,-1,-1,-1
4941,24,1211.7647705078125,628.5278930664062,-1,-1,1,-1,-1,-1
4942,24,1197.54052734375,628.562255859375,-1,-1,1,-1,-1,-1
4943,24,1183.30224609375,628.6046752929688,-1,-1,1,-1,-1,-1
4944,24,1169.114990234375,628.7293090820312,-1,-1,1,-1,-1,-1
4945,24,1154.8687744140625,628.6478881835938,-1,-1,1,-1,-1,-1
4946,24,1133.58251953125,621.5092163085938,-1,-1,1,-1,-1,-1
4946,25,835.5118408203125,343.9771728515625,-1,-1,1,-1,-1,-1
4947,24,1119.3426513671875,621.6233520507812,-1,-1,1,-1,-1,-1
4947,25,814.2110595703125,343.80560302734375,-1,-1,1,-1,-1,-1
4948,24,1105.104736328125,621.7305297851562,-1,-1,1,-1,-1,-1
4948,25,806.9237060546875,344.2170715332031,-1,-1,1,-1,-1,-1
4949,24,1091.012451171875,614.2592163085938,-1,-1,1,-1,-1,-1
4949,25,792.9791870117188,343.88726806640625,-1,-1,1,-1,-1,-1
4950,24,1076.774658203125,614.3511962890625,-1,-1,1,-1,-1,-1
4950,25,778.667236328125,336.97576904296875,-1,-1,1,-1,-1,-1
4951,24,1062.5919189453125,614.5089111328125,-1,-1,1,-1,-1,-1
4951,25,771.4859619140625,336.8320617675781,-1,-1,1,-1,-1,-1
4952,24,1048.369384765625,607.06201171875,-1,-1,1,-1,-1,-1
4952,25,757.1663818359375,329.97723388671875,-1,-1,1,-1,-1,-1
4953,24,1034.2757568359375,607.2864990234375,-1,-1,1,-1,-1,-1
4954,24,1012.861083984375,607.44140625,-1,-1,1,-1,-1,-1
4955,24,998.6820068359375,600.0826416015625,-1,-1,1,-1,-1,-1
4956,24,984.4380493164062,600.2093505859375,-1,-1,1,-1,-1,-1
4957,24,970.1669921875,600.2044067382812,-1,-1,1,-1,-1,-1
4958,24,956.0053100585938,592.9453735351562,-1,-1,1,-1,-1,-1
4958,25,678.9877319335938,308.3659362792969,-1,-1,1,-1,-1,-1
4959,24,941.8009643554688,593.12353515625,-1,-1,1,-1,-1,-1
4959,25,664.886962890625,308.6409912109375,-1,-1,1,-1,-1,-1
4960,24,927.4901123046875,585.6651611328125,-1,-1,1,-1,-1,-1
4960,25,650.6259765625,308.4017639160156,-1,-1,1,-1,-1,-1
4961,24,906.227783203125,585.841064453125,-1,-1,1,-1,-1,-1
4962,24,892.0308837890625,585.965087890625,-1,-1,1,-1,-1,-1
4962,25,621.9769287109375,301.2179870605469,-1,-1,1,-1,-1,-1
4963,24,877.84130859375,585.947265625,-1,-1,1,-1,-1,-1
4964,24,863.5911865234375,585.9075927734375,-1,-1,1,-1,-1,-1
4965,24,849.4277954101562,585.86181640625,-1,-1,1,-1,-1,-1
4966,24,835.099853515625,585.8695678710938,-1,-1,1,-1,-1,-1
4967,24,828.0133056640625,593.1412353515625,-1,-1,1,-1,-1,-1
4968,24,813.756103515625,593.1148681640625,-1,-1,1,-1,-1,-1
4968,25,565.301025390625,308.5394592285156,-1,-1,1,-1,-1,-1
4969,24,806.72314453125,593.1279296875,-1,-1,1,-1,-1,-1
4970,24,799.5850219726562,593.0283203125,-1,-1,1,-1,-1,-1
4971,24,792.5086669921875,592.8863525390625,-1,-1,1,-1,-1,-1
4972,24,778.148193359375,600.3436279296875,-1,-1,1,-1,-1,-1
4973,24,771.2392578125,600.220458984375,-1,-1,1,-1,-1,-1
4974,24,756.9390258789062,600.115478515625,-1,-1,1,-1,-1,-1
4975,24,749.852294921875,607.2916259765625,-1,-1,1,-1,-1,-1
4976,24,735.6417236328125,607.4494018554688,-1,-1,1,-1,-1,-1
4977,24,728.6029052734375,607.3291625976562,-1,-1,1,-1,-1,-1
4978,24,714.3589477539062,607.2945556640625,-1,-1,1,-1,-1,-1
4979,24,707.2041015625,607.063232421875,-1,-1,1,-1,-1,-1
4979,25,494.5012512207031,329.81787109375,-1,-1,1,-1,-1,-1
4980,24,693.028076171875,607.225830078125,-1,-1,1,-1,-1,-1
4981,24,678.7898559570312,607.23193359375,-1,-1,1,-1,-1,-1
4981,25,480.0339050292969,336.7933349609375,-1,-1,1,-1,-1,-1
4982,24,671.6668701171875,607.1566162109375,-1,-1,1,-1,-1,-1
4982,25,472.81439208984375,336.90753173828125,-1,-1,1,-1,-1,-1
4983,24,657.470703125,614.5584716796875,-1,-1,1,-1,-1,-1
4983,25,465.834228515625,337.04522705078125,-1,-1,1,-1,-1,-1
4984,24,650.3980102539062,614.3902587890625,-1,-1,1,-1,-1,-1
4984,25,458.75177001953125,336.9875793457031,-1,-1,1,-1,-1,-1
4985,24,636.15576171875,614.4749755859375,-1,-1,1,-1,-1,-1
4986,24,622.013671875,614.4813842773438,-1,-1,1,-1,-1,-1
4986,25,437.51068115234375,336.9512634277344,-1,-1,1,-1,-1,-1
4987,24,614.8367919921875,614.429443359375,-1,-1,1,-1,-1,-1
4987,25,437.42132568359375,344.30096435546875,-1,-1,1,-1,-1,-1
4988,24,607.7332153320312,614.4188232421875,-1,-1,1,-1,-1,-1
4989,24,593.61083984375,614.1785888671875,-1,-1,1,-1,-1,-1
4989,25,423.1751708984375,344.134033203125,-1,-1,1,-1,-1,-1
4990,24,579.3755493164062,614.3426513671875,-1,-1,1,-1,-1,-1
4990,25,416.21636962890625,344.171630859375,-1,-1,1,-1,-1,-1
4991,24,565.08056640625,621.60400390625,-1,-1,1,-1,-1,-1
4991,25,401.9437561035156,344.0924072265625,-1,-1,1,-1,-1,-1
4992,24,550.8693237304688,621.7365112304688,-1,-1,1,-1,-1,-1
4992,25,394.87005615234375,344.0383605957031,-1,-1,1,-1,-1,-1
4993,24,536.7569580078125,614.219482421875,-1,-1,1,-1,-1,-1
4994,24,522.4600830078125,614.376708984375,-1,-1,1,-1,-1,-1
4995,24,501.23468017578125,607.2842407226562,-1,-1,1,-1,-1,-1
4996,24,486.9720153808594,607.3886108398438,-1,-1,1,-1,-1,-1
4997,24,472.6583251953125,607.3902587890625,-1,-1,1,-1,-1,-1
4998,24,465.6845397949219,600.0960693359375,-1,-1,1,-1,-1,-1
4999,24,444.2026062011719,600.324951171875,-1,-1,1,-1,-1,-1
5000,24,429.73052978515625,600.022216796875,-1,-1,1,-1,-1,-1
5001,24,415.824462890625,593.0863037109375,-1,-1,1,-1,-1,-1
5002,24,401.7778625488281,585.7916259765625,-1,-1,1,-1,-1,-1
5003,24,380.44683837890625,585.9497680664062,-1,-1,1,-1,-1,-1
5004,24,366.15740966796875,585.941650390625,-1,-1,1,-1,-1,-1
5005,24,344.87103271484375,578.5933837890625,-1,-1,1,-1,-1,-1
5006,24,323.69293212890625,578.6444702148438,-1,-1,1,-1,-1,-1
5007,24,302.18511962890625,578.715576171875,-1,-1,1,-1,-1,-1
5008,24,288.04815673828125,578.4825439453125,-1,-1,1,-1,-1,-1
5009,24,266.6287841796875,585.98193359375,-1,-1,1,-1,-1,-1
5010,24,245.3260498046875,585.9982299804688,-1,-1,1,-1,-1,-1
5011,24,224.04986572265625,585.955078125,-1,-1,1,-1,-1,-1
5012,24,202.68515014648438,585.9105224609375,-1,-1,1,-1,-1,-1
5013,24,181.45748901367188,585.828369140625,-1,-1,1,-1,-1,-1
5014,24,153.04489135742188,585.804443359375,-1,-1,1,-1,-1,-1
5015,24,131.53652954101562,578.5570068359375,-1,-1,1,-1,-1,-1
5016,24,110.30462646484375,578.6735229492188,-1,-1,1,-1,-1,-1
5017,24,81.96637725830078,578.79248046875,-1,-1,1,-1,-1,-1
5018,24,60.71169662475586,578.9366455078125,-1,-1,1,-1,-1,-1
5066,26,1808.4041748046875,798.7093505859375,-1,-1,1,-1,-1,-1
5068,26,1772.999755859375,798.7879638671875,-1,-1,1,-1,-1,-1
5069,26,1758.79248046875,798.7330322265625,-1,-1,1,-1,-1,-1
5070,26,1744.4473876953125,798.7601318359375,-1,-1,1,-1,-1,-1
5071,26,1730.4417724609375,798.6224365234375,-1,-1,1,-1,-1,-1
5072,26,1709.230224609375,798.5618896484375,-1,-1,1,-1,-1,-1
5073,26,1695.0521240234375,798.5693359375,-1,-1,1,-1,-1,-1
5074,26,1680.680419921875,798.7236328125,-1,-1,1,-1,-1,-1
5075,26,1659.445556640625,798.8434448242188,-1,-1,1,-1,-1,-1
5076,26,1638.091796875,798.7130126953125,-1,-1,1,-1,-1,-1
5077,26,1623.69970703125,798.6612548828125,-1,-1,1,-1,-1,-1
5078,26,1609.76123046875,798.8233032226562,-1,-1,1,-1,-1,-1
5079,26,1588.4566650390625,798.5255126953125,-1,-1,1,-1,-1,-1
5080,26,1567.109619140625,791.556884765625,-1,-1,1,-1,-1,-1
5081,26,1545.846923828125,791.6484375,-1,-1,1,-1,-1,-1
5082,26,1517.475830078125,791.4243774414062,-1,-1,1,-1,-1,-1
5083,26,1503.33984375,791.3743896484375,-1,-1,1,-1,-1,-1
5084,26,1481.910400390625,784.5078125,-1,-1,1,-1,-1,-1
5085,26,1460.4775390625,784.5234375,-1,-1,1,-1,-1,-1
5086,26,1446.22607421875,784.3653564453125,-1,-1,1,-1,-1,-1
5087,26,1424.61181640625,777.4923706054688,-1,-1,1,-1,-1,-1
5088,26,1403.4921875,777.2500610351562,-1,-1,1,-1,-1,-1
5089,26,1375.075439453125,777.3280029296875,-1,-1,1,-1,-1,-1
5090,26,1353.598388671875,770.2484130859375,-1,-1,1,-1,-1,-1
5091,26,1332.224365234375,770.2193603515625,-1,-1,1,-1,-1,-1
5092,26,1318.174560546875,770.2286987304688,-1,-1,1,-1,-1,-1
5093,26,1296.62158203125,763.2200317382812,-1,-1,1,-1,-1,-1
5094,26,1275.439208984375,763.2332153320312,-1,-1,1,-1,-1,-1
5095,26,1247.1104736328125,763.29638671875,-1,-1,1,-1,-1,-1
5096,26,1225.399658203125,756.4046630859375,-1,-1,1,-1,-1,-1
5097,26,1204.21923828125,756.3169555664062,-1,-1,1,-1,-1,-1
5098,26,1182.91796875,756.2227783203125,-1,-1,1,-1,-1,-1
5099,26,1161.67333984375,756.0836181640625,-1,-1,1,-1,-1,-1
5100,26,1133.31689453125,756.0262451171875,-1,-1,1,-1,-1,-1
5101,26,1111.8896484375,756.0272216796875,-1,-1,1,-1,-1,-1
5102,26,1083.467041015625,756.0588989257812,-1,-1,1,-1,-1,-1
5103,26,1062.29736328125,756.1651000976562,-1,-1,1,-1,-1,-1
5105,26,1012.2813720703125,749.0474853515625,-1,-1,1,-1,-1,-1
5106,26,983.9598388671875,749.05615234375,-1,-1,1,-1,-1,-1
5107,26,962.83203125,749.054443359375,-1,-1,1,-1,-1,-1
5112,26,842.291748046875,742.185791015625,-1,-1,1,-1,-1,-1
5114,26,792.2694091796875,734.9176025390625,-1,-1,1,-1,-1,-1
5115,26,764.018798828125,734.88134765625,-1,-1,1,-1,-1,-1
5116,26,735.3952026367188,727.6796875,-1,-1,1,-1,-1,-1
5117,26,713.9088134765625,727.778564453125,-1,-1,1,-1,-1,-1
5118,26,685.8203125,727.6494140625,-1,-1,1,-1,-1,-1
5119,26,657.6043701171875,727.834716796875,-1,-1,1,-1,-1,-1
5120,26,636.0865478515625,720.6046142578125,-1,-1,1,-1,-1,-1
5121,26,607.52197265625,720.4564819335938,-1,-1,1,-1,-1,-1
5122,26,586.2127075195312,720.5362548828125,-1,-1,1,-1,-1,-1
5123,26,557.9061279296875,720.4523315429688,-1,-1,1,-1,-1,-1
5124,26,522.39501953125,720.6754760742188,-1,-1,1,-1,-1,-1
5125,26,494.0518798828125,720.6446533203125,-1,-1,1,-1,-1,-1
5126,26,472.79876708984375,720.5564575195312,-1,-1,1,-1,-1,-1
5127,26,444.27398681640625,720.7017822265625,-1,-1,1,-1,-1,-1
5128,26,415.9048156738281,720.7433471679688,-1,-1,1,-1,-1,-1
5129,26,387.7345886230469,720.6934204101562,-1,-1,1,-1,-1,-1
5130,26,359.0914306640625,720.61376953125,-1,-1,1,-1,-1,-1
5131,26,330.9940490722656,720.6100463867188,-1,-1,1,-1,-1,-1
5132,26,309.54168701171875,720.6325073242188,-1,-1,1,-1,-1,-1
5133,26,280.9029235839844,720.5604248046875,-1,-1,1,-1,-1,-1
5134,26,252.57888793945312,720.7828369140625,-1,-1,1,-1,-1,-1
5246,27,1751.663818359375,464.93701171875,-1,-1,1,-1,-1,-1
5248,27,1652.6832275390625,535.9599609375,-1,-1,1,-1,-1,-1
5249,27,1638.4365234375,535.9776000976562,-1,-1,1,-1,-1,-1
5250,27,1624.288818359375,535.8984985351562,-1,-1,1,-1,-1,-1
5252,27,1595.63916015625,535.967041015625,-1,-1,1,-1,-1,-1
5254,27,1574.0386962890625,535.8883056640625,-1,-1,1,-1,-1,-1
5256,27,1538.5687255859375,542.9060668945312,-1,-1,1,-1,-1,-1
5257,27,1524.273193359375,543.0609741210938,-1,-1,1,-1,-1,-1
5258,27,1510.2373046875,549.927978515625,-1,-1,1,-1,-1,-1
5259,27,1495.8140869140625,550.0174560546875,-1,-1,1,-1,-1,-1
5260,27,1481.7366943359375,550.02880859375,-1,-1,1,-1,-1,-1
5261,27,1474.499267578125,550.0888671875,-1,-1,1,-1,-1,-1
5262,27,1460.28955078125,550.0553588867188,-1,-1,1,-1,-1,-1
5263,27,1446.01220703125,550.0980834960938,-1,-1,1,-1,-1,-1
5264,27,1431.779541015625,557.0869140625,-1,-1,1,-1,-1,-1
5265,27,1424.537353515625,557.032958984375,-1,-1,1,-1,-1,-1
5268,27,1403.28369140625,557.089599609375,-1,-1,1,-1,-1,-1
5269,27,1403.3697509765625,550.1661987304688,-1,-1,1,-1,-1,-1
5270,27,1389.19970703125,557.3129272460938,-1,-1,1,-1,-1,-1
5279,27,1318.13134765625,550.3399047851562,-1,-1,1,-1,-1,-1
5280,27,1303.796142578125,550.2042236328125,-1,-1,1,-1,-1,-1
5281,27,1296.8165283203125,557.210693359375,-1,-1,1,-1,-1,-1
5281,28,1147.786865234375,649.8077392578125,-1,-1,1,-1,-1,-1
5282,27,1289.6646728515625,557.12353515625,-1,-1,1,-1,-1,-1
5283,27,1282.51123046875,557.162109375,-1,-1,1,-1,-1,-1
5283,28,1119.3883056640625,649.80859375,-1,-1,1,-1,-1,-1
5284,27,1275.4903564453125,557.3330078125,-1,-1,1,-1,-1,-1
5284,28,1105.10498046875,649.7518310546875,-1,-1,1,-1,-1,-1
5285,27,1261.16015625,557.0648193359375,-1,-1,1,-1,-1,-1
5285,28,1090.951171875,649.7078857421875,-1,-1,1,-1,-1,-1
5286,27,1254.125732421875,557.3294677734375,-1,-1,1,-1,-1,-1
5286,28,1076.52294921875,642.6358642578125,-1,-1,1,-1,-1,-1
5287,27,1246.897705078125,557.5778198242188,-1,-1,1,-1,-1,-1
5287,28,1062.399658203125,642.7404174804688,-1,-1,1,-1,-1,-1
5288,27,1239.79345703125,557.0979614257812,-1,-1,1,-1,-1,-1
5292,27,1197.5550537109375,542.8406982421875,-1,-1,1,-1,-1,-1
5294,27,1183.134521484375,535.9655151367188,-1,-1,1,-1,-1,-1
5319,28,593.9381103515625,543.0302734375,-1,-1,1,-1,-1,-1
5320,28,565.6758422851562,543.088134765625,-1,-1,1,-1,-1,-1
5321,28,529.970947265625,543.1043090820312,-1,-1,1,-1,-1,-1
5322,28,515.85400390625,543.1668090820312,-1,-1,1,-1,-1,-1
5323,28,487.52325439453125,550.189697265625,-1,-1,1,-1,-1,-1
5324,28,466.21978759765625,550.2455444335938,-1,-1,1,-1,-1,-1
5325,28,444.82073974609375,550.2542114257812,-1,-1,1,-1,-1,-1
