2,1,337.85076904296875,748.9288330078125,-1,-1,1,-1,-1,-1
4,1,373.47344970703125,741.895751953125,-1,-1,1,-1,-1,-1
5,1,387.6100769042969,741.906005859375,-1,-1,1,-1,-1,-1
11,1,472.9082946777344,741.9312744140625,-1,-1,1,-1,-1,-1
12,1,501.24810791015625,749.0361328125,-1,-1,1,-1,-1,-1
14,1,536.9140625,748.9335327148438,-1,-1,1,-1,-1,-1
15,1,558.174560546875,748.9093017578125,-1,-1,1,-1,-1,-1
16,1,586.4927368164062,755.9115600585938,-1,-1,1,-1,-1,-1
17,1,607.880126953125,755.9301147460938,-1,-1,1,-1,-1,-1
18,1,622.11767578125,748.9363403320312,-1,-1,1,-1,-1,-1
19,1,643.3223876953125,749.02783203125,-1,-1,1,-1,-1,-1
20,1,664.6290283203125,749.1043701171875,-1,-1,1,-1,-1,-1
24,1,792.3504028320312,756.34375,-1,-1,1,-1,-1,-1
25,1,828.0918579101562,763.3228759765625,-1,-1,1,-1,-1,-1
31,1,1076.8291015625,777.4994506835938,-1,-1,1,-1,-1,-1
32,1,1119.30078125,777.4161376953125,-1,-1,1,-1,-1,-1
33,1,1169.14208984375,777.2813110351562,-1,-1,1,-1,-1,-1
34,1,1211.6806640625,784.4803466796875,-1,-1,1,-1,-1,-1
35,1,1261.595458984375,791.6146240234375,-1,-1,1,-1,-1,-1
36,1,1310.997802734375,791.3095703125,-1,-1,1,-1,-1,-1
37,1,1360.86279296875,798.6083984375,-1,-1,1,-1,-1,-1
38,1,1410.8642578125,805.9876708984375,-1,-1,1,-1,-1,-1
39,1,1467.594482421875,812.9029541015625,-1,-1,1,-1,-1,-1
40,1,1531.69580078125,820.3099365234375,-1,-1,1,-1,-1,-1
60,2,834.8646850585938,543.2191772460938,-1,-1,1,-1,-1,-1
62,2,870.4044189453125,550.34765625,-1,-1,1,-1,-1,-1
63,2,884.47021484375,557.3758544921875,-1,-1,1,-1,-1,-1
85,3,842.236572265625,422.30975341796875,-1,-1,1,-1,-1,-1
86,3,877.6627807617188,414.77069091796875,-1,-1,1,-1,-1,-1
95,4,1411.27197265625,627.9752197265625,-1,-1,1,-1,-1,-1
97,4,1489.070068359375,621.0425415039062,-1,-1,1,-1,-1,-1
98,4,1531.981201171875,628.2413330078125,-1,-1,1,-1,-1,-1
106,5,643.1605224609375,408.123046875,-1,-1,1,-1,-1,-1
107,5,657.3564453125,415.27923583984375,-1,-1,1,-1,-1,-1
109,5,678.7725830078125,436.55377197265625,-1,-1,1,-1,-1,-1
110,5,692.950439453125,437.01068115234375,-1,-1,1,-1,-1,-1
111,5,707.1766357421875,444.00299072265625,-1,-1,1,-1,-1,-1
112,5,714.2689208984375,443.9154052734375,-1,-1,1,-1,-1,-1
115,5,749.79150390625,450.76434326171875,-1,-1,1,-1,-1,-1
116,5,756.9285888671875,450.77740478515625,-1,-1,1,-1,-1,-1
117,5,771.1754150390625,450.90985107421875,-1,-1,1,-1,-1,-1
118,5,778.3656616210938,451.0684814453125,-1,-1,1,-1,-1,-1
119,5,785.462158203125,451.1226806640625,-1,-1,1,-1,-1,-1
120,5,792.4176025390625,451.2124938964844,-1,-1,1,-1,-1,-1
121,5,799.6124267578125,451.02557373046875,-1,-1,1,-1,-1,-1
122,5,806.7987060546875,451.1370849609375,-1,-1,1,-1,-1,-1
123,5,813.7164306640625,458.12860107421875,-1,-1,1,-1,-1,-1
124,5,821.0091552734375,464.9764404296875,-1,-1,1,-1,-1,-1
125,5,828.0546875,465.4024658203125,-1,-1,1,-1,-1,-1
126,5,835.1207885742188,472.4668273925781,-1,-1,1,-1,-1,-1
127,5,842.1634521484375,479.3042907714844,-1,-1,1,-1,-1,-1
129,5,849.3504638671875,486.59234619140625,-1,-1,1,-1,-1,-1
130,5,856.4615478515625,493.7796630859375,-1,-1,1,-1,-1,-1
131,5,863.4591064453125,500.7894287109375,-1,-1,1,-1,-1,-1
132,5,870.6040649414062,507.81890869140625,-1,-1,1,-1,-1,-1
133,5,884.8414916992188,514.8800659179688,-1,-1,1,-1,-1,-1
134,5,892.021240234375,522.0505981445312,-1,-1,1,-1,-1,-1
136,5,913.3301391601562,536.2985229492188,-1,-1,1,-1,-1,-1
137,5,920.5316162109375,543.3986206054688,-1,-1,1,-1,-1,-1
138,5,934.7574462890625,550.1482543945312,-1,-1,1,-1,-1,-1
139,5,941.7054443359375,557.3237915039062,-1,-1,1,-1,-1,-1
140,5,949.0328369140625,557.5806884765625,-1,-1,1,-1,-1,-1
141,5,955.8818359375,564.1364135742188,-1,-1,1,-1,-1,-1
142,5,963.259521484375,564.555908203125,-1,-1,1,-1,-1,-1
143,5,970.1118774414062,571.4173583984375,-1,-1,1,-1,-1,-1
144,5,977.5232543945312,571.75830078125,-1,-1,1,-1,-1,-1
145,5,984.5569458007812,571.7268676757812,-1,-1,1,-1,-1,-1
146,5,991.599365234375,571.6903076171875,-1,-1,1,-1,-1,-1
147,5,1005.848388671875,578.65966796875,-1,-1,1,-1,-1,-1
148,5,1012.9024658203125,578.7393798828125,-1,-1,1,-1,-1,-1
149,5,1020.1034545898438,578.892822265625,-1,-1,1,-1,-1,-1
150,5,1034.2742919921875,578.705810546875,-1,-1,1,-1,-1,-1
151,5,1041.349365234375,578.6320190429688,-1,-1,1,-1,-1,-1
152,5,1055.625,578.787353515625,-1,-1,1,-1,-1,-1
153,5,1062.728271484375,578.6917724609375,-1,-1,1,-1,-1,-1
154,5,1076.979248046875,578.7039794921875,-1,-1,1,-1,-1,-1
155,5,1091.12939453125,578.5430908203125,-1,-1,1,-1,-1,-1
156,5,1098.30078125,578.794677734375,-1,-1,1,-1,-1,-1
157,5,1112.51708984375,579.0467529296875,-1,-1,1,-1,-1,-1
158,5,1119.66455078125,579.1094360351562,-1,-1,1,-1,-1,-1
159,5,1126.75146484375,586.035888671875,-1,-1,1,-1,-1,-1
160,5,1133.866943359375,586.1514892578125,-1,-1,1,-1,-1,-1
161,5,1140.9439697265625,586.0970458984375,-1,-1,1,-1,-1,-1
162,5,1148.1207275390625,586.0440673828125,-1,-1,1,-1,-1,-1
163,5,1155.265869140625,586.0101318359375,-1,-1,1,-1,-1,-1
164,5,1162.3455810546875,578.9924926757812,-1,-1,1,-1,-1,-1
165,5,1169.318359375,579.1331787109375,-1,-1,1,-1,-1,-1
166,5,1176.409423828125,579.0885009765625,-1,-1,1,-1,-1,-1
167,5,1183.54052734375,579.080810546875,-1,-1,1,-1,-1,-1
168,5,1190.7071533203125,578.8987426757812,-1,-1,1,-1,-1,-1
169,5,1197.689453125,571.795166015625,-1,-1,1,-1,-1,-1
170,5,1204.83203125,572.0276489257812,-1,-1,1,-1,-1,-1
171,5,1219.01806640625,571.99658203125,-1,-1,1,-1,-1,-1
172,5,1226.09130859375,571.9471435546875,-1,-1,1,-1,-1,-1
173,5,1240.3773193359375,564.9815673828125,-1,-1,1,-1,-1,-1
174,5,1247.3975830078125,564.8701171875,-1,-1,1,-1,-1,-1
175,5,1261.698486328125,564.8642578125,-1,-1,1,-1,-1,-1
176,5,1275.864013671875,557.6033935546875,-1,-1,1,-1,-1,-1
177,5,1290.1038818359375,557.9329833984375,-1,-1,1,-1,-1,-1
178,5,1304.3870849609375,557.7656860351562,-1,-1,1,-1,-1,-1
179,5,1325.58544921875,550.7210693359375,-1,-1,1,-1,-1,-1
180,5,1339.943359375,550.7615966796875,-1,-1,1,-1,-1,-1
181,5,1361.2628173828125,543.2069091796875,-1,-1,1,-1,-1,-1
182,5,1375.295166015625,543.1876831054688,-1,-1,1,-1,-1,-1
183,5,1389.4781494140625,543.4822387695312,-1,-1,1,-1,-1,-1
184,5,1403.8427734375,543.5653076171875,-1,-1,1,-1,-1,-1
185,5,1418.02880859375,543.7063598632812,-1,-1,1,-1,-1,-1
186,5,1432.2808837890625,543.6061401367188,-1,-1,1,-1,-1,-1
187,5,1453.44970703125,543.622314453125,-1,-1,1,-1,-1,-1
188,5,1467.660888671875,543.4130859375,-1,-1,1,-1,-1,-1
189,5,1481.92431640625,543.5099487304688,-1,-1,1,-1,-1,-1
190,5,1496.211669921875,543.55908203125,-1,-1,1,-1,-1,-1
191,5,1510.376220703125,543.539794921875,-1,-1,1,-1,-1,-1
192,5,1517.4808349609375,536.15087890625,-1,-1,1,-1,-1,-1
193,5,1531.87353515625,543.633544921875,-1,-1,1,-1,-1,-1
194,5,1545.8997802734375,543.401123046875,-1,-1,1,-1,-1,-1
195,5,1553.11083984375,543.4421997070312,-1,-1,1,-1,-1,-1
196,5,1560.125732421875,543.3245239257812,-1,-1,1,-1,-1,-1
197,5,1567.1201171875,543.3325805664062,-1,-1,1,-1,-1,-1
198,5,1567.3424072265625,550.5773315429688,-1,-1,1,-1,-1,-1
199,5,1574.2978515625,550.560546875,-1,-1,1,-1,-1,-1
200,5,1574.32421875,550.5082397460938,-1,-1,1,-1,-1,-1
201,5,1574.30615234375,550.564453125,-1,-1,1,-1,-1,-1
202,5,1574.3095703125,550.5736083984375,-1,-1,1,-1,-1,-1
203,5,1574.3367919921875,550.349609375,-1,-1,1,-1,-1,-1
204,5,1574.3125,557.671630859375,-1,-1,1,-1,-1,-1
205,5,1574.44482421875,557.65087890625,-1,-1,1,-1,-1,-1
206,5,1574.3359375,557.6764526367188,-1,-1,1,-1,-1,-1
207,5,1581.3118896484375,557.634033203125,-1,-1,1,-1,-1,-1
208,5,1595.512939453125,557.82275390625,-1,-1,1,-1,-1,-1
209,5,1609.636962890625,550.4668579101562,-1,-1,1,-1,-1,-1
210,5,1624.052001953125,550.52978515625,-1,-1,1,-1,-1,-1
211,5,1645.314453125,543.4850463867188,-1,-1,1,-1,-1,-1
212,5,1666.538330078125,543.3358154296875,-1,-1,1,-1,-1,-1
213,5,1687.826904296875,536.400634765625,-1,-1,1,-1,-1,-1
214,5,1716.393310546875,536.367919921875,-1,-1,1,-1,-1,-1
215,5,1744.7513427734375,529.2532958984375,-1,-1,1,-1,-1,-1
216,5,1765.998046875,529.2190551757812,-1,-1,1,-1,-1,-1
217,5,1794.41064453125,529.1680908203125,-1,-1,1,-1,-1,-1
218,5,1822.69482421875,529.1026611328125,-1,-1,1,-1,-1,-1
219,5,1851.174560546875,529.085693359375,-1,-1,1,-1,-1,-1
220,5,1879.5775146484375,528.9524536132812,-1,-1,1,-1,-1,-1
268,6,984.07275390625,756.7674560546875,-1,-1,1,-1,-1,-1
268,7,508.392333984375,372.2228088378906,-1,-1,1,-1,-1,-1
269,6,1040.9483642578125,756.583251953125,-1,-1,1,-1,-1,-1
270,6,1105.070068359375,749.2594604492188,-1,-1,1,-1,-1,-1
270,7,607.5804443359375,379.52984619140625,-1,-1,1,-1,-1,-1
271,6,1169.2115478515625,749.587890625,-1,-1,1,-1,-1,-1
271,8,145.6913604736328,344.36663818359375,-1,-1,1,-1,-1,-1
272,6,1226.0224609375,756.605712890625,-1,-1,1,-1,-1,-1
272,8,223.71939086914062,351.37628173828125,-1,-1,1,-1,-1,-1
274,8,394.5030212402344,337.1688537597656,-1,-1,1,-1,-1,-1
275,8,536.3178100585938,351.5461120605469,-1,-1,1,-1,-1,-1
276,8,621.8511962890625,358.3985595703125,-1,-1,1,-1,-1,-1
277,8,721.3292846679688,372.74041748046875,-1,-1,1,-1,-1,-1
278,8,813.9503784179688,372.6064453125,-1,-1,1,-1,-1,-1
318,9,1630.767578125,785.0736083984375,-1,-1,1,-1,-1,-1
319,9,1659.147705078125,792.0062255859375,-1,-1,1,-1,-1,-1
