2,1,337.85076904296875,748.9288330078125,-1,-1,1,-1,-1,-1
4,1,373.47344970703125,741.895751953125,-1,-1,1,-1,-1,-1
11,1,472.9082946777344,741.9312744140625,-1,-1,1,-1,-1,-1
12,1,501.24810791015625,749.0361328125,-1,-1,1,-1,-1,-1
14,1,536.9140625,748.9335327148438,-1,-1,1,-1,-1,-1
15,1,558.174560546875,748.9093017578125,-1,-1,1,-1,-1,-1
16,1,586.4927368164062,755.9115600585938,-1,-1,1,-1,-1,-1
17,1,607.880126953125,755.9301147460938,-1,-1,1,-1,-1,-1
18,1,622.11767578125,748.9363403320312,-1,-1,1,-1,-1,-1
19,1,643.3223876953125,749.02783203125,-1,-1,1,-1,-1,-1
20,1,664.6290283203125,749.1043701171875,-1,-1,1,-1,-1,-1
31,1,1076.8291015625,777.4994506835938,-1,-1,1,-1,-1,-1
32,1,1119.30078125,777.4161376953125,-1,-1,1,-1,-1,-1
33,1,1169.14208984375,777.2813110351562,-1,-1,1,-1,-1,-1
34,1,1211.6806640625,784.4803466796875,-1,-1,1,-1,-1,-1
35,1,1261.595458984375,791.6146240234375,-1,-1,1,-1,-1,-1
36,1,1310.997802734375,791.3095703125,-1,-1,1,-1,-1,-1
37,1,1360.86279296875,798.6083984375,-1,-1,1,-1,-1,-1
38,1,1410.8642578125,805.9876708984375,-1,-1,1,-1,-1,-1
39,1,1467.594482421875,812.9029541015625,-1,-1,1,-1,-1,-1
40,1,1531.69580078125,820.3099365234375,-1,-1,1,-1,-1,-1
106,2,643.1605224609375,408.123046875,-1,-1,1,-1,-1,-1
107,2,657.3564453125,415.27923583984375,-1,-1,1,-1,-1,-1
109,2,678.7725830078125,436.55377197265625,-1,-1,1,-1,-1,-1
110,2,692.950439453125,437.01068115234375,-1,-1,1,-1,-1,-1
111,2,707.1766357421875,444.00299072265625,-1,-1,1,-1,-1,-1
112,2,714.2689208984375,443.9154052734375,-1,-1,1,-1,-1,-1
115,2,749.79150390625,450.76434326171875,-1,-1,1,-1,-1,-1
116,2,756.9285888671875,450.77740478515625,-1,-1,1,-1,-1,-1
117,2,771.1754150390625,450.90985107421875,-1,-1,1,-1,-1,-1
118,2,778.3656616210938,451.0684814453125,-1,-1,1,-1,-1,-1
119,2,785.462158203125,451.1226806640625,-1,-1,1,-1,-1,-1
120,2,792.4176025390625,451.2124938964844,-1,-1,1,-1,-1,-1
121,2,799.6124267578125,451.02557373046875,-1,-1,1,-1,-1,-1
122,2,806.7987060546875,451.1370849609375,-1,-1,1,-1,-1,-1
123,2,813.7164306640625,458.12860107421875,-1,-1,1,-1,-1,-1
124,2,821.0091552734375,464.9764404296875,-1,-1,1,-1,-1,-1
125,2,828.0546875,465.4024658203125,-1,-1,1,-1,-1,-1
126,2,835.1207885742188,472.4668273925781,-1,-1,1,-1,-1,-1
127,2,842.1634521484375,479.3042907714844,-1,-1,1,-1,-1,-1
129,2,849.3504638671875,486.59234619140625,-1,-1,1,-1,-1,-1
130,2,856.4615478515625,493.7796630859375,-1,-1,1,-1,-1,-1
131,2,863.4591064453125,500.7894287109375,-1,-1,1,-1,-1,-1
132,2,870.6040649414062,507.81890869140625,-1,-1,1,-1,-1,-1
133,2,884.8414916992188,514.8800659179688,-1,-1,1,-1,-1,-1
134,2,892.021240234375,522.0505981445312,-1,-1,1,-1,-1,-1
136,2,913.3301391601562,536.2985229492188,-1,-1,1,-1,-1,-1
137,2,920.5316162109375,543.3986206054688,-1,-1,1,-1,-1,-1
138,2,934.7574462890625,550.1482543945312,-1,-1,1,-1,-1,-1
139,2,941.7054443359375,557.3237915039062,-1,-1,1,-1,-1,-1
140,2,949.0328369140625,557.5806884765625,-1,-1,1,-1,-1,-1
141,2,955.8818359375,564.1364135742188,-1,-1,1,-1,-1,-1
142,2,963.259521484375,564.555908203125,-1,-1,1,-1,-1,-1
143,2,970.1118774414062,571.4173583984375,-1,-1,1,-1,-1,-1
144,2,977.5232543945312,571.75830078125,-1,-1,1,-1,-1,-1
145,2,984.5569458007812,571.7268676757812,-1,-1,1,-1,-1,-1
146,2,991.599365234375,571.6903076171875,-1,-1,1,-1,-1,-1
147,2,1005.848388671875,578.65966796875,-1,-1,1,-1,-1,-1
148,2,1012.9024658203125,578.7393798828125,-1,-1,1,-1,-1,-1
149,2,1020.1034545898438,578.892822265625,-1,-1,1,-1,-1,-1
150,2,1034.2742919921875,578.705810546875,-1,-1,1,-1,-1,-1
151,2,1041.349365234375,578.6320190429688,-1,-1,1,-1,-1,-1
152,2,1055.625,578.787353515625,-1,-1,1,-1,-1,-1
153,2,1062.728271484375,578.6917724609375,-1,-1,1,-1,-1,-1
154,2,1076.979248046875,578.7039794921875,-1,-1,1,-1,-1,-1
155,2,1091.12939453125,578.5430908203125,-1,-1,1,-1,-1,-1
156,2,1098.30078125,578.794677734375,-1,-1,1,-1,-1,-1
157,2,1112.51708984375,579.0467529296875,-1,-1,1,-1,-1,-1
158,2,1119.66455078125,579.1094360351562,-1,-1,1,-1,-1,-1
159,2,1126.75146484375,586.035888671875,-1,-1,1,-1,-1,-1
160,2,1133.866943359375,586.1514892578125,-1,-1,1,-1,-1,-1
161,2,1140.9439697265625,586.0970458984375,-1,-1,1,-1,-1,-1
162,2,1148.1207275390625,586.0440673828125,-1,-1,1,-1,-1,-1
163,2,1155.265869140625,586.0101318359375,-1,-1,1,-1,-1,-1
164,2,1162.3455810546875,578.9924926757812,-1,-1,1,-1,-1,-1
165,2,1169.318359375,579.1331787109375,-1,-1,1,-1,-1,-1
166,2,1176.409423828125,579.0885009765625,-1,-1,1,-1,-1,-1
167,2,1183.54052734375,579.080810546875,-1,-1,1,-1,-1,-1
168,2,1190.7071533203125,578.8987426757812,-1,-1,1,-1,-1,-1
169,2,1197.689453125,571.795166015625,-1,-1,1,-1,-1,-1
170,2,1204.83203125,572.0276489257812,-1,-1,1,-1,-1,-1
171,2,1219.01806640625,571.99658203125,-1,-1,1,-1,-1,-1
172,2,1226.09130859375,571.9471435546875,-1,-1,1,-1,-1,-1
173,2,1240.3773193359375,564.9815673828125,-1,-1,1,-1,-1,-1
174,2,1247.3975830078125,564.8701171875,-1,-1,1,-1,-1,-1
175,2,1261.698486328125,564.8642578125,-1,-1,1,-1,-1,-1
176,2,1275.864013671875,557.6033935546875,-1,-1,1,-1,-1,-1
177,2,1290.1038818359375,557.9329833984375,-1,-1,1,-1,-1,-1
178,2,1304.3870849609375,557.7656860351562,-1,-1,1,-1,-1,-1
179,2,1325.58544921875,550.7210693359375,-1,-1,1,-1,-1,-1
180,2,1339.943359375,550.7615966796875,-1,-1,1,-1,-1,-1
181,2,1361.2628173828125,543.2069091796875,-1,-1,1,-1,-1,-1
182,2,1375.295166015625,543.1876831054688,-1,-1,1,-1,-1,-1
183,2,1389.4781494140625,543.4822387695312,-1,-1,1,-1,-1,-1
184,2,1403.8427734375,543.5653076171875,-1,-1,1,-1,-1,-1
185,2,1418.02880859375,543.7063598632812,-1,-1,1,-1,-1,-1
186,2,1432.2808837890625,543.6061401367188,-1,-1,1,-1,-1,-1
187,2,1453.44970703125,543.622314453125,-1,-1,1,-1,-1,-1
188,2,1467.660888671875,543.4130859375,-1,-1,1,-1,-1,-1
189,2,1481.92431640625,543.5099487304688,-1,-1,1,-1,-1,-1
190,2,1496.211669921875,543.55908203125,-1,-1,1,-1,-1,-1
191,2,1510.376220703125,543.539794921875,-1,-1,1,-1,-1,-1
192,2,1517.4808349609375,536.15087890625,-1,-1,1,-1,-1,-1
193,2,1531.87353515625,543.633544921875,-1,-1,1,-1,-1,-1
194,2,1545.8997802734375,543.401123046875,-1,-1,1,-1,-1,-1
195,2,1553.11083984375,543.4421997070312,-1,-1,1,-1,-1,-1
196,2,1560.125732421875,543.3245239257812,-1,-1,1,-1,-1,-1
197,2,1567.1201171875,543.3325805664062,-1,-1,1,-1,-1,-1
198,2,1567.3424072265625,550.5773315429688,-1,-1,1,-1,-1,-1
199,2,1574.2978515625,550.560546875,-1,-1,1,-1,-1,-1
200,2,1574.32421875,550.5082397460938,-1,-1,1,-1,-1,-1
201,2,1574.30615234375,550.564453125,-1,-1,1,-1,-1,-1
202,2,1574.3095703125,550.5736083984375,-1,-1,1,-1,-1,-1
203,2,1574.3367919921875,550.349609375,-1,-1,1,-1,-1,-1
204,2,1574.3125,557.671630859375,-1,-1,1,-1,-1,-1
205,2,1574.44482421875,557.65087890625,-1,-1,1,-1,-1,-1
206,2,1574.3359375,557.6764526367188,-1,-1,1,-1,-1,-1
207,2,1581.3118896484375,557.634033203125,-1,-1,1,-1,-1,-1
208,2,1595.512939453125,557.82275390625,-1,-1,1,-1,-1,-1
209,2,1609.636962890625,550.4668579101562,-1,-1,1,-1,-1,-1
210,2,1624.052001953125,550.52978515625,-1,-1,1,-1,-1,-1
211,2,1645.314453125,543.4850463867188,-1,-1,1,-1,-1,-1
212,2,1666.538330078125,543.3358154296875,-1,-1,1,-1,-1,-1
213,2,1687.826904296875,536.400634765625,-1,-1,1,-1,-1,-1
214,2,1716.393310546875,536.367919921875,-1,-1,1,-1,-1,-1
215,2,1744.7513427734375,529.2532958984375,-1,-1,1,-1,-1,-1
216,2,1765.998046875,529.2190551757812,-1,-1,1,-1,-1,-1
217,2,1794.41064453125,529.1680908203125,-1,-1,1,-1,-1,-1
218,2,1822.69482421875,529.1026611328125,-1,-1,1,-1,-1,-1
219,2,1851.174560546875,529.085693359375,-1,-1,1,-1,-1,-1
220,2,1879.5775146484375,528.9524536132812,-1,-1,1,-1,-1,-1
271,3,145.6913604736328,344.36663818359375,-1,-1,1,-1,-1,-1
272,3,223.71939086914062,351.37628173828125,-1,-1,1,-1,-1,-1
274,3,394.5030212402344,337.1688537597656,-1,-1,1,-1,-1,-1
275,3,536.3178100585938,351.5461120605469,-1,-1,1,-1,-1,-1
276,3,621.8511962890625,358.3985595703125,-1,-1,1,-1,-1,-1
277,3,721.3292846679688,372.74041748046875,-1,-1,1,-1,-1,-1
278,3,813.9503784179688,372.6064453125,-1,-1,1,-1,-1,-1
281,3,1105.2347412109375,379.4284362792969,-1,-1,1,-1,-1,-1
