2,1,1161.677978515625,670.7662963867188,-1,-1,1,-1,-1,-1
3,1,1190.026611328125,685.1004638671875,-1,-1,1,-1,-1,-1
4,1,1211.232177734375,699.3045043945312,-1,-1,1,-1,-1,-1
5,1,1239.739990234375,713.514892578125,-1,-1,1,-1,-1,-1
6,1,1275.23193359375,727.8624267578125,-1,-1,1,-1,-1,-1
7,1,1310.927490234375,749.1048583984375,-1,-1,1,-1,-1,-1
8,1,1360.424560546875,763.3030395507812,-1,-1,1,-1,-1,-1
9,1,1403.3548583984375,763.4264526367188,-1,-1,1,-1,-1,-1
10,1,1438.6640625,756.2694091796875,-1,-1,1,-1,-1,-1
11,1,1474.15966796875,749.1322631835938,-1,-1,1,-1,-1,-1
12,1,1516.932861328125,741.87646484375,-1,-1,1,-1,-1,-1
13,1,1552.31396484375,727.6212158203125,-1,-1,1,-1,-1,-1
14,1,1595.020751953125,720.5473022460938,-1,-1,1,-1,-1,-1
15,1,1637.710693359375,713.3954467773438,-1,-1,1,-1,-1,-1
16,1,1694.450927734375,699.0911865234375,-1,-1,1,-1,-1,-1
17,1,1751.26513671875,684.6929931640625,-1,-1,1,-1,-1,-1
18,1,1793.923095703125,699.0096435546875,-1,-1,1,-1,-1,-1
19,1,1850.82568359375,706.2469482421875,-1,-1,1,-1,-1,-1
81,2,59.93914794921875,606.54345703125,-1,-1,1,-1,-1,-1
82,2,81.41121673583984,606.5743408203125,-1,-1,1,-1,-1,-1
83,2,102.6846694946289,606.47314453125,-1,-1,1,-1,-1,-1
84,2,117.01431274414062,606.6044921875,-1,-1,1,-1,-1,-1
85,2,138.15077209472656,606.6082153320312,-1,-1,1,-1,-1,-1
86,2,159.57498168945312,606.5507202148438,-1,-1,1,-1,-1,-1
87,2,173.8587188720703,606.5694580078125,-1,-1,1,-1,-1,-1
88,2,195.1422882080078,606.5512084960938,-1,-1,1,-1,-1,-1
89,2,216.32550048828125,606.4540405273438,-1,-1,1,-1,-1,-1
90,2,237.58633422851562,613.7894287109375,-1,-1,1,-1,-1,-1
91,2,258.92822265625,613.7960205078125,-1,-1,1,-1,-1,-1
92,2,287.3433837890625,613.7007446289062,-1,-1,1,-1,-1,-1
93,2,308.78717041015625,613.5538330078125,-1,-1,1,-1,-1,-1
94,2,330.114013671875,613.4940185546875,-1,-1,1,-1,-1,-1
95,2,344.41094970703125,613.543212890625,-1,-1,1,-1,-1,-1
95,3,1026.89501953125,748.4017333984375,-1,-1,1,-1,-1,-1
96,2,358.605712890625,613.4654541015625,-1,-1,1,-1,-1,-1
96,3,1055.5699462890625,748.3777465820312,-1,-1,1,-1,-1,-1
97,2,372.7947998046875,613.6600952148438,-1,-1,1,-1,-1,-1
97,3,1090.914306640625,741.6761474609375,-1,-1,1,-1,-1,-1
98,2,386.8500061035156,613.810791015625,-1,-1,1,-1,-1,-1
98,3,1111.7398681640625,748.501220703125,-1,-1,1,-1,-1,-1
98,4,500.9865417480469,719.697509765625,-1,-1,1,-1,-1,-1
99,2,401.23822021484375,606.5307006835938,-1,-1,1,-1,-1,-1
99,3,1140.17333984375,741.0623779296875,-1,-1,1,-1,-1,-1
99,4,515.3627319335938,719.2529296875,-1,-1,1,-1,-1,-1
100,2,415.46441650390625,606.5344848632812,-1,-1,1,-1,-1,-1
100,3,1168.41357421875,741.2041015625,-1,-1,1,-1,-1,-1
100,4,529.49169921875,719.4661865234375,-1,-1,1,-1,-1,-1
101,2,429.59716796875,606.632568359375,-1,-1,1,-1,-1,-1
101,3,1203.90283203125,748.451171875,-1,-1,1,-1,-1,-1
101,4,550.5626220703125,719.6466064453125,-1,-1,1,-1,-1,-1
102,2,458.0736083984375,606.6171875,-1,-1,1,-1,-1,-1
102,3,1239.615234375,748.56591796875,-1,-1,1,-1,-1,-1
102,4,572.0814819335938,712.4946899414062,-1,-1,1,-1,-1,-1
103,2,472.14422607421875,606.8432006835938,-1,-1,1,-1,-1,-1
103,3,1268.088134765625,748.24365234375,-1,-1,1,-1,-1,-1
103,4,593.326416015625,726.5853881835938,-1,-1,1,-1,-1,-1
104,2,493.4222412109375,606.844970703125,-1,-1,1,-1,-1,-1
104,3,1303.2587890625,755.3941650390625,-1,-1,1,-1,-1,-1
104,4,614.74462890625,719.5562744140625,-1,-1,1,-1,-1,-1
105,2,514.898681640625,606.602294921875,-1,-1,1,-1,-1,-1
105,3,1338.840087890625,755.4832763671875,-1,-1,1,-1,-1,-1
105,4,642.9739990234375,726.748291015625,-1,-1,1,-1,-1,-1
106,2,543.2518310546875,613.6903076171875,-1,-1,1,-1,-1,-1
107,2,557.3939208984375,620.93017578125,-1,-1,1,-1,-1,-1
108,2,578.80029296875,627.9700927734375,-1,-1,1,-1,-1,-1
109,2,585.7567138671875,635.314697265625,-1,-1,1,-1,-1,-1
110,2,607.3358154296875,634.9703369140625,-1,-1,1,-1,-1,-1
111,2,628.4780883789062,642.1634521484375,-1,-1,1,-1,-1,-1
112,2,642.828857421875,642.084228515625,-1,-1,1,-1,-1,-1
113,2,664.1521606445312,649.3748779296875,-1,-1,1,-1,-1,-1
114,2,685.1973876953125,656.546142578125,-1,-1,1,-1,-1,-1
115,2,713.7293701171875,656.3480224609375,-1,-1,1,-1,-1,-1
116,2,735.0050048828125,663.5350341796875,-1,-1,1,-1,-1,-1
117,2,756.464111328125,663.3929443359375,-1,-1,1,-1,-1,-1
118,2,770.62158203125,670.7169189453125,-1,-1,1,-1,-1,-1
119,2,791.9703979492188,670.6219482421875,-1,-1,1,-1,-1,-1
120,2,813.34375,670.623046875,-1,-1,1,-1,-1,-1
121,2,827.6788330078125,670.4970703125,-1,-1,1,-1,-1,-1
122,2,848.874755859375,663.552490234375,-1,-1,1,-1,-1,-1
123,2,863.2305908203125,656.342529296875,-1,-1,1,-1,-1,-1
124,2,877.4283447265625,649.1259765625,-1,-1,1,-1,-1,-1
125,2,898.56787109375,641.9713134765625,-1,-1,1,-1,-1,-1
126,2,919.851318359375,642.2340087890625,-1,-1,1,-1,-1,-1
127,2,948.427001953125,635.0635375976562,-1,-1,1,-1,-1,-1
128,2,969.886962890625,627.8797607421875,-1,-1,1,-1,-1,-1
129,2,998.0420532226562,628.00439453125,-1,-1,1,-1,-1,-1
130,2,1026.44189453125,620.891845703125,-1,-1,1,-1,-1,-1
131,2,1054.90771484375,613.8319091796875,-1,-1,1,-1,-1,-1
133,2,1118.92919921875,606.79736328125,-1,-1,1,-1,-1,-1
134,2,1154.374755859375,599.4805908203125,-1,-1,1,-1,-1,-1
135,2,1182.96044921875,599.5189208984375,-1,-1,1,-1,-1,-1
136,2,1218.40283203125,599.4761962890625,-1,-1,1,-1,-1,-1
137,2,1253.9765625,599.5755615234375,-1,-1,1,-1,-1,-1
138,2,1289.5391845703125,599.583984375,-1,-1,1,-1,-1,-1
139,2,1332.1201171875,599.5314331054688,-1,-1,1,-1,-1,-1
140,2,1367.749755859375,599.3248901367188,-1,-1,1,-1,-1,-1
142,2,1452.9697265625,606.4747314453125,-1,-1,1,-1,-1,-1
143,2,1502.526611328125,613.604736328125,-1,-1,1,-1,-1,-1
144,2,1538.334228515625,613.4448852539062,-1,-1,1,-1,-1,-1
145,2,1587.9580078125,627.8897705078125,-1,-1,1,-1,-1,-1
146,2,1630.694091796875,627.7787475585938,-1,-1,1,-1,-1,-1
147,2,1673.317138671875,635.0668334960938,-1,-1,1,-1,-1,-1
148,2,1715.7998046875,642.0977172851562,-1,-1,1,-1,-1,-1
151,2,1857.900634765625,648.6974487304688,-1,-1,1,-1,-1,-1
180,5,1325.06982421875,925.7247924804688,-1,-1,1,-1,-1,-1
181,5,1353.454833984375,897.4243774414062,-1,-1,1,-1,-1,-1
182,5,1403.113525390625,904.6411743164062,-1,-1,1,-1,-1,-1
183,5,1445.824951171875,904.3643798828125,-1,-1,1,-1,-1,-1
184,5,1488.338623046875,904.759765625,-1,-1,1,-1,-1,-1
185,5,1537.97265625,904.9468994140625,-1,-1,1,-1,-1,-1
186,5,1594.81591796875,897.691162109375,-1,-1,1,-1,-1,-1
187,5,1651.3780517578125,912.0245971679688,-1,-1,1,-1,-1,-1
213,6,1239.982421875,804.7510375976562,-1,-1,1,-1,-1,-1
214,6,1268.63037109375,797.9630737304688,-1,-1,1,-1,-1,-1
215,6,1311.528076171875,797.7696533203125,-1,-1,1,-1,-1,-1
216,6,1332.564697265625,826.0262451171875,-1,-1,1,-1,-1,-1
217,6,1367.8463134765625,840.1871337890625,-1,-1,1,-1,-1,-1
218,6,1417.505126953125,847.25390625,-1,-1,1,-1,-1,-1
219,6,1459.9755859375,840.2337646484375,-1,-1,1,-1,-1,-1
220,6,1502.8128662109375,826.0062866210938,-1,-1,1,-1,-1,-1
221,6,1545.602294921875,819.2408447265625,-1,-1,1,-1,-1,-1
222,6,1587.9873046875,840.7969970703125,-1,-1,1,-1,-1,-1
