1,1,1190.6764705882354,631.5,-1,-1,1,-1,-1,-1
2,1,1230.3823529411766,639.5,-1,-1,1,-1,-1,-1
3,1,1262.1470588235295,639.5,-1,-1,1,-1,-1,-1
4,1,1301.8529411764707,647.5,-1,-1,1,-1,-1,-1
5,1,1333.6176470588236,647.5,-1,-1,1,-1,-1,-1
6,1,1381.264705882353,647.5,-1,-1,1,-1,-1,-1
7,1,1428.9117647058824,647.5,-1,-1,1,-1,-1,-1
8,1,1468.6176470588236,639.5,-1,-1,1,-1,-1,-1
9,1,1508.3235294117646,647.5,-1,-1,1,-1,-1,-1
10,1,1540.0882352941178,647.5,-1,-1,1,-1,-1,-1
11,1,1595.6764705882354,639.5,-1,-1,1,-1,-1,-1
12,1,1635.3823529411766,639.5,-1,-1,1,-1,-1,-1
13,1,1690.9705882352941,631.5,-1,-1,1,-1,-1,-1
19,2,912.7352941176471,783.5,-1,-1,1,-1,-1,-1
20,2,928.6176470588235,783.5,-1,-1,1,-1,-1,-1
21,2,960.3823529411765,791.5,-1,-1,1,-1,-1,-1
22,2,1015.9705882352941,783.5,-1,-1,1,-1,-1,-1
23,2,1079.5,783.5,-1,-1,1,-1,-1,-1
24,2,1127.1470588235295,791.5,-1,-1,1,-1,-1,-1
25,2,1174.7941176470588,791.5,-1,-1,1,-1,-1,-1
26,2,1246.264705882353,791.5,-1,-1,1,-1,-1,-1
28,3,110.6764705882353,607.5,-1,-1,1,-1,-1,-1
29,3,166.26470588235296,607.5,-1,-1,1,-1,-1,-1
30,3,190.08823529411765,607.5,-1,-1,1,-1,-1,-1
31,3,245.6764705882353,599.5,-1,-1,1,-1,-1,-1
32,3,285.38235294117646,599.5,-1,-1,1,-1,-1,-1
33,3,325.0882352941177,599.5,-1,-1,1,-1,-1,-1
34,3,364.79411764705884,591.5,-1,-1,1,-1,-1,-1
35,3,404.5,591.5,-1,-1,1,-1,-1,-1
36,3,444.2058823529412,583.5,-1,-1,1,-1,-1,-1
37,3,475.97058823529414,591.5,-1,-1,1,-1,-1,-1
52,3,499.79411764705884,575.5,-1,-1,1,-1,-1,-1
53,3,523.6176470588235,567.5,-1,-1,1,-1,-1,-1
54,3,555.3823529411765,551.5,-1,-1,1,-1,-1,-1
55,3,595.0882352941177,543.5,-1,-1,1,-1,-1,-1
57,3,690.3823529411765,519.5,-1,-1,1,-1,-1,-1
58,3,753.9117647058823,511.5,-1,-1,1,-1,-1,-1
59,3,817.4411764705883,511.5,-1,-1,1,-1,-1,-1
60,3,873.0294117647059,503.5,-1,-1,1,-1,-1,-1
61,3,920.6764705882354,495.5,-1,-1,1,-1,-1,-1
62,3,976.2647058823529,487.5,-1,-1,1,-1,-1,-1
63,3,1008.0294117647059,479.5,-1,-1,1,-1,-1,-1
64,3,1031.8529411764707,471.5,-1,-1,1,-1,-1,-1
65,3,1071.5588235294117,455.5,-1,-1,1,-1,-1,-1
66,3,1111.264705882353,455.5,-1,-1,1,-1,-1,-1
67,3,1143.0294117647059,439.5,-1,-1,1,-1,-1,-1
68,3,1190.6764705882354,439.5,-1,-1,1,-1,-1,-1
70,3,1262.1470588235295,431.5,-1,-1,1,-1,-1,-1
177,4,1555.9705882352941,623.5,-1,-1,1,-1,-1,-1
178,4,1579.7941176470588,623.5,-1,-1,1,-1,-1,-1
179,4,1627.4411764705883,623.5,-1,-1,1,-1,-1,-1
180,4,1651.264705882353,623.5,-1,-1,1,-1,-1,-1
181,4,1698.9117647058824,631.5,-1,-1,1,-1,-1,-1
182,4,1738.6176470588236,631.5,-1,-1,1,-1,-1,-1
232,5,380.6764705882353,591.5,-1,-1,1,-1,-1,-1
233,5,412.44117647058823,583.5,-1,-1,1,-1,-1,-1
234,5,436.2647058823529,583.5,-1,-1,1,-1,-1,-1
235,5,460.0882352941177,583.5,-1,-1,1,-1,-1,-1
236,5,483.9117647058824,583.5,-1,-1,1,-1,-1,-1
237,5,507.7352941176471,575.5,-1,-1,1,-1,-1,-1
238,5,539.5,575.5,-1,-1,1,-1,-1,-1
239,5,571.2647058823529,567.5,-1,-1,1,-1,-1,-1
240,5,603.0294117647059,567.5,-1,-1,1,-1,-1,-1
241,5,626.8529411764706,567.5,-1,-1,1,-1,-1,-1
242,5,658.6176470588235,567.5,-1,-1,1,-1,-1,-1
243,5,698.3235294117648,567.5,-1,-1,1,-1,-1,-1
244,5,738.0294117647059,559.5,-1,-1,1,-1,-1,-1
245,5,769.7941176470589,559.5,-1,-1,1,-1,-1,-1
246,5,809.5,551.5,-1,-1,1,-1,-1,-1
247,5,849.2058823529412,551.5,-1,-1,1,-1,-1,-1
248,5,896.8529411764706,543.5,-1,-1,1,-1,-1,-1
249,5,936.5588235294118,535.5,-1,-1,1,-1,-1,-1
250,5,984.2058823529412,535.5,-1,-1,1,-1,-1,-1
251,5,1031.8529411764707,535.5,-1,-1,1,-1,-1,-1
252,5,1079.5,527.5,-1,-1,1,-1,-1,-1
253,5,1127.1470588235295,527.5,-1,-1,1,-1,-1,-1
254,5,1182.735294117647,527.5,-1,-1,1,-1,-1,-1
255,5,1238.3235294117646,527.5,-1,-1,1,-1,-1,-1
256,5,1301.8529411764707,527.5,-1,-1,1,-1,-1,-1
257,5,1357.4411764705883,511.5,-1,-1,1,-1,-1,-1
258,5,1428.9117647058824,511.5,-1,-1,1,-1,-1,-1
259,5,1500.3823529411766,511.5,-1,-1,1,-1,-1,-1
260,5,1571.8529411764707,503.5,-1,-1,1,-1,-1,-1
261,5,1651.264705882353,503.5,-1,-1,1,-1,-1,-1
262,5,1730.6764705882354,495.5,-1,-1,1,-1,-1,-1
263,5,1825.9705882352941,495.5,-1,-1,1,-1,-1,-1
308,7,1262.1470588235295,383.5,-1,-1,1,-1,-1,-1
309,7,1285.9705882352941,375.5,-1,-1,1,-1,-1,-1
310,7,1301.8529411764707,375.5,-1,-1,1,-1,-1,-1
311,7,1325.6764705882354,375.5,-1,-1,1,-1,-1,-1
312,6,563.3235294117648,655.5,-1,-1,1,-1,-1,-1
312,7,1349.5,383.5,-1,-1,1,-1,-1,-1
313,6,563.3235294117648,663.5,-1,-1,1,-1,-1,-1
313,7,1802.1470588235295,647.5,-1,-1,1,-1,-1,-1
314,6,563.3235294117648,671.5,-1,-1,1,-1,-1,-1
314,7,1397.1470588235295,375.5,-1,-1,1,-1,-1,-1
315,6,571.2647058823529,679.5,-1,-1,1,-1,-1,-1
315,7,1428.9117647058824,375.5,-1,-1,1,-1,-1,-1
316,6,571.2647058823529,679.5,-1,-1,1,-1,-1,-1
316,7,1452.735294117647,367.5,-1,-1,1,-1,-1,-1
317,6,579.2058823529412,671.5,-1,-1,1,-1,-1,-1
317,7,1484.5,367.5,-1,-1,1,-1,-1,-1
318,6,587.1470588235294,679.5,-1,-1,1,-1,-1,-1
318,7,1508.3235294117646,359.5,-1,-1,1,-1,-1,-1
319,6,610.9705882352941,679.5,-1,-1,1,-1,-1,-1
319,7,1548.0294117647059,351.5,-1,-1,1,-1,-1,-1
320,6,634.7941176470588,671.5,-1,-1,1,-1,-1,-1
320,7,1571.8529411764707,335.5,-1,-1,1,-1,-1,-1
321,6,658.6176470588235,679.5,-1,-1,1,-1,-1,-1
321,7,1611.5588235294117,327.5,-1,-1,1,-1,-1,-1
322,6,682.4411764705883,679.5,-1,-1,1,-1,-1,-1
323,6,714.2058823529412,663.5,-1,-1,1,-1,-1,-1
324,6,745.9705882352941,655.5,-1,-1,1,-1,-1,-1
325,6,777.7352941176471,655.5,-1,-1,1,-1,-1,-1
326,6,825.3823529411765,655.5,-1,-1,1,-1,-1,-1
327,6,865.0882352941177,655.5,-1,-1,1,-1,-1,-1
328,6,920.6764705882354,647.5,-1,-1,1,-1,-1,-1
329,6,960.3823529411765,655.5,-1,-1,1,-1,-1,-1
330,6,1015.9705882352941,655.5,-1,-1,1,-1,-1,-1
331,6,1063.6176470588236,663.5,-1,-1,1,-1,-1,-1
332,6,1111.264705882353,663.5,-1,-1,1,-1,-1,-1
333,6,1166.8529411764707,663.5,-1,-1,1,-1,-1,-1
334,6,1214.5,663.5,-1,-1,1,-1,-1,-1
335,6,1270.0882352941176,663.5,-1,-1,1,-1,-1,-1
336,6,1325.6764705882354,671.5,-1,-1,1,-1,-1,-1
337,6,1381.264705882353,671.5,-1,-1,1,-1,-1,-1
338,6,1444.7941176470588,671.5,-1,-1,1,-1,-1,-1
339,6,1508.3235294117646,671.5,-1,-1,1,-1,-1,-1
376,8,55.08823529411765,655.5,-1,-1,1,-1,-1,-1
377,8,78.91176470588235,655.5,-1,-1,1,-1,-1,-1
378,8,102.73529411764706,663.5,-1,-1,1,-1,-1,-1
379,8,388.61764705882354,519.5,-1,-1,1,-1,-1,-1
379,9,126.55882352941177,671.5,-1,-1,1,-1,-1,-1
380,8,412.44117647058823,519.5,-1,-1,1,-1,-1,-1
380,9,158.3235294117647,671.5,-1,-1,1,-1,-1,-1
381,8,452.14705882352945,527.5,-1,-1,1,-1,-1,-1
381,9,182.14705882352942,671.5,-1,-1,1,-1,-1,-1
382,8,475.97058823529414,527.5,-1,-1,1,-1,-1,-1
382,9,213.91176470588235,679.5,-1,-1,1,-1,-1,-1
383,8,515.6764705882354,535.5,-1,-1,1,-1,-1,-1
383,9,245.6764705882353,679.5,-1,-1,1,-1,-1,-1
384,9,269.5,687.5,-1,-1,1,-1,-1,-1
385,8,587.1470588235294,535.5,-1,-1,1,-1,-1,-1
385,9,309.20588235294116,687.5,-1,-1,1,-1,-1,-1
386,8,618.9117647058823,535.5,-1,-1,1,-1,-1,-1
386,9,340.97058823529414,687.5,-1,-1,1,-1,-1,-1
387,8,658.6176470588235,535.5,-1,-1,1,-1,-1,-1
387,9,372.7352941176471,695.5,-1,-1,1,-1,-1,-1
388,8,682.4411764705883,535.5,-1,-1,1,-1,-1,-1
388,9,404.5,695.5,-1,-1,1,-1,-1,-1
389,8,722.1470588235294,527.5,-1,-1,1,-1,-1,-1
389,9,436.2647058823529,687.5,-1,-1,1,-1,-1,-1
390,8,753.9117647058823,527.5,-1,-1,1,-1,-1,-1
390,9,460.0882352941177,687.5,-1,-1,1,-1,-1,-1
391,8,785.6764705882354,519.5,-1,-1,1,-1,-1,-1
391,9,491.8529411764706,679.5,-1,-1,1,-1,-1,-1
392,8,817.4411764705883,519.5,-1,-1,1,-1,-1,-1
392,9,515.6764705882354,679.5,-1,-1,1,-1,-1,-1
393,8,849.2058823529412,511.5,-1,-1,1,-1,-1,-1
393,9,547.4411764705883,671.5,-1,-1,1,-1,-1,-1
394,8,880.9705882352941,503.5,-1,-1,1,-1,-1,-1
394,9,579.2058823529412,663.5,-1,-1,1,-1,-1,-1
395,8,912.7352941176471,495.5,-1,-1,1,-1,-1,-1
395,9,610.9705882352941,655.5,-1,-1,1,-1,-1,-1
396,8,952.4411764705883,487.5,-1,-1,1,-1,-1,-1
396,9,642.7352941176471,655.5,-1,-1,1,-1,-1,-1
397,8,976.2647058823529,487.5,-1,-1,1,-1,-1,-1
397,9,682.4411764705883,655.5,-1,-1,1,-1,-1,-1
398,8,1015.9705882352941,479.5,-1,-1,1,-1,-1,-1
398,9,706.2647058823529,647.5,-1,-1,1,-1,-1,-1
399,8,1047.735294117647,479.5,-1,-1,1,-1,-1,-1
399,9,745.9705882352941,647.5,-1,-1,1,-1,-1,-1
400,8,1095.3823529411766,471.5,-1,-1,1,-1,-1,-1
400,9,777.7352941176471,639.5,-1,-1,1,-1,-1,-1
401,8,1127.1470588235295,479.5,-1,-1,1,-1,-1,-1
401,9,817.4411764705883,631.5,-1,-1,1,-1,-1,-1
402,8,1166.8529411764707,463.5,-1,-1,1,-1,-1,-1
402,9,841.2647058823529,623.5,-1,-1,1,-1,-1,-1
403,8,1206.5588235294117,455.5,-1,-1,1,-1,-1,-1
403,9,888.9117647058824,623.5,-1,-1,1,-1,-1,-1
404,8,1246.264705882353,447.5,-1,-1,1,-1,-1,-1
404,9,920.6764705882354,615.5,-1,-1,1,-1,-1,-1
405,8,1293.9117647058824,439.5,-1,-1,1,-1,-1,-1
405,9,960.3823529411765,615.5,-1,-1,1,-1,-1,-1
406,8,1341.5588235294117,439.5,-1,-1,1,-1,-1,-1
406,9,1008.0294117647059,607.5,-1,-1,1,-1,-1,-1
407,8,1381.264705882353,431.5,-1,-1,1,-1,-1,-1
407,9,1047.735294117647,599.5,-1,-1,1,-1,-1,-1
408,8,1428.9117647058824,431.5,-1,-1,1,-1,-1,-1
408,9,1087.4411764705883,591.5,-1,-1,1,-1,-1,-1
409,8,1484.5,423.5,-1,-1,1,-1,-1,-1
409,9,1135.0882352941176,591.5,-1,-1,1,-1,-1,-1
410,8,1532.1470588235295,423.5,-1,-1,1,-1,-1,-1
410,9,1182.735294117647,599.5,-1,-1,1,-1,-1,-1
411,8,1587.735294117647,415.5,-1,-1,1,-1,-1,-1
411,9,1230.3823529411766,599.5,-1,-1,1,-1,-1,-1
412,8,1643.3235294117646,415.5,-1,-1,1,-1,-1,-1
412,9,1285.9705882352941,599.5,-1,-1,1,-1,-1,-1
413,8,1706.8529411764707,415.5,-1,-1,1,-1,-1,-1
413,9,1333.6176470588236,599.5,-1,-1,1,-1,-1,-1
414,8,1770.3823529411766,407.5,-1,-1,1,-1,-1,-1
414,9,1381.264705882353,599.5,-1,-1,1,-1,-1,-1
415,8,1825.9705882352941,415.5,-1,-1,1,-1,-1,-1
415,9,1428.9117647058824,607.5,-1,-1,1,-1,-1,-1
416,9,1484.5,607.5,-1,-1,1,-1,-1,-1
417,9,1532.1470588235295,607.5,-1,-1,1,-1,-1,-1
418,9,1595.6764705882354,607.5,-1,-1,1,-1,-1,-1
419,9,1643.3235294117646,615.5,-1,-1,1,-1,-1,-1
420,9,1706.8529411764707,607.5,-1,-1,1,-1,-1,-1
421,9,1754.5,607.5,-1,-1,1,-1,-1,-1
422,9,1810.0882352941178,607.5,-1,-1,1,-1,-1,-1
423,9,1857.735294117647,599.5,-1,-1,1,-1,-1,-1
463,10,150.38235294117646,655.5,-1,-1,1,-1,-1,-1
464,10,166.26470588235296,655.5,-1,-1,1,-1,-1,-1
465,10,182.14705882352942,663.5,-1,-1,1,-1,-1,-1
466,10,198.02941176470588,655.5,-1,-1,1,-1,-1,-1
467,10,213.91176470588235,663.5,-1,-1,1,-1,-1,-1
467,11,1071.5588235294117,543.5,-1,-1,1,-1,-1,-1
468,10,229.79411764705884,663.5,-1,-1,1,-1,-1,-1
468,11,1095.3823529411766,543.5,-1,-1,1,-1,-1,-1
469,10,245.6764705882353,663.5,-1,-1,1,-1,-1,-1
469,11,1135.0882352941176,543.5,-1,-1,1,-1,-1,-1
470,10,261.55882352941177,663.5,-1,-1,1,-1,-1,-1
470,11,1158.9117647058824,551.5,-1,-1,1,-1,-1,-1
471,10,285.38235294117646,671.5,-1,-1,1,-1,-1,-1
471,11,1190.6764705882354,551.5,-1,-1,1,-1,-1,-1
472,10,301.2647058823529,671.5,-1,-1,1,-1,-1,-1
472,11,1222.4411764705883,559.5,-1,-1,1,-1,-1,-1
473,10,317.1470588235294,671.5,-1,-1,1,-1,-1,-1
473,11,1254.2058823529412,567.5,-1,-1,1,-1,-1,-1
474,11,1278.0294117647059,559.5,-1,-1,1,-1,-1,-1
475,10,348.9117647058824,671.5,-1,-1,1,-1,-1,-1
475,11,1317.735294117647,559.5,-1,-1,1,-1,-1,-1
476,10,364.79411764705884,671.5,-1,-1,1,-1,-1,-1
476,11,1349.5,559.5,-1,-1,1,-1,-1,-1
477,10,380.6764705882353,679.5,-1,-1,1,-1,-1,-1
477,11,1381.264705882353,567.5,-1,-1,1,-1,-1,-1
478,10,396.55882352941177,679.5,-1,-1,1,-1,-1,-1
478,11,1413.0294117647059,583.5,-1,-1,1,-1,-1,-1
479,10,412.44117647058823,679.5,-1,-1,1,-1,-1,-1
479,11,1444.7941176470588,591.5,-1,-1,1,-1,-1,-1
480,10,412.44117647058823,695.5,-1,-1,1,-1,-1,-1
480,11,1468.6176470588236,599.5,-1,-1,1,-1,-1,-1
481,10,404.5,703.5,-1,-1,1,-1,-1,-1
481,11,1484.5,607.5,-1,-1,1,-1,-1,-1
482,10,404.5,703.5,-1,-1,1,-1,-1,-1
482,11,1500.3823529411766,615.5,-1,-1,1,-1,-1,-1
483,10,404.5,703.5,-1,-1,1,-1,-1,-1
483,11,1524.2058823529412,615.5,-1,-1,1,-1,-1,-1
484,10,396.55882352941177,711.5,-1,-1,1,-1,-1,-1
484,11,1540.0882352941178,615.5,-1,-1,1,-1,-1,-1
485,10,396.55882352941177,719.5,-1,-1,1,-1,-1,-1
485,11,1563.9117647058824,623.5,-1,-1,1,-1,-1,-1
486,10,404.5,719.5,-1,-1,1,-1,-1,-1
486,11,1587.735294117647,615.5,-1,-1,1,-1,-1,-1
487,10,404.5,719.5,-1,-1,1,-1,-1,-1
487,11,1611.5588235294117,615.5,-1,-1,1,-1,-1,-1
488,10,412.44117647058823,719.5,-1,-1,1,-1,-1,-1
488,11,1627.4411764705883,615.5,-1,-1,1,-1,-1,-1
489,10,412.44117647058823,719.5,-1,-1,1,-1,-1,-1
489,11,1651.264705882353,615.5,-1,-1,1,-1,-1,-1
490,10,420.38235294117646,727.5,-1,-1,1,-1,-1,-1
490,11,1675.0882352941178,607.5,-1,-1,1,-1,-1,-1
491,10,436.2647058823529,727.5,-1,-1,1,-1,-1,-1
491,11,1706.8529411764707,607.5,-1,-1,1,-1,-1,-1
492,10,460.0882352941177,719.5,-1,-1,1,-1,-1,-1
492,11,1738.6176470588236,599.5,-1,-1,1,-1,-1,-1
493,10,483.9117647058824,727.5,-1,-1,1,-1,-1,-1
493,11,1778.3235294117649,599.5,-1,-1,1,-1,-1,-1
494,10,507.7352941176471,719.5,-1,-1,1,-1,-1,-1
494,11,1810.0882352941178,591.5,-1,-1,1,-1,-1,-1
495,10,539.5,719.5,-1,-1,1,-1,-1,-1
495,11,1849.7941176470588,591.5,-1,-1,1,-1,-1,-1
496,10,563.3235294117648,719.5,-1,-1,1,-1,-1,-1
497,10,595.0882352941177,719.5,-1,-1,1,-1,-1,-1
498,10,634.7941176470588,719.5,-1,-1,1,-1,-1,-1
499,10,674.5,727.5,-1,-1,1,-1,-1,-1
500,10,706.2647058823529,727.5,-1,-1,1,-1,-1,-1
501,10,745.9705882352941,727.5,-1,-1,1,-1,-1,-1
502,10,785.6764705882354,727.5,-1,-1,1,-1,-1,-1
503,10,825.3823529411765,727.5,-1,-1,1,-1,-1,-1
504,10,857.1470588235294,735.5,-1,-1,1,-1,-1,-1
504,12,205.97058823529412,591.5,-1,-1,1,-1,-1,-1
505,10,896.8529411764706,735.5,-1,-1,1,-1,-1,-1
505,12,229.79411764705884,599.5,-1,-1,1,-1,-1,-1
506,10,936.5588235294118,743.5,-1,-1,1,-1,-1,-1
506,12,253.61764705882354,599.5,-1,-1,1,-1,-1,-1
507,10,968.3235294117648,743.5,-1,-1,1,-1,-1,-1
507,12,277.44117647058823,599.5,-1,-1,1,-1,-1,-1
508,10,1008.0294117647059,743.5,-1,-1,1,-1,-1,-1
508,12,293.3235294117647,599.5,-1,-1,1,-1,-1,-1
509,10,1039.7941176470588,743.5,-1,-1,1,-1,-1,-1
509,12,309.20588235294116,591.5,-1,-1,1,-1,-1,-1
510,10,1071.5588235294117,735.5,-1,-1,1,-1,-1,-1
510,12,333.0294117647059,599.5,-1,-1,1,-1,-1,-1
511,10,1111.264705882353,735.5,-1,-1,1,-1,-1,-1
511,12,340.97058823529414,599.5,-1,-1,1,-1,-1,-1
512,10,1143.0294117647059,735.5,-1,-1,1,-1,-1,-1
512,12,356.8529411764706,599.5,-1,-1,1,-1,-1,-1
513,10,1174.7941176470588,735.5,-1,-1,1,-1,-1,-1
513,12,372.7352941176471,599.5,-1,-1,1,-1,-1,-1
514,10,1206.5588235294117,735.5,-1,-1,1,-1,-1,-1
514,12,396.55882352941177,599.5,-1,-1,1,-1,-1,-1
515,10,1246.264705882353,735.5,-1,-1,1,-1,-1,-1
515,12,412.44117647058823,599.5,-1,-1,1,-1,-1,-1
516,10,1278.0294117647059,735.5,-1,-1,1,-1,-1,-1
516,12,428.3235294117647,591.5,-1,-1,1,-1,-1,-1
517,10,1317.735294117647,735.5,-1,-1,1,-1,-1,-1
517,12,452.14705882352945,599.5,-1,-1,1,-1,-1,-1
518,10,1349.5,727.5,-1,-1,1,-1,-1,-1
518,12,475.97058823529414,599.5,-1,-1,1,-1,-1,-1
519,10,1389.2058823529412,735.5,-1,-1,1,-1,-1,-1
519,12,499.79411764705884,599.5,-1,-1,1,-1,-1,-1
520,10,1420.9705882352941,735.5,-1,-1,1,-1,-1,-1
520,12,523.6176470588235,599.5,-1,-1,1,-1,-1,-1
521,10,1452.735294117647,743.5,-1,-1,1,-1,-1,-1
521,12,547.4411764705883,607.5,-1,-1,1,-1,-1,-1
522,10,1484.5,743.5,-1,-1,1,-1,-1,-1
522,12,579.2058823529412,607.5,-1,-1,1,-1,-1,-1
523,10,1524.2058823529412,743.5,-1,-1,1,-1,-1,-1
523,12,603.0294117647059,607.5,-1,-1,1,-1,-1,-1
524,10,1563.9117647058824,743.5,-1,-1,1,-1,-1,-1
524,12,634.7941176470588,607.5,-1,-1,1,-1,-1,-1
525,10,1595.6764705882354,743.5,-1,-1,1,-1,-1,-1
525,12,658.6176470588235,607.5,-1,-1,1,-1,-1,-1
526,10,1627.4411764705883,743.5,-1,-1,1,-1,-1,-1
526,12,690.3823529411765,607.5,-1,-1,1,-1,-1,-1
527,10,1667.1470588235295,743.5,-1,-1,1,-1,-1,-1
527,12,722.1470588235294,607.5,-1,-1,1,-1,-1,-1
528,10,1698.9117647058824,743.5,-1,-1,1,-1,-1,-1
528,12,745.9705882352941,599.5,-1,-1,1,-1,-1,-1
529,10,1738.6176470588236,743.5,-1,-1,1,-1,-1,-1
529,12,785.6764705882354,599.5,-1,-1,1,-1,-1,-1
530,10,1778.3235294117649,743.5,-1,-1,1,-1,-1,-1
530,12,817.4411764705883,599.5,-1,-1,1,-1,-1,-1
531,10,1825.9705882352941,743.5,-1,-1,1,-1,-1,-1
531,12,849.2058823529412,599.5,-1,-1,1,-1,-1,-1
532,10,1857.735294117647,743.5,-1,-1,1,-1,-1,-1
532,12,888.9117647058824,599.5,-1,-1,1,-1,-1,-1
533,12,928.6176470588235,599.5,-1,-1,1,-1,-1,-1
534,12,968.3235294117648,599.5,-1,-1,1,-1,-1,-1
535,12,1000.0882352941177,591.5,-1,-1,1,-1,-1,-1
536,12,1031.8529411764707,591.5,-1,-1,1,-1,-1,-1
537,12,1079.5,591.5,-1,-1,1,-1,-1,-1
538,12,1119.2058823529412,591.5,-1,-1,1,-1,-1,-1
539,12,1158.9117647058824,599.5,-1,-1,1,-1,-1,-1
540,12,1198.6176470588236,599.5,-1,-1,1,-1,-1,-1
541,12,1230.3823529411766,599.5,-1,-1,1,-1,-1,-1
542,12,1270.0882352941176,599.5,-1,-1,1,-1,-1,-1
543,12,1301.8529411764707,607.5,-1,-1,1,-1,-1,-1
544,12,1341.5588235294117,599.5,-1,-1,1,-1,-1,-1
545,12,1373.3235294117646,599.5,-1,-1,1,-1,-1,-1
546,12,1405.0882352941178,599.5,-1,-1,1,-1,-1,-1
547,12,1436.8529411764707,591.5,-1,-1,1,-1,-1,-1
548,12,1468.6176470588236,591.5,-1,-1,1,-1,-1,-1
549,12,1500.3823529411766,591.5,-1,-1,1,-1,-1,-1
550,12,1540.0882352941178,591.5,-1,-1,1,-1,-1,-1
551,12,1579.7941176470588,583.5,-1,-1,1,-1,-1,-1
552,12,1619.5,583.5,-1,-1,1,-1,-1,-1
553,12,1667.1470588235295,591.5,-1,-1,1,-1,-1,-1
554,12,1706.8529411764707,591.5,-1,-1,1,-1,-1,-1
555,12,1746.5588235294117,599.5,-1,-1,1,-1,-1,-1
556,12,1794.2058823529412,607.5,-1,-1,1,-1,-1,-1
557,12,1833.9117647058824,607.5,-1,-1,1,-1,-1,-1
571,13,809.5,815.5,-1,-1,1,-1,-1,-1
572,13,873.0294117647059,815.5,-1,-1,1,-1,-1,-1
574,13,809.5,871.5,-1,-1,1,-1,-1,-1
575,13,888.9117647058824,871.5,-1,-1,1,-1,-1,-1
576,13,968.3235294117648,871.5,-1,-1,1,-1,-1,-1
577,13,1047.735294117647,871.5,-1,-1,1,-1,-1,-1
578,13,1119.2058823529412,879.5,-1,-1,1,-1,-1,-1
579,13,1198.6176470588236,879.5,-1,-1,1,-1,-1,-1
614,14,261.55882352941177,631.5,-1,-1,1,-1,-1,-1
615,14,340.97058823529414,631.5,-1,-1,1,-1,-1,-1
617,14,499.79411764705884,631.5,-1,-1,1,-1,-1,-1
618,14,571.2647058823529,631.5,-1,-1,1,-1,-1,-1
619,14,634.7941176470588,631.5,-1,-1,1,-1,-1,-1
620,14,698.3235294117648,631.5,-1,-1,1,-1,-1,-1
621,14,769.7941176470589,631.5,-1,-1,1,-1,-1,-1
622,14,841.2647058823529,631.5,-1,-1,1,-1,-1,-1
623,14,904.7941176470589,631.5,-1,-1,1,-1,-1,-1
624,14,968.3235294117648,631.5,-1,-1,1,-1,-1,-1
625,14,1031.8529411764707,631.5,-1,-1,1,-1,-1,-1
626,14,1095.3823529411766,631.5,-1,-1,1,-1,-1,-1
627,14,1158.9117647058824,631.5,-1,-1,1,-1,-1,-1
628,14,1222.4411764705883,639.5,-1,-1,1,-1,-1,-1
629,14,1285.9705882352941,639.5,-1,-1,1,-1,-1,-1
630,14,1349.5,639.5,-1,-1,1,-1,-1,-1
631,14,1420.9705882352941,639.5,-1,-1,1,-1,-1,-1
632,14,1492.4411764705883,639.5,-1,-1,1,-1,-1,-1
633,14,1571.8529411764707,639.5,-1,-1,1,-1,-1,-1
634,14,1651.264705882353,639.5,-1,-1,1,-1,-1,-1
635,14,1738.6176470588236,639.5,-1,-1,1,-1,-1,-1
636,14,1833.9117647058824,631.5,-1,-1,1,-1,-1,-1
697,15,722.1470588235294,655.5,-1,-1,1,-1,-1,-1
698,15,745.9705882352941,655.5,-1,-1,1,-1,-1,-1
699,15,769.7941176470589,647.5,-1,-1,1,-1,-1,-1
700,15,801.5588235294118,647.5,-1,-1,1,-1,-1,-1
701,15,825.3823529411765,639.5,-1,-1,1,-1,-1,-1
702,15,857.1470588235294,639.5,-1,-1,1,-1,-1,-1
703,15,880.9705882352941,631.5,-1,-1,1,-1,-1,-1
704,15,912.7352941176471,631.5,-1,-1,1,-1,-1,-1
705,15,944.5,623.5,-1,-1,1,-1,-1,-1
706,15,984.2058823529412,615.5,-1,-1,1,-1,-1,-1
707,15,1008.0294117647059,615.5,-1,-1,1,-1,-1,-1
708,15,1047.735294117647,615.5,-1,-1,1,-1,-1,-1
709,15,1087.4411764705883,623.5,-1,-1,1,-1,-1,-1
710,15,1127.1470588235295,623.5,-1,-1,1,-1,-1,-1
711,15,1166.8529411764707,623.5,-1,-1,1,-1,-1,-1
712,15,1214.5,631.5,-1,-1,1,-1,-1,-1
713,15,1262.1470588235295,639.5,-1,-1,1,-1,-1,-1
714,15,1309.7941176470588,647.5,-1,-1,1,-1,-1,-1
715,15,1357.4411764705883,647.5,-1,-1,1,-1,-1,-1
716,15,1413.0294117647059,647.5,-1,-1,1,-1,-1,-1
717,15,1476.5588235294117,655.5,-1,-1,1,-1,-1,-1
718,15,1532.1470588235295,655.5,-1,-1,1,-1,-1,-1
746,16,634.7941176470588,655.5,-1,-1,1,-1,-1,-1
747,16,658.6176470588235,663.5,-1,-1,1,-1,-1,-1
748,16,690.3823529411765,671.5,-1,-1,1,-1,-1,-1
749,16,714.2058823529412,663.5,-1,-1,1,-1,-1,-1
750,16,745.9705882352941,663.5,-1,-1,1,-1,-1,-1
751,16,761.8529411764706,663.5,-1,-1,1,-1,-1,-1
752,16,793.6176470588235,663.5,-1,-1,1,-1,-1,-1
753,16,825.3823529411765,655.5,-1,-1,1,-1,-1,-1
754,16,849.2058823529412,655.5,-1,-1,1,-1,-1,-1
755,16,873.0294117647059,655.5,-1,-1,1,-1,-1,-1
756,16,904.7941176470589,655.5,-1,-1,1,-1,-1,-1
757,16,936.5588235294118,647.5,-1,-1,1,-1,-1,-1
758,16,960.3823529411765,647.5,-1,-1,1,-1,-1,-1
759,16,984.2058823529412,647.5,-1,-1,1,-1,-1,-1
760,16,1000.0882352941177,647.5,-1,-1,1,-1,-1,-1
761,16,1023.9117647058824,639.5,-1,-1,1,-1,-1,-1
762,16,1055.6764705882354,639.5,-1,-1,1,-1,-1,-1
763,16,1071.5588235294117,639.5,-1,-1,1,-1,-1,-1
764,16,1095.3823529411766,631.5,-1,-1,1,-1,-1,-1
765,16,1119.2058823529412,631.5,-1,-1,1,-1,-1,-1
766,16,1143.0294117647059,631.5,-1,-1,1,-1,-1,-1
767,16,1158.9117647058824,639.5,-1,-1,1,-1,-1,-1
768,16,1190.6764705882354,631.5,-1,-1,1,-1,-1,-1
769,16,1206.5588235294117,631.5,-1,-1,1,-1,-1,-1
770,16,1230.3823529411766,639.5,-1,-1,1,-1,-1,-1
771,16,1262.1470588235295,639.5,-1,-1,1,-1,-1,-1
772,16,1285.9705882352941,639.5,-1,-1,1,-1,-1,-1
773,16,1309.7941176470588,639.5,-1,-1,1,-1,-1,-1
774,16,1333.6176470588236,639.5,-1,-1,1,-1,-1,-1
775,16,1365.3823529411766,639.5,-1,-1,1,-1,-1,-1
776,16,1389.2058823529412,631.5,-1,-1,1,-1,-1,-1
777,16,1420.9705882352941,631.5,-1,-1,1,-1,-1,-1
778,16,1436.8529411764707,631.5,-1,-1,1,-1,-1,-1
779,16,1468.6176470588236,623.5,-1,-1,1,-1,-1,-1
780,16,1492.4411764705883,623.5,-1,-1,1,-1,-1,-1
781,16,1524.2058823529412,623.5,-1,-1,1,-1,-1,-1
782,16,1555.9705882352941,631.5,-1,-1,1,-1,-1,-1
783,16,1595.6764705882354,631.5,-1,-1,1,-1,-1,-1
784,16,1627.4411764705883,639.5,-1,-1,1,-1,-1,-1
785,16,1651.264705882353,631.5,-1,-1,1,-1,-1,-1
825,17,39.205882352941174,559.5,-1,-1,1,-1,-1,-1
826,17,78.91176470588235,559.5,-1,-1,1,-1,-1,-1
827,17,110.6764705882353,559.5,-1,-1,1,-1,-1,-1
828,17,142.44117647058823,559.5,-1,-1,1,-1,-1,-1
829,17,174.2058823529412,559.5,-1,-1,1,-1,-1,-1
830,17,205.97058823529412,551.5,-1,-1,1,-1,-1,-1
831,17,237.73529411764707,551.5,-1,-1,1,-1,-1,-1
832,17,269.5,551.5,-1,-1,1,-1,-1,-1
833,17,293.3235294117647,551.5,-1,-1,1,-1,-1,-1
834,17,325.0882352941177,559.5,-1,-1,1,-1,-1,-1
835,17,372.7352941176471,551.5,-1,-1,1,-1,-1,-1
836,17,404.5,551.5,-1,-1,1,-1,-1,-1
837,17,444.2058823529412,551.5,-1,-1,1,-1,-1,-1
838,17,491.8529411764706,551.5,-1,-1,1,-1,-1,-1
839,17,523.6176470588235,551.5,-1,-1,1,-1,-1,-1
840,17,571.2647058823529,543.5,-1,-1,1,-1,-1,-1
841,17,610.9705882352941,543.5,-1,-1,1,-1,-1,-1
842,17,650.6764705882354,551.5,-1,-1,1,-1,-1,-1
843,17,690.3823529411765,559.5,-1,-1,1,-1,-1,-1
844,17,722.1470588235294,567.5,-1,-1,1,-1,-1,-1
845,17,761.8529411764706,575.5,-1,-1,1,-1,-1,-1
889,18,55.08823529411765,791.5,-1,-1,1,-1,-1,-1
890,18,126.55882352941177,791.5,-1,-1,1,-1,-1,-1
891,18,205.97058823529412,783.5,-1,-1,1,-1,-1,-1
892,18,277.44117647058823,783.5,-1,-1,1,-1,-1,-1
893,18,348.9117647058824,783.5,-1,-1,1,-1,-1,-1
894,18,420.38235294117646,783.5,-1,-1,1,-1,-1,-1
895,18,483.9117647058824,783.5,-1,-1,1,-1,-1,-1
896,18,547.4411764705883,783.5,-1,-1,1,-1,-1,-1
897,18,483.9117647058824,775.5,-1,-1,1,-1,-1,-1
897,19,55.08823529411765,799.5,-1,-1,1,-1,-1,-1
898,18,547.4411764705883,775.5,-1,-1,1,-1,-1,-1
898,19,126.55882352941177,799.5,-1,-1,1,-1,-1,-1
899,18,738.0294117647059,783.5,-1,-1,1,-1,-1,-1
899,19,198.02941176470588,799.5,-1,-1,1,-1,-1,-1
900,18,793.6176470588235,783.5,-1,-1,1,-1,-1,-1
900,19,261.55882352941177,799.5,-1,-1,1,-1,-1,-1
901,18,857.1470588235294,783.5,-1,-1,1,-1,-1,-1
901,19,333.0294117647059,791.5,-1,-1,1,-1,-1,-1
902,19,396.55882352941177,791.5,-1,-1,1,-1,-1,-1
903,19,460.0882352941177,791.5,-1,-1,1,-1,-1,-1
904,18,1190.6764705882354,791.5,-1,-1,1,-1,-1,-1
904,19,515.6764705882354,791.5,-1,-1,1,-1,-1,-1
905,19,579.2058823529412,791.5,-1,-1,1,-1,-1,-1
906,19,642.7352941176471,783.5,-1,-1,1,-1,-1,-1
911,19,952.4411764705883,807.5,-1,-1,1,-1,-1,-1
912,19,1015.9705882352941,807.5,-1,-1,1,-1,-1,-1
914,19,1127.1470588235295,807.5,-1,-1,1,-1,-1,-1
915,19,1190.6764705882354,807.5,-1,-1,1,-1,-1,-1
936,20,277.44117647058823,759.5,-1,-1,1,-1,-1,-1
937,20,340.97058823529414,759.5,-1,-1,1,-1,-1,-1
938,20,404.5,759.5,-1,-1,1,-1,-1,-1
939,20,475.97058823529414,767.5,-1,-1,1,-1,-1,-1
940,20,539.5,767.5,-1,-1,1,-1,-1,-1
941,20,603.0294117647059,767.5,-1,-1,1,-1,-1,-1
942,20,674.5,767.5,-1,-1,1,-1,-1,-1
943,20,730.0882352941177,767.5,-1,-1,1,-1,-1,-1
944,20,793.6176470588235,767.5,-1,-1,1,-1,-1,-1
987,21,70.97058823529412,879.5,-1,-1,1,-1,-1,-1
988,21,174.2058823529412,871.5,-1,-1,1,-1,-1,-1
989,21,261.55882352941177,863.5,-1,-1,1,-1,-1,-1
990,21,372.7352941176471,847.5,-1,-1,1,-1,-1,-1
991,21,475.97058823529414,831.5,-1,-1,1,-1,-1,-1
992,21,563.3235294117648,815.5,-1,-1,1,-1,-1,-1
993,21,666.5588235294118,799.5,-1,-1,1,-1,-1,-1
994,21,769.7941176470589,775.5,-1,-1,1,-1,-1,-1
995,21,857.1470588235294,751.5,-1,-1,1,-1,-1,-1
996,21,960.3823529411765,743.5,-1,-1,1,-1,-1,-1
997,21,1047.735294117647,727.5,-1,-1,1,-1,-1,-1
998,21,1150.9705882352941,703.5,-1,-1,1,-1,-1,-1
999,21,1262.1470588235295,687.5,-1,-1,1,-1,-1,-1
1000,21,1579.7941176470588,983.5,-1,-1,1,-1,-1,-1
1009,23,722.1470588235294,727.5,-1,-1,1,-1,-1,-1
1010,23,491.8529411764706,599.5,-1,-1,1,-1,-1,-1
1012,23,618.9117647058823,599.5,-1,-1,1,-1,-1,-1
1013,23,682.4411764705883,607.5,-1,-1,1,-1,-1,-1
1014,23,738.0294117647059,615.5,-1,-1,1,-1,-1,-1
1015,23,809.5,623.5,-1,-1,1,-1,-1,-1
1016,22,1190.6764705882354,687.5,-1,-1,1,-1,-1,-1
1016,23,865.0882352941177,631.5,-1,-1,1,-1,-1,-1
1017,22,1246.264705882353,695.5,-1,-1,1,-1,-1,-1
1018,22,1293.9117647058824,703.5,-1,-1,1,-1,-1,-1
1018,23,610.9705882352941,527.5,-1,-1,1,-1,-1,-1
1019,22,1317.735294117647,711.5,-1,-1,1,-1,-1,-1
1019,23,968.3235294117648,671.5,-1,-1,1,-1,-1,-1
1020,22,1341.5588235294117,719.5,-1,-1,1,-1,-1,-1
1021,22,1373.3235294117646,727.5,-1,-1,1,-1,-1,-1
1023,22,1420.9705882352941,735.5,-1,-1,1,-1,-1,-1
1024,22,1444.7941176470588,735.5,-1,-1,1,-1,-1,-1
1025,22,1468.6176470588236,727.5,-1,-1,1,-1,-1,-1
1026,22,1500.3823529411766,727.5,-1,-1,1,-1,-1,-1
1027,22,1524.2058823529412,727.5,-1,-1,1,-1,-1,-1
1028,22,1563.9117647058824,719.5,-1,-1,1,-1,-1,-1
1029,22,1611.5588235294117,711.5,-1,-1,1,-1,-1,-1
1030,22,1659.2058823529412,711.5,-1,-1,1,-1,-1,-1
1032,22,1786.264705882353,711.5,-1,-1,1,-1,-1,-1
1080,24,78.91176470588235,567.5,-1,-1,1,-1,-1,-1
1081,24,134.5,559.5,-1,-1,1,-1,-1,-1
1084,24,293.3235294117647,559.5,-1,-1,1,-1,-1,-1
1085,24,340.97058823529414,559.5,-1,-1,1,-1,-1,-1
1086,24,380.6764705882353,559.5,-1,-1,1,-1,-1,-1
1087,24,420.38235294117646,559.5,-1,-1,1,-1,-1,-1
1088,24,468.0294117647059,543.5,-1,-1,1,-1,-1,-1
1089,24,507.7352941176471,535.5,-1,-1,1,-1,-1,-1
1090,24,539.5,535.5,-1,-1,1,-1,-1,-1
1091,24,579.2058823529412,519.5,-1,-1,1,-1,-1,-1
1092,24,610.9705882352941,519.5,-1,-1,1,-1,-1,-1
1093,24,626.8529411764706,511.5,-1,-1,1,-1,-1,-1
1094,24,642.7352941176471,511.5,-1,-1,1,-1,-1,-1
1095,24,658.6176470588235,519.5,-1,-1,1,-1,-1,-1
1096,24,682.4411764705883,519.5,-1,-1,1,-1,-1,-1
1097,24,690.3823529411765,511.5,-1,-1,1,-1,-1,-1
1098,24,706.2647058823529,519.5,-1,-1,1,-1,-1,-1
1099,24,722.1470588235294,519.5,-1,-1,1,-1,-1,-1
1100,24,730.0882352941177,519.5,-1,-1,1,-1,-1,-1
1101,24,745.9705882352941,511.5,-1,-1,1,-1,-1,-1
1102,24,753.9117647058823,511.5,-1,-1,1,-1,-1,-1
1103,24,777.7352941176471,519.5,-1,-1,1,-1,-1,-1
1104,24,793.6176470588235,511.5,-1,-1,1,-1,-1,-1
1105,24,817.4411764705883,511.5,-1,-1,1,-1,-1,-1
1106,24,833.3235294117648,519.5,-1,-1,1,-1,-1,-1
1107,24,865.0882352941177,519.5,-1,-1,1,-1,-1,-1
1108,24,896.8529411764706,535.5,-1,-1,1,-1,-1,-1
1109,24,928.6176470588235,535.5,-1,-1,1,-1,-1,-1
1110,24,944.5,535.5,-1,-1,1,-1,-1,-1
1111,24,968.3235294117648,535.5,-1,-1,1,-1,-1,-1
1112,24,984.2058823529412,543.5,-1,-1,1,-1,-1,-1
1113,24,1000.0882352941177,551.5,-1,-1,1,-1,-1,-1
1114,24,1023.9117647058824,551.5,-1,-1,1,-1,-1,-1
1115,24,1055.6764705882354,543.5,-1,-1,1,-1,-1,-1
1116,24,1087.4411764705883,543.5,-1,-1,1,-1,-1,-1
1117,24,1103.3235294117646,535.5,-1,-1,1,-1,-1,-1
1118,24,1135.0882352941176,519.5,-1,-1,1,-1,-1,-1
1119,24,904.7941176470589,295.5,-1,-1,1,-1,-1,-1
1120,24,1150.9705882352941,527.5,-1,-1,1,-1,-1,-1
1121,24,1158.9117647058824,519.5,-1,-1,1,-1,-1,-1
1122,24,1174.7941176470588,519.5,-1,-1,1,-1,-1,-1
1123,24,1182.735294117647,527.5,-1,-1,1,-1,-1,-1
1124,24,1198.6176470588236,519.5,-1,-1,1,-1,-1,-1
1125,24,1198.6176470588236,519.5,-1,-1,1,-1,-1,-1
1126,24,1214.5,519.5,-1,-1,1,-1,-1,-1
1127,24,1222.4411764705883,527.5,-1,-1,1,-1,-1,-1
1128,24,1246.264705882353,519.5,-1,-1,1,-1,-1,-1
1129,24,1278.0294117647059,519.5,-1,-1,1,-1,-1,-1
1130,24,1317.735294117647,503.5,-1,-1,1,-1,-1,-1
1131,24,1365.3823529411766,479.5,-1,-1,1,-1,-1,-1
1132,24,1413.0294117647059,471.5,-1,-1,1,-1,-1,-1
1133,24,1468.6176470588236,463.5,-1,-1,1,-1,-1,-1
1134,24,1532.1470588235295,447.5,-1,-1,1,-1,-1,-1
1135,24,1595.6764705882354,431.5,-1,-1,1,-1,-1,-1
1136,24,1667.1470588235295,407.5,-1,-1,1,-1,-1,-1
1137,24,1738.6176470588236,407.5,-1,-1,1,-1,-1,-1
1138,25,134.5,759.5,-1,-1,1,-1,-1,-1
1139,25,221.8529411764706,735.5,-1,-1,1,-1,-1,-1
1140,25,317.1470588235294,727.5,-1,-1,1,-1,-1,-1
1141,25,166.26470588235296,647.5,-1,-1,1,-1,-1,-1
1141,26,396.55882352941177,711.5,-1,-1,1,-1,-1,-1
1142,25,475.97058823529414,695.5,-1,-1,1,-1,-1,-1
1143,25,285.38235294117646,639.5,-1,-1,1,-1,-1,-1
1143,26,539.5,695.5,-1,-1,1,-1,-1,-1
1143,27,634.7941176470588,839.5,-1,-1,1,-1,-1,-1
1144,25,340.97058823529414,639.5,-1,-1,1,-1,-1,-1
1144,26,603.0294117647059,695.5,-1,-1,1,-1,-1,-1
1145,25,356.8529411764706,631.5,-1,-1,1,-1,-1,-1
1145,26,650.6764705882354,671.5,-1,-1,1,-1,-1,-1
1145,27,777.7352941176471,831.5,-1,-1,1,-1,-1,-1
1146,25,380.6764705882353,615.5,-1,-1,1,-1,-1,-1
1146,26,690.3823529411765,663.5,-1,-1,1,-1,-1,-1
1146,27,833.3235294117648,815.5,-1,-1,1,-1,-1,-1
1147,25,396.55882352941177,607.5,-1,-1,1,-1,-1,-1
1147,26,730.0882352941177,663.5,-1,-1,1,-1,-1,-1
1147,27,888.9117647058824,815.5,-1,-1,1,-1,-1,-1
1148,25,420.38235294117646,599.5,-1,-1,1,-1,-1,-1
1148,26,785.6764705882354,647.5,-1,-1,1,-1,-1,-1
1148,27,968.3235294117648,815.5,-1,-1,1,-1,-1,-1
1149,25,444.2058823529412,583.5,-1,-1,1,-1,-1,-1
1149,26,833.3235294117648,639.5,-1,-1,1,-1,-1,-1
1149,27,1023.9117647058824,799.5,-1,-1,1,-1,-1,-1
1150,25,452.14705882352945,575.5,-1,-1,1,-1,-1,-1
1150,26,873.0294117647059,623.5,-1,-1,1,-1,-1,-1
1150,27,1071.5588235294117,783.5,-1,-1,1,-1,-1,-1
1151,25,460.0882352941177,551.5,-1,-1,1,-1,-1,-1
1151,26,904.7941176470589,615.5,-1,-1,1,-1,-1,-1
1151,27,1119.2058823529412,775.5,-1,-1,1,-1,-1,-1
1152,25,483.9117647058824,543.5,-1,-1,1,-1,-1,-1
1152,26,944.5,615.5,-1,-1,1,-1,-1,-1
1152,27,1166.8529411764707,759.5,-1,-1,1,-1,-1,-1
1153,25,436.2647058823529,487.5,-1,-1,1,-1,-1,-1
1153,26,984.2058823529412,591.5,-1,-1,1,-1,-1,-1
1153,27,1206.5588235294117,743.5,-1,-1,1,-1,-1,-1
1153,28,515.6764705882354,535.5,-1,-1,1,-1,-1,-1
1154,25,539.5,511.5,-1,-1,1,-1,-1,-1
1154,26,1015.9705882352941,583.5,-1,-1,1,-1,-1,-1
1154,27,1238.3235294117646,711.5,-1,-1,1,-1,-1,-1
1155,25,499.79411764705884,479.5,-1,-1,1,-1,-1,-1
1155,26,1047.735294117647,575.5,-1,-1,1,-1,-1,-1
1155,27,1278.0294117647059,703.5,-1,-1,1,-1,-1,-1
1155,28,571.2647058823529,503.5,-1,-1,1,-1,-1,-1
1156,25,579.2058823529412,487.5,-1,-1,1,-1,-1,-1
1156,26,1095.3823529411766,567.5,-1,-1,1,-1,-1,-1
1156,27,1317.735294117647,695.5,-1,-1,1,-1,-1,-1
1157,25,563.3235294117648,447.5,-1,-1,1,-1,-1,-1
1157,26,1150.9705882352941,559.5,-1,-1,1,-1,-1,-1
1157,27,1373.3235294117646,687.5,-1,-1,1,-1,-1,-1
1157,28,650.6764705882354,487.5,-1,-1,1,-1,-1,-1
1158,25,626.8529411764706,447.5,-1,-1,1,-1,-1,-1
1158,26,1214.5,567.5,-1,-1,1,-1,-1,-1
1158,27,1436.8529411764707,687.5,-1,-1,1,-1,-1,-1
1158,28,714.2058823529412,487.5,-1,-1,1,-1,-1,-1
1159,25,690.3823529411765,447.5,-1,-1,1,-1,-1,-1
1159,26,1270.0882352941176,567.5,-1,-1,1,-1,-1,-1
1159,28,769.7941176470589,487.5,-1,-1,1,-1,-1,-1
1160,25,761.8529411764706,455.5,-1,-1,1,-1,-1,-1
1160,26,1349.5,583.5,-1,-1,1,-1,-1,-1
1160,28,873.0294117647059,511.5,-1,-1,1,-1,-1,-1
1161,25,960.3823529411765,527.5,-1,-1,1,-1,-1,-1
1161,26,1436.8529411764707,591.5,-1,-1,1,-1,-1,-1
1162,25,1039.7941176470588,527.5,-1,-1,1,-1,-1,-1
1162,26,1540.0882352941178,599.5,-1,-1,1,-1,-1,-1
1162,28,1063.6176470588236,527.5,-1,-1,1,-1,-1,-1
1163,25,1055.6764705882354,503.5,-1,-1,1,-1,-1,-1
1163,26,1651.264705882353,607.5,-1,-1,1,-1,-1,-1
1163,28,1158.9117647058824,527.5,-1,-1,1,-1,-1,-1
1164,25,1143.0294117647059,495.5,-1,-1,1,-1,-1,-1
1164,26,1762.4411764705883,615.5,-1,-1,1,-1,-1,-1
1164,28,1270.0882352941176,535.5,-1,-1,1,-1,-1,-1
1201,29,285.38235294117646,671.5,-1,-1,1,-1,-1,-1
1202,29,364.79411764705884,679.5,-1,-1,1,-1,-1,-1
1203,29,444.2058823529412,687.5,-1,-1,1,-1,-1,-1
1204,29,531.5588235294118,703.5,-1,-1,1,-1,-1,-1
1205,29,610.9705882352941,703.5,-1,-1,1,-1,-1,-1
1206,29,690.3823529411765,711.5,-1,-1,1,-1,-1,-1
1207,29,777.7352941176471,727.5,-1,-1,1,-1,-1,-1
1208,29,865.0882352941177,735.5,-1,-1,1,-1,-1,-1
1209,29,952.4411764705883,743.5,-1,-1,1,-1,-1,-1
1210,29,1039.7941176470588,751.5,-1,-1,1,-1,-1,-1
1211,29,1135.0882352941176,767.5,-1,-1,1,-1,-1,-1
1212,29,1238.3235294117646,783.5,-1,-1,1,-1,-1,-1
1213,29,1317.735294117647,799.5,-1,-1,1,-1,-1,-1
1254,30,658.6176470588235,575.5,-1,-1,1,-1,-1,-1
1257,30,690.3823529411765,567.5,-1,-1,1,-1,-1,-1
1258,31,1238.3235294117646,767.5,-1,-1,1,-1,-1,-1
1259,31,1301.8529411764707,783.5,-1,-1,1,-1,-1,-1
1260,31,1357.4411764705883,791.5,-1,-1,1,-1,-1,-1
1261,31,1262.1470588235295,863.5,-1,-1,1,-1,-1,-1
1262,30,730.0882352941177,599.5,-1,-1,1,-1,-1,-1
1262,31,1333.6176470588236,879.5,-1,-1,1,-1,-1,-1
1263,30,753.9117647058823,583.5,-1,-1,1,-1,-1,-1
1263,31,1413.0294117647059,887.5,-1,-1,1,-1,-1,-1
1264,30,1127.1470588235295,759.5,-1,-1,1,-1,-1,-1
1264,31,1484.5,903.5,-1,-1,1,-1,-1,-1
1265,30,785.6764705882354,575.5,-1,-1,1,-1,-1,-1
1265,31,1571.8529411764707,919.5,-1,-1,1,-1,-1,-1
1266,30,793.6176470588235,583.5,-1,-1,1,-1,-1,-1
1266,31,1643.3235294117646,935.5,-1,-1,1,-1,-1,-1
1267,30,809.5,583.5,-1,-1,1,-1,-1,-1
1267,31,1746.5588235294117,959.5,-1,-1,1,-1,-1,-1
1268,30,833.3235294117648,575.5,-1,-1,1,-1,-1,-1
1269,30,849.2058823529412,567.5,-1,-1,1,-1,-1,-1
1270,30,865.0882352941177,559.5,-1,-1,1,-1,-1,-1
1271,30,888.9117647058824,551.5,-1,-1,1,-1,-1,-1
1272,30,912.7352941176471,543.5,-1,-1,1,-1,-1,-1
1273,30,944.5,543.5,-1,-1,1,-1,-1,-1
1274,30,968.3235294117648,543.5,-1,-1,1,-1,-1,-1
1275,30,992.1470588235294,551.5,-1,-1,1,-1,-1,-1
1276,30,1000.0882352941177,559.5,-1,-1,1,-1,-1,-1
1277,30,1008.0294117647059,567.5,-1,-1,1,-1,-1,-1
1278,30,1015.9705882352941,575.5,-1,-1,1,-1,-1,-1
1279,30,1015.9705882352941,583.5,-1,-1,1,-1,-1,-1
1280,30,1023.9117647058824,583.5,-1,-1,1,-1,-1,-1
1281,30,1031.8529411764707,583.5,-1,-1,1,-1,-1,-1
1282,30,1055.6764705882354,583.5,-1,-1,1,-1,-1,-1
1283,30,1079.5,575.5,-1,-1,1,-1,-1,-1
1284,30,1111.264705882353,583.5,-1,-1,1,-1,-1,-1
1285,30,1150.9705882352941,583.5,-1,-1,1,-1,-1,-1
1286,30,1182.735294117647,591.5,-1,-1,1,-1,-1,-1
1287,30,1222.4411764705883,583.5,-1,-1,1,-1,-1,-1
1288,30,1270.0882352941176,575.5,-1,-1,1,-1,-1,-1
1289,30,1333.6176470588236,575.5,-1,-1,1,-1,-1,-1
1290,30,1413.0294117647059,575.5,-1,-1,1,-1,-1,-1
1291,30,1500.3823529411766,583.5,-1,-1,1,-1,-1,-1
1292,30,1603.6176470588236,575.5,-1,-1,1,-1,-1,-1
1293,30,1722.735294117647,559.5,-1,-1,1,-1,-1,-1
1294,30,1841.8529411764707,559.5,-1,-1,1,-1,-1,-1
1297,32,221.8529411764706,367.5,-1,-1,1,-1,-1,-1
1298,32,301.2647058823529,375.5,-1,-1,1,-1,-1,-1
1299,32,364.79411764705884,375.5,-1,-1,1,-1,-1,-1
1300,32,420.38235294117646,391.5,-1,-1,1,-1,-1,-1
1301,32,475.97058823529414,391.5,-1,-1,1,-1,-1,-1
1302,32,523.6176470588235,391.5,-1,-1,1,-1,-1,-1
1303,32,555.3823529411765,399.5,-1,-1,1,-1,-1,-1
1304,32,595.0882352941177,407.5,-1,-1,1,-1,-1,-1
1305,32,618.9117647058823,415.5,-1,-1,1,-1,-1,-1
1307,32,690.3823529411765,439.5,-1,-1,1,-1,-1,-1
1308,32,714.2058823529412,447.5,-1,-1,1,-1,-1,-1
1309,32,745.9705882352941,455.5,-1,-1,1,-1,-1,-1
1310,32,785.6764705882354,463.5,-1,-1,1,-1,-1,-1
1311,32,809.5,463.5,-1,-1,1,-1,-1,-1
1312,32,849.2058823529412,471.5,-1,-1,1,-1,-1,-1
1313,32,873.0294117647059,479.5,-1,-1,1,-1,-1,-1
1314,32,904.7941176470589,487.5,-1,-1,1,-1,-1,-1
1315,32,920.6764705882354,487.5,-1,-1,1,-1,-1,-1
1316,32,952.4411764705883,487.5,-1,-1,1,-1,-1,-1
1317,32,984.2058823529412,487.5,-1,-1,1,-1,-1,-1
1318,32,1008.0294117647059,479.5,-1,-1,1,-1,-1,-1
1319,32,1039.7941176470588,463.5,-1,-1,1,-1,-1,-1
1320,32,1079.5,463.5,-1,-1,1,-1,-1,-1
1321,32,1127.1470588235295,447.5,-1,-1,1,-1,-1,-1
1322,32,1174.7941176470588,439.5,-1,-1,1,-1,-1,-1
1323,32,1214.5,423.5,-1,-1,1,-1,-1,-1
1349,33,833.3235294117648,783.5,-1,-1,1,-1,-1,-1
1350,33,873.0294117647059,783.5,-1,-1,1,-1,-1,-1
1351,33,928.6176470588235,791.5,-1,-1,1,-1,-1,-1
1352,33,968.3235294117648,791.5,-1,-1,1,-1,-1,-1
1353,33,1031.8529411764707,791.5,-1,-1,1,-1,-1,-1
1354,33,1103.3235294117646,791.5,-1,-1,1,-1,-1,-1
1355,33,1166.8529411764707,807.5,-1,-1,1,-1,-1,-1
1356,33,1262.1470588235295,807.5,-1,-1,1,-1,-1,-1
1357,33,1349.5,815.5,-1,-1,1,-1,-1,-1
1358,33,1444.7941176470588,815.5,-1,-1,1,-1,-1,-1
1360,33,1635.3823529411766,831.5,-1,-1,1,-1,-1,-1
1361,33,1738.6176470588236,831.5,-1,-1,1,-1,-1,-1
1362,33,1849.7941176470588,847.5,-1,-1,1,-1,-1,-1
1463,34,166.26470588235296,583.5,-1,-1,1,-1,-1,-1
1464,34,166.26470588235296,591.5,-1,-1,1,-1,-1,-1
1465,34,174.2058823529412,591.5,-1,-1,1,-1,-1,-1
1466,34,182.14705882352942,599.5,-1,-1,1,-1,-1,-1
1468,34,221.8529411764706,623.5,-1,-1,1,-1,-1,-1
1469,34,253.61764705882354,631.5,-1,-1,1,-1,-1,-1
1470,34,301.2647058823529,639.5,-1,-1,1,-1,-1,-1
1471,34,333.0294117647059,647.5,-1,-1,1,-1,-1,-1
1472,34,380.6764705882353,655.5,-1,-1,1,-1,-1,-1
1473,34,428.3235294117647,663.5,-1,-1,1,-1,-1,-1
1475,34,499.79411764705884,687.5,-1,-1,1,-1,-1,-1
1476,34,539.5,687.5,-1,-1,1,-1,-1,-1
1492,36,221.8529411764706,663.5,-1,-1,1,-1,-1,-1
1493,35,261.55882352941177,663.5,-1,-1,1,-1,-1,-1
1494,35,110.6764705882353,607.5,-1,-1,1,-1,-1,-1
1494,36,309.20588235294116,663.5,-1,-1,1,-1,-1,-1
1495,35,150.38235294117646,599.5,-1,-1,1,-1,-1,-1
1495,36,348.9117647058824,655.5,-1,-1,1,-1,-1,-1
1496,35,190.08823529411765,599.5,-1,-1,1,-1,-1,-1
1496,36,388.61764705882354,655.5,-1,-1,1,-1,-1,-1
1497,35,237.73529411764707,599.5,-1,-1,1,-1,-1,-1
1497,36,436.2647058823529,655.5,-1,-1,1,-1,-1,-1
1498,35,277.44117647058823,599.5,-1,-1,1,-1,-1,-1
1498,36,475.97058823529414,655.5,-1,-1,1,-1,-1,-1
1499,35,317.1470588235294,607.5,-1,-1,1,-1,-1,-1
1499,36,507.7352941176471,655.5,-1,-1,1,-1,-1,-1
1500,35,348.9117647058824,607.5,-1,-1,1,-1,-1,-1
1500,36,555.3823529411765,663.5,-1,-1,1,-1,-1,-1
1501,35,380.6764705882353,615.5,-1,-1,1,-1,-1,-1
1501,36,587.1470588235294,671.5,-1,-1,1,-1,-1,-1
1502,35,428.3235294117647,623.5,-1,-1,1,-1,-1,-1
1502,36,626.8529411764706,671.5,-1,-1,1,-1,-1,-1
1503,35,460.0882352941177,623.5,-1,-1,1,-1,-1,-1
1503,36,666.5588235294118,671.5,-1,-1,1,-1,-1,-1
1504,35,499.79411764705884,623.5,-1,-1,1,-1,-1,-1
1504,36,706.2647058823529,679.5,-1,-1,1,-1,-1,-1
1505,35,531.5588235294118,623.5,-1,-1,1,-1,-1,-1
1505,36,745.9705882352941,679.5,-1,-1,1,-1,-1,-1
1506,35,563.3235294117648,631.5,-1,-1,1,-1,-1,-1
1506,36,777.7352941176471,695.5,-1,-1,1,-1,-1,-1
1507,35,603.0294117647059,639.5,-1,-1,1,-1,-1,-1
1507,36,825.3823529411765,695.5,-1,-1,1,-1,-1,-1
1508,35,642.7352941176471,631.5,-1,-1,1,-1,-1,-1
1508,36,873.0294117647059,695.5,-1,-1,1,-1,-1,-1
1509,35,674.5,631.5,-1,-1,1,-1,-1,-1
1509,36,912.7352941176471,687.5,-1,-1,1,-1,-1,-1
1510,35,706.2647058823529,631.5,-1,-1,1,-1,-1,-1
1510,36,952.4411764705883,671.5,-1,-1,1,-1,-1,-1
1511,35,722.1470588235294,623.5,-1,-1,1,-1,-1,-1
1511,36,976.2647058823529,671.5,-1,-1,1,-1,-1,-1
1512,35,745.9705882352941,623.5,-1,-1,1,-1,-1,-1
1512,36,1000.0882352941177,663.5,-1,-1,1,-1,-1,-1
1513,35,769.7941176470589,623.5,-1,-1,1,-1,-1,-1
1513,36,1023.9117647058824,663.5,-1,-1,1,-1,-1,-1
1514,35,785.6764705882354,623.5,-1,-1,1,-1,-1,-1
1514,36,1039.7941176470588,671.5,-1,-1,1,-1,-1,-1
1515,35,793.6176470588235,631.5,-1,-1,1,-1,-1,-1
1515,36,1055.6764705882354,679.5,-1,-1,1,-1,-1,-1
1516,35,801.5588235294118,631.5,-1,-1,1,-1,-1,-1
1516,36,1071.5588235294117,695.5,-1,-1,1,-1,-1,-1
1517,35,817.4411764705883,639.5,-1,-1,1,-1,-1,-1
1517,36,1079.5,695.5,-1,-1,1,-1,-1,-1
1518,35,825.3823529411765,639.5,-1,-1,1,-1,-1,-1
1518,36,1087.4411764705883,695.5,-1,-1,1,-1,-1,-1
1519,35,841.2647058823529,639.5,-1,-1,1,-1,-1,-1
1519,36,1103.3235294117646,695.5,-1,-1,1,-1,-1,-1
1520,35,857.1470588235294,631.5,-1,-1,1,-1,-1,-1
1520,36,1127.1470588235295,695.5,-1,-1,1,-1,-1,-1
1521,35,888.9117647058824,639.5,-1,-1,1,-1,-1,-1
1521,36,1150.9705882352941,695.5,-1,-1,1,-1,-1,-1
1522,35,920.6764705882354,639.5,-1,-1,1,-1,-1,-1
1522,36,1182.735294117647,695.5,-1,-1,1,-1,-1,-1
1523,35,960.3823529411765,639.5,-1,-1,1,-1,-1,-1
1523,36,1222.4411764705883,695.5,-1,-1,1,-1,-1,-1
1524,35,1008.0294117647059,639.5,-1,-1,1,-1,-1,-1
1524,36,1270.0882352941176,695.5,-1,-1,1,-1,-1,-1
1525,35,1063.6176470588236,631.5,-1,-1,1,-1,-1,-1
1525,36,1325.6764705882354,695.5,-1,-1,1,-1,-1,-1
1526,35,1111.264705882353,623.5,-1,-1,1,-1,-1,-1
1527,35,1166.8529411764707,615.5,-1,-1,1,-1,-1,-1
1528,35,1222.4411764705883,607.5,-1,-1,1,-1,-1,-1
1528,36,1500.3823529411766,663.5,-1,-1,1,-1,-1,-1
1529,35,1278.0294117647059,607.5,-1,-1,1,-1,-1,-1
1529,36,1555.9705882352941,655.5,-1,-1,1,-1,-1,-1
1530,35,1333.6176470588236,607.5,-1,-1,1,-1,-1,-1
1531,35,1381.264705882353,607.5,-1,-1,1,-1,-1,-1
1532,35,1428.9117647058824,615.5,-1,-1,1,-1,-1,-1
1533,35,1484.5,615.5,-1,-1,1,-1,-1,-1
1534,35,1548.0294117647059,623.5,-1,-1,1,-1,-1,-1
1535,35,1603.6176470588236,623.5,-1,-1,1,-1,-1,-1
1536,35,1659.2058823529412,631.5,-1,-1,1,-1,-1,-1
1537,35,1714.7941176470588,639.5,-1,-1,1,-1,-1,-1
1538,35,1762.4411764705883,639.5,-1,-1,1,-1,-1,-1
1539,35,1810.0882352941178,639.5,-1,-1,1,-1,-1,-1
1540,35,1849.7941176470588,639.5,-1,-1,1,-1,-1,-1
1560,37,70.97058823529412,551.5,-1,-1,1,-1,-1,-1
1561,37,110.6764705882353,543.5,-1,-1,1,-1,-1,-1
1562,37,134.5,535.5,-1,-1,1,-1,-1,-1
1563,37,174.2058823529412,527.5,-1,-1,1,-1,-1,-1
1564,37,213.91176470588235,527.5,-1,-1,1,-1,-1,-1
1565,37,245.6764705882353,535.5,-1,-1,1,-1,-1,-1
1566,37,285.38235294117646,535.5,-1,-1,1,-1,-1,-1
1567,37,309.20588235294116,551.5,-1,-1,1,-1,-1,-1
1568,37,340.97058823529414,543.5,-1,-1,1,-1,-1,-1
1569,37,372.7352941176471,559.5,-1,-1,1,-1,-1,-1
1570,37,412.44117647058823,567.5,-1,-1,1,-1,-1,-1
1571,37,452.14705882352945,575.5,-1,-1,1,-1,-1,-1
1572,37,491.8529411764706,583.5,-1,-1,1,-1,-1,-1
1573,37,523.6176470588235,591.5,-1,-1,1,-1,-1,-1
1574,37,563.3235294117648,599.5,-1,-1,1,-1,-1,-1
1575,37,603.0294117647059,599.5,-1,-1,1,-1,-1,-1
1576,37,634.7941176470588,607.5,-1,-1,1,-1,-1,-1
1577,37,666.5588235294118,599.5,-1,-1,1,-1,-1,-1
1578,37,706.2647058823529,599.5,-1,-1,1,-1,-1,-1
1579,37,753.9117647058823,591.5,-1,-1,1,-1,-1,-1
1580,37,809.5,591.5,-1,-1,1,-1,-1,-1
1581,37,865.0882352941177,591.5,-1,-1,1,-1,-1,-1
1582,37,912.7352941176471,591.5,-1,-1,1,-1,-1,-1
1583,37,952.4411764705883,583.5,-1,-1,1,-1,-1,-1
1584,37,992.1470588235294,575.5,-1,-1,1,-1,-1,-1
1585,37,1015.9705882352941,567.5,-1,-1,1,-1,-1,-1
1586,37,1055.6764705882354,559.5,-1,-1,1,-1,-1,-1
1587,37,1079.5,559.5,-1,-1,1,-1,-1,-1
1588,37,1119.2058823529412,559.5,-1,-1,1,-1,-1,-1
1589,37,1166.8529411764707,559.5,-1,-1,1,-1,-1,-1
1590,37,1238.3235294117646,551.5,-1,-1,1,-1,-1,-1
1591,37,1317.735294117647,543.5,-1,-1,1,-1,-1,-1
1592,37,1420.9705882352941,535.5,-1,-1,1,-1,-1,-1
1593,37,1516.264705882353,519.5,-1,-1,1,-1,-1,-1
1594,37,1643.3235294117646,503.5,-1,-1,1,-1,-1,-1
1595,37,1770.3823529411766,495.5,-1,-1,1,-1,-1,-1
1649,38,722.1470588235294,623.5,-1,-1,1,-1,-1,-1
1651,38,777.7352941176471,631.5,-1,-1,1,-1,-1,-1
1654,38,880.9705882352941,639.5,-1,-1,1,-1,-1,-1
1656,38,928.6176470588235,647.5,-1,-1,1,-1,-1,-1
1657,38,944.5,647.5,-1,-1,1,-1,-1,-1
1658,38,960.3823529411765,639.5,-1,-1,1,-1,-1,-1
1659,38,984.2058823529412,631.5,-1,-1,1,-1,-1,-1
1660,38,1008.0294117647059,623.5,-1,-1,1,-1,-1,-1
1661,38,1047.735294117647,607.5,-1,-1,1,-1,-1,-1
1662,38,1103.3235294117646,607.5,-1,-1,1,-1,-1,-1
1663,38,1158.9117647058824,599.5,-1,-1,1,-1,-1,-1
1664,38,1198.6176470588236,599.5,-1,-1,1,-1,-1,-1
1665,38,1254.2058823529412,599.5,-1,-1,1,-1,-1,-1
1666,38,1309.7941176470588,607.5,-1,-1,1,-1,-1,-1
1667,38,1365.3823529411766,615.5,-1,-1,1,-1,-1,-1
1668,38,1436.8529411764707,631.5,-1,-1,1,-1,-1,-1
1669,38,1500.3823529411766,639.5,-1,-1,1,-1,-1,-1
1670,38,1563.9117647058824,647.5,-1,-1,1,-1,-1,-1
1671,38,1635.3823529411766,655.5,-1,-1,1,-1,-1,-1
1672,38,1722.735294117647,655.5,-1,-1,1,-1,-1,-1
1673,38,1802.1470588235295,663.5,-1,-1,1,-1,-1,-1
1674,38,1857.735294117647,655.5,-1,-1,1,-1,-1,-1
1786,39,436.2647058823529,567.5,-1,-1,1,-1,-1,-1
1787,39,452.14705882352945,559.5,-1,-1,1,-1,-1,-1
1788,39,483.9117647058824,559.5,-1,-1,1,-1,-1,-1
1789,39,491.8529411764706,567.5,-1,-1,1,-1,-1,-1
1790,39,515.6764705882354,567.5,-1,-1,1,-1,-1,-1
1791,39,555.3823529411765,567.5,-1,-1,1,-1,-1,-1
1792,39,587.1470588235294,575.5,-1,-1,1,-1,-1,-1
1793,39,634.7941176470588,575.5,-1,-1,1,-1,-1,-1
1794,39,682.4411764705883,575.5,-1,-1,1,-1,-1,-1
1795,39,722.1470588235294,583.5,-1,-1,1,-1,-1,-1
1796,39,761.8529411764706,583.5,-1,-1,1,-1,-1,-1
1797,39,793.6176470588235,583.5,-1,-1,1,-1,-1,-1
1798,39,825.3823529411765,583.5,-1,-1,1,-1,-1,-1
1799,39,857.1470588235294,583.5,-1,-1,1,-1,-1,-1
1800,39,873.0294117647059,583.5,-1,-1,1,-1,-1,-1
1801,39,896.8529411764706,591.5,-1,-1,1,-1,-1,-1
1802,39,912.7352941176471,591.5,-1,-1,1,-1,-1,-1
1803,39,928.6176470588235,591.5,-1,-1,1,-1,-1,-1
1804,39,936.5588235294118,599.5,-1,-1,1,-1,-1,-1
1805,39,960.3823529411765,599.5,-1,-1,1,-1,-1,-1
1806,39,984.2058823529412,607.5,-1,-1,1,-1,-1,-1
1945,40,340.97058823529414,495.5,-1,-1,1,-1,-1,-1
1946,40,380.6764705882353,503.5,-1,-1,1,-1,-1,-1
1947,40,428.3235294117647,503.5,-1,-1,1,-1,-1,-1
1948,40,468.0294117647059,503.5,-1,-1,1,-1,-1,-1
1949,40,507.7352941176471,503.5,-1,-1,1,-1,-1,-1
1951,40,579.2058823529412,495.5,-1,-1,1,-1,-1,-1
1952,40,618.9117647058823,487.5,-1,-1,1,-1,-1,-1
1953,40,650.6764705882354,471.5,-1,-1,1,-1,-1,-1
1954,40,690.3823529411765,463.5,-1,-1,1,-1,-1,-1
1955,40,730.0882352941177,447.5,-1,-1,1,-1,-1,-1
1956,40,761.8529411764706,439.5,-1,-1,1,-1,-1,-1
1957,40,801.5588235294118,431.5,-1,-1,1,-1,-1,-1
1958,40,825.3823529411765,415.5,-1,-1,1,-1,-1,-1
1959,40,865.0882352941177,415.5,-1,-1,1,-1,-1,-1
1960,40,896.8529411764706,407.5,-1,-1,1,-1,-1,-1
1961,40,928.6176470588235,407.5,-1,-1,1,-1,-1,-1
1962,40,952.4411764705883,407.5,-1,-1,1,-1,-1,-1
1963,40,984.2058823529412,407.5,-1,-1,1,-1,-1,-1
1964,40,1008.0294117647059,415.5,-1,-1,1,-1,-1,-1
1965,40,1023.9117647058824,423.5,-1,-1,1,-1,-1,-1
1966,40,1047.735294117647,431.5,-1,-1,1,-1,-1,-1
1967,40,1071.5588235294117,431.5,-1,-1,1,-1,-1,-1
1968,40,1095.3823529411766,439.5,-1,-1,1,-1,-1,-1
1969,40,1127.1470588235295,439.5,-1,-1,1,-1,-1,-1
1970,40,1158.9117647058824,439.5,-1,-1,1,-1,-1,-1
1971,40,1198.6176470588236,447.5,-1,-1,1,-1,-1,-1
1972,40,1246.264705882353,447.5,-1,-1,1,-1,-1,-1
1973,40,1278.0294117647059,447.5,-1,-1,1,-1,-1,-1
1974,40,1325.6764705882354,447.5,-1,-1,1,-1,-1,-1
1975,40,1365.3823529411766,455.5,-1,-1,1,-1,-1,-1
1976,40,1413.0294117647059,455.5,-1,-1,1,-1,-1,-1
2084,41,912.7352941176471,535.5,-1,-1,1,-1,-1,-1
2085,41,920.6764705882354,543.5,-1,-1,1,-1,-1,-1
2086,41,944.5,551.5,-1,-1,1,-1,-1,-1
2087,41,952.4411764705883,559.5,-1,-1,1,-1,-1,-1
2088,41,968.3235294117648,567.5,-1,-1,1,-1,-1,-1
2089,41,984.2058823529412,567.5,-1,-1,1,-1,-1,-1
2090,41,1008.0294117647059,567.5,-1,-1,1,-1,-1,-1
2091,41,1031.8529411764707,567.5,-1,-1,1,-1,-1,-1
2092,41,1047.735294117647,567.5,-1,-1,1,-1,-1,-1
2093,41,1071.5588235294117,567.5,-1,-1,1,-1,-1,-1
2094,41,1095.3823529411766,567.5,-1,-1,1,-1,-1,-1
2095,41,1111.264705882353,575.5,-1,-1,1,-1,-1,-1
2096,41,1127.1470588235295,575.5,-1,-1,1,-1,-1,-1
2097,41,1135.0882352941176,575.5,-1,-1,1,-1,-1,-1
2098,41,1150.9705882352941,567.5,-1,-1,1,-1,-1,-1
2099,41,1166.8529411764707,567.5,-1,-1,1,-1,-1,-1
2100,41,1174.7941176470588,567.5,-1,-1,1,-1,-1,-1
2101,41,1190.6764705882354,559.5,-1,-1,1,-1,-1,-1
2102,41,1222.4411764705883,567.5,-1,-1,1,-1,-1,-1
2103,41,1246.264705882353,551.5,-1,-1,1,-1,-1,-1
2104,41,1270.0882352941176,551.5,-1,-1,1,-1,-1,-1
2105,41,1301.8529411764707,543.5,-1,-1,1,-1,-1,-1
2106,41,1341.5588235294117,543.5,-1,-1,1,-1,-1,-1
2107,41,1373.3235294117646,535.5,-1,-1,1,-1,-1,-1
2108,41,1397.1470588235295,535.5,-1,-1,1,-1,-1,-1
2109,41,1428.9117647058824,535.5,-1,-1,1,-1,-1,-1
2110,41,1452.735294117647,535.5,-1,-1,1,-1,-1,-1
2111,41,1484.5,527.5,-1,-1,1,-1,-1,-1
2112,41,1508.3235294117646,535.5,-1,-1,1,-1,-1,-1
2113,41,1532.1470588235295,535.5,-1,-1,1,-1,-1,-1
2115,41,1548.0294117647059,543.5,-1,-1,1,-1,-1,-1
2116,41,1548.0294117647059,543.5,-1,-1,1,-1,-1,-1
2117,41,1548.0294117647059,543.5,-1,-1,1,-1,-1,-1
2118,41,1548.0294117647059,543.5,-1,-1,1,-1,-1,-1
2119,41,1563.9117647058824,551.5,-1,-1,1,-1,-1,-1
2120,41,1587.735294117647,543.5,-1,-1,1,-1,-1,-1
2434,42,563.3235294117648,535.5,-1,-1,1,-1,-1,-1
2435,42,618.9117647058823,535.5,-1,-1,1,-1,-1,-1
2436,42,666.5588235294118,543.5,-1,-1,1,-1,-1,-1
2437,42,714.2058823529412,559.5,-1,-1,1,-1,-1,-1
2438,42,769.7941176470589,551.5,-1,-1,1,-1,-1,-1
2439,42,825.3823529411765,551.5,-1,-1,1,-1,-1,-1
2440,42,880.9705882352941,551.5,-1,-1,1,-1,-1,-1
2441,42,944.5,559.5,-1,-1,1,-1,-1,-1
2442,42,1000.0882352941177,559.5,-1,-1,1,-1,-1,-1
2443,42,1047.735294117647,559.5,-1,-1,1,-1,-1,-1
2444,42,1111.264705882353,551.5,-1,-1,1,-1,-1,-1
2445,42,1166.8529411764707,551.5,-1,-1,1,-1,-1,-1
2446,42,1222.4411764705883,543.5,-1,-1,1,-1,-1,-1
2447,42,1278.0294117647059,535.5,-1,-1,1,-1,-1,-1
2448,42,1333.6176470588236,527.5,-1,-1,1,-1,-1,-1
2449,42,1389.2058823529412,519.5,-1,-1,1,-1,-1,-1
2450,42,1452.735294117647,511.5,-1,-1,1,-1,-1,-1
2451,42,1508.3235294117646,503.5,-1,-1,1,-1,-1,-1
2452,42,1548.0294117647059,503.5,-1,-1,1,-1,-1,-1
2453,42,1603.6176470588236,519.5,-1,-1,1,-1,-1,-1
2454,42,1659.2058823529412,503.5,-1,-1,1,-1,-1,-1
2455,42,1706.8529411764707,511.5,-1,-1,1,-1,-1,-1
2456,42,1762.4411764705883,503.5,-1,-1,1,-1,-1,-1
2457,42,1810.0882352941178,511.5,-1,-1,1,-1,-1,-1
2458,42,1865.6764705882354,511.5,-1,-1,1,-1,-1,-1
2476,43,86.8529411764706,543.5,-1,-1,1,-1,-1,-1
2477,43,158.3235294117647,543.5,-1,-1,1,-1,-1,-1
2478,43,229.79411764705884,543.5,-1,-1,1,-1,-1,-1
2479,43,293.3235294117647,551.5,-1,-1,1,-1,-1,-1
2480,43,356.8529411764706,559.5,-1,-1,1,-1,-1,-1
2481,43,412.44117647058823,559.5,-1,-1,1,-1,-1,-1
2482,43,460.0882352941177,567.5,-1,-1,1,-1,-1,-1
2483,43,515.6764705882354,575.5,-1,-1,1,-1,-1,-1
2484,43,571.2647058823529,583.5,-1,-1,1,-1,-1,-1
2485,43,618.9117647058823,583.5,-1,-1,1,-1,-1,-1
2486,43,666.5588235294118,583.5,-1,-1,1,-1,-1,-1
2487,43,714.2058823529412,583.5,-1,-1,1,-1,-1,-1
2488,43,761.8529411764706,583.5,-1,-1,1,-1,-1,-1
2489,43,809.5,575.5,-1,-1,1,-1,-1,-1
2490,43,849.2058823529412,575.5,-1,-1,1,-1,-1,-1
2491,43,888.9117647058824,575.5,-1,-1,1,-1,-1,-1
2492,43,928.6176470588235,567.5,-1,-1,1,-1,-1,-1
2493,43,984.2058823529412,567.5,-1,-1,1,-1,-1,-1
2494,43,1039.7941176470588,559.5,-1,-1,1,-1,-1,-1
2495,43,1095.3823529411766,551.5,-1,-1,1,-1,-1,-1
2496,43,1150.9705882352941,551.5,-1,-1,1,-1,-1,-1
2497,43,1214.5,551.5,-1,-1,1,-1,-1,-1
2498,43,1285.9705882352941,551.5,-1,-1,1,-1,-1,-1
2499,43,1357.4411764705883,551.5,-1,-1,1,-1,-1,-1
2500,43,1428.9117647058824,551.5,-1,-1,1,-1,-1,-1
2501,43,1492.4411764705883,551.5,-1,-1,1,-1,-1,-1
2502,43,1563.9117647058824,559.5,-1,-1,1,-1,-1,-1
2503,43,1643.3235294117646,567.5,-1,-1,1,-1,-1,-1
2504,43,1714.7941176470588,575.5,-1,-1,1,-1,-1,-1
2505,43,1786.264705882353,583.5,-1,-1,1,-1,-1,-1
2506,43,1857.735294117647,575.5,-1,-1,1,-1,-1,-1
2568,44,372.7352941176471,639.5,-1,-1,1,-1,-1,-1
2570,44,404.5,663.5,-1,-1,1,-1,-1,-1
2571,44,388.61764705882354,663.5,-1,-1,1,-1,-1,-1
2572,44,388.61764705882354,671.5,-1,-1,1,-1,-1,-1
2573,44,380.6764705882353,663.5,-1,-1,1,-1,-1,-1
2574,44,388.61764705882354,671.5,-1,-1,1,-1,-1,-1
2575,44,388.61764705882354,671.5,-1,-1,1,-1,-1,-1
2576,44,396.55882352941177,671.5,-1,-1,1,-1,-1,-1
2577,44,404.5,663.5,-1,-1,1,-1,-1,-1
2578,44,412.44117647058823,663.5,-1,-1,1,-1,-1,-1
2579,44,428.3235294117647,671.5,-1,-1,1,-1,-1,-1
2580,44,444.2058823529412,679.5,-1,-1,1,-1,-1,-1
2581,44,468.0294117647059,687.5,-1,-1,1,-1,-1,-1
2582,44,499.79411764705884,695.5,-1,-1,1,-1,-1,-1
2583,44,531.5588235294118,695.5,-1,-1,1,-1,-1,-1
2584,44,563.3235294117648,695.5,-1,-1,1,-1,-1,-1
2585,44,603.0294117647059,703.5,-1,-1,1,-1,-1,-1
2586,44,634.7941176470588,695.5,-1,-1,1,-1,-1,-1
2587,44,658.6176470588235,671.5,-1,-1,1,-1,-1,-1
2588,44,698.3235294117648,663.5,-1,-1,1,-1,-1,-1
2589,44,714.2058823529412,647.5,-1,-1,1,-1,-1,-1
2590,44,738.0294117647059,623.5,-1,-1,1,-1,-1,-1
2591,44,753.9117647058823,607.5,-1,-1,1,-1,-1,-1
2592,44,769.7941176470589,599.5,-1,-1,1,-1,-1,-1
2593,44,785.6764705882354,591.5,-1,-1,1,-1,-1,-1
2594,44,801.5588235294118,591.5,-1,-1,1,-1,-1,-1
2595,44,825.3823529411765,599.5,-1,-1,1,-1,-1,-1
2596,44,833.3235294117648,607.5,-1,-1,1,-1,-1,-1
2597,44,833.3235294117648,607.5,-1,-1,1,-1,-1,-1
2598,44,833.3235294117648,607.5,-1,-1,1,-1,-1,-1
2599,44,833.3235294117648,599.5,-1,-1,1,-1,-1,-1
2600,44,849.2058823529412,591.5,-1,-1,1,-1,-1,-1
2601,44,865.0882352941177,583.5,-1,-1,1,-1,-1,-1
2602,44,888.9117647058824,583.5,-1,-1,1,-1,-1,-1
2603,44,904.7941176470589,583.5,-1,-1,1,-1,-1,-1
2604,44,936.5588235294118,583.5,-1,-1,1,-1,-1,-1
2605,44,976.2647058823529,591.5,-1,-1,1,-1,-1,-1
2606,44,1023.9117647058824,599.5,-1,-1,1,-1,-1,-1
2607,44,1063.6176470588236,599.5,-1,-1,1,-1,-1,-1
2608,44,1103.3235294117646,623.5,-1,-1,1,-1,-1,-1
2609,44,1143.0294117647059,655.5,-1,-1,1,-1,-1,-1
2610,44,1198.6176470588236,679.5,-1,-1,1,-1,-1,-1
2611,44,1246.264705882353,711.5,-1,-1,1,-1,-1,-1
2612,44,1341.5588235294117,751.5,-1,-1,1,-1,-1,-1
2613,44,1413.0294117647059,743.5,-1,-1,1,-1,-1,-1
2614,44,1492.4411764705883,719.5,-1,-1,1,-1,-1,-1
2615,44,1571.8529411764707,703.5,-1,-1,1,-1,-1,-1
2616,44,1667.1470588235295,679.5,-1,-1,1,-1,-1,-1
2617,44,1778.3235294117649,679.5,-1,-1,1,-1,-1,-1
2649,45,70.97058823529412,583.5,-1,-1,1,-1,-1,-1
2650,45,110.6764705882353,591.5,-1,-1,1,-1,-1,-1
2651,45,142.44117647058823,591.5,-1,-1,1,-1,-1,-1
2652,45,182.14705882352942,591.5,-1,-1,1,-1,-1,-1
2653,45,229.79411764705884,591.5,-1,-1,1,-1,-1,-1
2654,45,277.44117647058823,599.5,-1,-1,1,-1,-1,-1
2655,45,317.1470588235294,599.5,-1,-1,1,-1,-1,-1
2656,45,348.9117647058824,599.5,-1,-1,1,-1,-1,-1
2657,45,380.6764705882353,599.5,-1,-1,1,-1,-1,-1
2658,45,404.5,591.5,-1,-1,1,-1,-1,-1
2659,45,444.2058823529412,591.5,-1,-1,1,-1,-1,-1
2660,45,483.9117647058824,591.5,-1,-1,1,-1,-1,-1
2661,45,531.5588235294118,599.5,-1,-1,1,-1,-1,-1
2662,45,563.3235294117648,615.5,-1,-1,1,-1,-1,-1
2663,45,595.0882352941177,623.5,-1,-1,1,-1,-1,-1
2664,45,634.7941176470588,631.5,-1,-1,1,-1,-1,-1
2665,45,674.5,639.5,-1,-1,1,-1,-1,-1
2666,45,722.1470588235294,647.5,-1,-1,1,-1,-1,-1
2667,45,761.8529411764706,655.5,-1,-1,1,-1,-1,-1
2668,45,801.5588235294118,663.5,-1,-1,1,-1,-1,-1
2669,45,841.2647058823529,655.5,-1,-1,1,-1,-1,-1
2670,45,865.0882352941177,639.5,-1,-1,1,-1,-1,-1
2671,45,912.7352941176471,631.5,-1,-1,1,-1,-1,-1
2672,45,960.3823529411765,623.5,-1,-1,1,-1,-1,-1
2673,45,1008.0294117647059,615.5,-1,-1,1,-1,-1,-1
2674,45,1071.5588235294117,615.5,-1,-1,1,-1,-1,-1
2675,45,1143.0294117647059,591.5,-1,-1,1,-1,-1,-1
2676,45,1206.5588235294117,599.5,-1,-1,1,-1,-1,-1
2677,45,1278.0294117647059,599.5,-1,-1,1,-1,-1,-1
2678,45,1357.4411764705883,591.5,-1,-1,1,-1,-1,-1
2679,45,1444.7941176470588,599.5,-1,-1,1,-1,-1,-1
2680,45,1524.2058823529412,607.5,-1,-1,1,-1,-1,-1
2681,45,1619.5,615.5,-1,-1,1,-1,-1,-1
2682,45,1698.9117647058824,631.5,-1,-1,1,-1,-1,-1
2683,45,1786.264705882353,639.5,-1,-1,1,-1,-1,-1
2684,45,1865.6764705882354,655.5,-1,-1,1,-1,-1,-1
2836,46,55.08823529411765,367.5,-1,-1,1,-1,-1,-1
2837,46,150.38235294117646,399.5,-1,-1,1,-1,-1,-1
2838,46,253.61764705882354,423.5,-1,-1,1,-1,-1,-1
2839,46,396.55882352941177,471.5,-1,-1,1,-1,-1,-1
2840,46,563.3235294117648,495.5,-1,-1,1,-1,-1,-1
2841,46,650.6764705882354,551.5,-1,-1,1,-1,-1,-1
2841,47,142.44117647058823,335.5,-1,-1,1,-1,-1,-1
2842,46,761.8529411764706,559.5,-1,-1,1,-1,-1,-1
2842,47,205.97058823529412,351.5,-1,-1,1,-1,-1,-1
2843,46,841.2647058823529,567.5,-1,-1,1,-1,-1,-1
2843,47,269.5,367.5,-1,-1,1,-1,-1,-1
2844,46,944.5,591.5,-1,-1,1,-1,-1,-1
2844,47,356.8529411764706,375.5,-1,-1,1,-1,-1,-1
2845,46,1071.5588235294117,631.5,-1,-1,1,-1,-1,-1
2845,47,420.38235294117646,415.5,-1,-1,1,-1,-1,-1
2846,46,1174.7941176470588,679.5,-1,-1,1,-1,-1,-1
2846,47,523.6176470588235,455.5,-1,-1,1,-1,-1,-1
2847,46,1285.9705882352941,719.5,-1,-1,1,-1,-1,-1
2847,47,595.0882352941177,511.5,-1,-1,1,-1,-1,-1
2848,46,1397.1470588235295,735.5,-1,-1,1,-1,-1,-1
2848,47,682.4411764705883,519.5,-1,-1,1,-1,-1,-1
2849,47,753.9117647058823,527.5,-1,-1,1,-1,-1,-1
2863,48,1238.3235294117646,175.5,-1,-1,1,-1,-1,-1
2864,48,1341.5588235294117,199.5,-1,-1,1,-1,-1,-1
2866,48,1174.7941176470588,647.5,-1,-1,1,-1,-1,-1
2867,48,1301.8529411764707,623.5,-1,-1,1,-1,-1,-1
2868,48,1428.9117647058824,631.5,-1,-1,1,-1,-1,-1
2869,48,1555.9705882352941,631.5,-1,-1,1,-1,-1,-1
2870,48,1667.1470588235295,631.5,-1,-1,1,-1,-1,-1
2887,49,47.14705882352941,687.5,-1,-1,1,-1,-1,-1
2888,49,102.73529411764706,687.5,-1,-1,1,-1,-1,-1
2889,49,174.2058823529412,687.5,-1,-1,1,-1,-1,-1
2890,49,237.73529411764707,687.5,-1,-1,1,-1,-1,-1
2891,49,293.3235294117647,679.5,-1,-1,1,-1,-1,-1
2892,49,348.9117647058824,679.5,-1,-1,1,-1,-1,-1
2893,49,404.5,679.5,-1,-1,1,-1,-1,-1
2894,49,317.1470588235294,519.5,-1,-1,1,-1,-1,-1
2895,49,372.7352941176471,503.5,-1,-1,1,-1,-1,-1
2896,49,428.3235294117647,527.5,-1,-1,1,-1,-1,-1
2897,49,491.8529411764706,527.5,-1,-1,1,-1,-1,-1
2898,49,571.2647058823529,519.5,-1,-1,1,-1,-1,-1
2899,49,634.7941176470588,487.5,-1,-1,1,-1,-1,-1
2900,49,714.2058823529412,543.5,-1,-1,1,-1,-1,-1
2901,49,753.9117647058823,559.5,-1,-1,1,-1,-1,-1
2902,49,817.4411764705883,543.5,-1,-1,1,-1,-1,-1
2903,49,857.1470588235294,503.5,-1,-1,1,-1,-1,-1
2904,49,920.6764705882354,519.5,-1,-1,1,-1,-1,-1
2905,49,1015.9705882352941,607.5,-1,-1,1,-1,-1,-1
2906,49,1143.0294117647059,655.5,-1,-1,1,-1,-1,-1
2907,49,1238.3235294117646,671.5,-1,-1,1,-1,-1,-1
2908,49,1325.6764705882354,671.5,-1,-1,1,-1,-1,-1
2909,49,1452.735294117647,679.5,-1,-1,1,-1,-1,-1
2910,49,1516.264705882353,535.5,-1,-1,1,-1,-1,-1
2911,49,1667.1470588235295,559.5,-1,-1,1,-1,-1,-1
2912,49,1833.9117647058824,735.5,-1,-1,1,-1,-1,-1
2925,50,507.7352941176471,271.5,-1,-1,1,-1,-1,-1
2926,50,571.2647058823529,271.5,-1,-1,1,-1,-1,-1
2927,50,634.7941176470588,271.5,-1,-1,1,-1,-1,-1
2928,50,698.3235294117648,287.5,-1,-1,1,-1,-1,-1
2928,51,102.73529411764706,503.5,-1,-1,1,-1,-1,-1
2929,51,174.2058823529412,519.5,-1,-1,1,-1,-1,-1
2930,50,817.4411764705883,327.5,-1,-1,1,-1,-1,-1
2930,51,78.91176470588235,575.5,-1,-1,1,-1,-1,-1
2931,50,873.0294117647059,343.5,-1,-1,1,-1,-1,-1
2931,51,301.2647058823529,567.5,-1,-1,1,-1,-1,-1
2932,51,166.26470588235296,631.5,-1,-1,1,-1,-1,-1
2933,51,221.8529411764706,647.5,-1,-1,1,-1,-1,-1
2934,51,229.79411764705884,671.5,-1,-1,1,-1,-1,-1
2935,51,237.73529411764707,695.5,-1,-1,1,-1,-1,-1
2936,51,277.44117647058823,703.5,-1,-1,1,-1,-1,-1
2937,51,309.20588235294116,711.5,-1,-1,1,-1,-1,-1
2938,51,356.8529411764706,719.5,-1,-1,1,-1,-1,-1
2939,51,404.5,727.5,-1,-1,1,-1,-1,-1
2940,51,460.0882352941177,719.5,-1,-1,1,-1,-1,-1
2941,51,523.6176470588235,711.5,-1,-1,1,-1,-1,-1
2942,51,595.0882352941177,703.5,-1,-1,1,-1,-1,-1
2943,51,650.6764705882354,695.5,-1,-1,1,-1,-1,-1
2944,51,714.2058823529412,687.5,-1,-1,1,-1,-1,-1
2945,51,777.7352941176471,671.5,-1,-1,1,-1,-1,-1
2946,51,849.2058823529412,663.5,-1,-1,1,-1,-1,-1
2947,51,920.6764705882354,647.5,-1,-1,1,-1,-1,-1
2948,51,984.2058823529412,639.5,-1,-1,1,-1,-1,-1
2949,50,1698.9117647058824,335.5,-1,-1,1,-1,-1,-1
2949,51,1063.6176470588236,631.5,-1,-1,1,-1,-1,-1
2950,50,1762.4411764705883,327.5,-1,-1,1,-1,-1,-1
2950,51,1135.0882352941176,631.5,-1,-1,1,-1,-1,-1
2951,51,1206.5588235294117,623.5,-1,-1,1,-1,-1,-1
2952,51,1278.0294117647059,607.5,-1,-1,1,-1,-1,-1
2953,51,1349.5,607.5,-1,-1,1,-1,-1,-1
2954,51,1428.9117647058824,599.5,-1,-1,1,-1,-1,-1
2955,51,1500.3823529411766,607.5,-1,-1,1,-1,-1,-1
2956,51,1579.7941176470588,599.5,-1,-1,1,-1,-1,-1
2957,51,1659.2058823529412,607.5,-1,-1,1,-1,-1,-1
2958,51,1746.5588235294117,599.5,-1,-1,1,-1,-1,-1
2959,51,1436.8529411764707,463.5,-1,-1,1,-1,-1,-1
2960,51,1508.3235294117646,447.5,-1,-1,1,-1,-1,-1
2961,51,1571.8529411764707,447.5,-1,-1,1,-1,-1,-1
2962,51,1643.3235294117646,431.5,-1,-1,1,-1,-1,-1
2964,51,1818.0294117647059,423.5,-1,-1,1,-1,-1,-1
2966,52,110.6764705882353,583.5,-1,-1,1,-1,-1,-1
2967,52,182.14705882352942,583.5,-1,-1,1,-1,-1,-1
2968,52,245.6764705882353,583.5,-1,-1,1,-1,-1,-1
2969,52,301.2647058823529,591.5,-1,-1,1,-1,-1,-1
2970,52,309.20588235294116,583.5,-1,-1,1,-1,-1,-1
2971,52,364.79411764705884,599.5,-1,-1,1,-1,-1,-1
2974,52,507.7352941176471,615.5,-1,-1,1,-1,-1,-1
2975,52,547.4411764705883,615.5,-1,-1,1,-1,-1,-1
2976,52,595.0882352941177,623.5,-1,-1,1,-1,-1,-1
2977,52,650.6764705882354,615.5,-1,-1,1,-1,-1,-1
2978,52,714.2058823529412,623.5,-1,-1,1,-1,-1,-1
2979,52,753.9117647058823,639.5,-1,-1,1,-1,-1,-1
2980,52,801.5588235294118,647.5,-1,-1,1,-1,-1,-1
2981,52,857.1470588235294,639.5,-1,-1,1,-1,-1,-1
2982,52,928.6176470588235,647.5,-1,-1,1,-1,-1,-1
2983,52,992.1470588235294,639.5,-1,-1,1,-1,-1,-1
2984,52,1063.6176470588236,639.5,-1,-1,1,-1,-1,-1
2985,52,1135.0882352941176,647.5,-1,-1,1,-1,-1,-1
2986,52,1206.5588235294117,647.5,-1,-1,1,-1,-1,-1
2987,52,1262.1470588235295,655.5,-1,-1,1,-1,-1,-1
2988,52,1333.6176470588236,655.5,-1,-1,1,-1,-1,-1
2989,52,1397.1470588235295,655.5,-1,-1,1,-1,-1,-1
2990,52,1468.6176470588236,655.5,-1,-1,1,-1,-1,-1
2991,52,1516.264705882353,655.5,-1,-1,1,-1,-1,-1
2992,52,1579.7941176470588,655.5,-1,-1,1,-1,-1,-1
2993,52,1643.3235294117646,647.5,-1,-1,1,-1,-1,-1
2994,52,1706.8529411764707,647.5,-1,-1,1,-1,-1,-1
2995,52,1770.3823529411766,639.5,-1,-1,1,-1,-1,-1
2996,52,1841.8529411764707,639.5,-1,-1,1,-1,-1,-1
2997,52,1865.6764705882354,639.5,-1,-1,1,-1,-1,-1
3090,53,507.7352941176471,615.5,-1,-1,1,-1,-1,-1
3091,53,547.4411764705883,623.5,-1,-1,1,-1,-1,-1
3092,53,579.2058823529412,623.5,-1,-1,1,-1,-1,-1
3093,53,618.9117647058823,631.5,-1,-1,1,-1,-1,-1
3094,53,674.5,639.5,-1,-1,1,-1,-1,-1
3095,53,730.0882352941177,639.5,-1,-1,1,-1,-1,-1
3097,53,801.5588235294118,663.5,-1,-1,1,-1,-1,-1
3098,53,857.1470588235294,663.5,-1,-1,1,-1,-1,-1
3099,53,904.7941176470589,671.5,-1,-1,1,-1,-1,-1
3100,53,952.4411764705883,671.5,-1,-1,1,-1,-1,-1
3102,53,1055.6764705882354,695.5,-1,-1,1,-1,-1,-1
3104,53,1150.9705882352941,695.5,-1,-1,1,-1,-1,-1
3105,53,1198.6176470588236,695.5,-1,-1,1,-1,-1,-1
3183,54,94.79411764705883,543.5,-1,-1,1,-1,-1,-1
3184,54,142.44117647058823,543.5,-1,-1,1,-1,-1,-1
3185,54,182.14705882352942,543.5,-1,-1,1,-1,-1,-1
3186,54,229.79411764705884,543.5,-1,-1,1,-1,-1,-1
3187,54,269.5,551.5,-1,-1,1,-1,-1,-1
3189,54,333.0294117647059,559.5,-1,-1,1,-1,-1,-1
3198,54,738.0294117647059,583.5,-1,-1,1,-1,-1,-1
3199,54,769.7941176470589,583.5,-1,-1,1,-1,-1,-1
3213,55,174.2058823529412,703.5,-1,-1,1,-1,-1,-1
3214,55,229.79411764705884,711.5,-1,-1,1,-1,-1,-1
3215,55,293.3235294117647,727.5,-1,-1,1,-1,-1,-1
3216,55,364.79411764705884,735.5,-1,-1,1,-1,-1,-1
3217,55,539.5,567.5,-1,-1,1,-1,-1,-1
3220,55,745.9705882352941,839.5,-1,-1,1,-1,-1,-1
3221,55,753.9117647058823,551.5,-1,-1,1,-1,-1,-1
3222,55,793.6176470588235,551.5,-1,-1,1,-1,-1,-1
3223,55,841.2647058823529,551.5,-1,-1,1,-1,-1,-1
3224,55,888.9117647058824,551.5,-1,-1,1,-1,-1,-1
3225,55,936.5588235294118,559.5,-1,-1,1,-1,-1,-1
3226,55,976.2647058823529,559.5,-1,-1,1,-1,-1,-1
3227,55,1015.9705882352941,559.5,-1,-1,1,-1,-1,-1
3228,55,1063.6176470588236,559.5,-1,-1,1,-1,-1,-1
3229,55,1119.2058823529412,567.5,-1,-1,1,-1,-1,-1
3230,55,1166.8529411764707,567.5,-1,-1,1,-1,-1,-1
3231,55,1230.3823529411766,559.5,-1,-1,1,-1,-1,-1
3232,55,1285.9705882352941,551.5,-1,-1,1,-1,-1,-1
3233,55,1357.4411764705883,543.5,-1,-1,1,-1,-1,-1
3234,55,1436.8529411764707,527.5,-1,-1,1,-1,-1,-1
3234,56,706.2647058823529,575.5,-1,-1,1,-1,-1,-1
3235,55,1508.3235294117646,511.5,-1,-1,1,-1,-1,-1
3235,56,809.5,567.5,-1,-1,1,-1,-1,-1
3236,55,1587.735294117647,503.5,-1,-1,1,-1,-1,-1
3236,56,912.7352941176471,551.5,-1,-1,1,-1,-1,-1
3237,55,1690.9705882352941,495.5,-1,-1,1,-1,-1,-1
3237,56,1008.0294117647059,543.5,-1,-1,1,-1,-1,-1
3238,55,1786.264705882353,487.5,-1,-1,1,-1,-1,-1
3238,56,1111.264705882353,535.5,-1,-1,1,-1,-1,-1
3239,56,1214.5,527.5,-1,-1,1,-1,-1,-1
3240,56,1309.7941176470588,519.5,-1,-1,1,-1,-1,-1
3314,57,70.97058823529412,623.5,-1,-1,1,-1,-1,-1
3315,57,126.55882352941177,631.5,-1,-1,1,-1,-1,-1
3316,57,190.08823529411765,631.5,-1,-1,1,-1,-1,-1
3317,57,253.61764705882354,631.5,-1,-1,1,-1,-1,-1
3318,57,309.20588235294116,639.5,-1,-1,1,-1,-1,-1
3319,57,372.7352941176471,639.5,-1,-1,1,-1,-1,-1
3320,57,436.2647058823529,639.5,-1,-1,1,-1,-1,-1
3321,57,499.79411764705884,639.5,-1,-1,1,-1,-1,-1
3322,57,571.2647058823529,647.5,-1,-1,1,-1,-1,-1
3323,57,634.7941176470588,647.5,-1,-1,1,-1,-1,-1
3324,57,706.2647058823529,647.5,-1,-1,1,-1,-1,-1
3325,57,769.7941176470589,639.5,-1,-1,1,-1,-1,-1
3326,57,833.3235294117648,639.5,-1,-1,1,-1,-1,-1
3327,57,888.9117647058824,631.5,-1,-1,1,-1,-1,-1
3328,57,952.4411764705883,631.5,-1,-1,1,-1,-1,-1
3329,57,984.2058823529412,647.5,-1,-1,1,-1,-1,-1
3330,57,1023.9117647058824,639.5,-1,-1,1,-1,-1,-1
3331,57,1071.5588235294117,647.5,-1,-1,1,-1,-1,-1
3332,57,1111.264705882353,647.5,-1,-1,1,-1,-1,-1
3333,57,1158.9117647058824,631.5,-1,-1,1,-1,-1,-1
3334,57,1214.5,623.5,-1,-1,1,-1,-1,-1
3335,57,1293.9117647058824,615.5,-1,-1,1,-1,-1,-1
3336,57,1373.3235294117646,639.5,-1,-1,1,-1,-1,-1
3337,57,1460.6764705882354,631.5,-1,-1,1,-1,-1,-1
3338,57,1532.1470588235295,607.5,-1,-1,1,-1,-1,-1
3339,57,1611.5588235294117,591.5,-1,-1,1,-1,-1,-1
3340,57,1683.0294117647059,575.5,-1,-1,1,-1,-1,-1
3341,57,1770.3823529411766,559.5,-1,-1,1,-1,-1,-1
3342,57,1841.8529411764707,543.5,-1,-1,1,-1,-1,-1
3459,58,39.205882352941174,655.5,-1,-1,1,-1,-1,-1
3460,58,86.8529411764706,663.5,-1,-1,1,-1,-1,-1
3461,58,126.55882352941177,663.5,-1,-1,1,-1,-1,-1
3462,58,190.08823529411765,663.5,-1,-1,1,-1,-1,-1
3463,58,245.6764705882353,663.5,-1,-1,1,-1,-1,-1
3464,58,301.2647058823529,663.5,-1,-1,1,-1,-1,-1
3465,58,356.8529411764706,663.5,-1,-1,1,-1,-1,-1
3466,58,428.3235294117647,663.5,-1,-1,1,-1,-1,-1
3467,58,483.9117647058824,663.5,-1,-1,1,-1,-1,-1
3468,58,539.5,671.5,-1,-1,1,-1,-1,-1
3469,58,587.1470588235294,671.5,-1,-1,1,-1,-1,-1
3470,58,642.7352941176471,671.5,-1,-1,1,-1,-1,-1
3471,58,698.3235294117648,679.5,-1,-1,1,-1,-1,-1
3471,59,420.38235294117646,639.5,-1,-1,1,-1,-1,-1
3472,58,738.0294117647059,695.5,-1,-1,1,-1,-1,-1
3473,58,785.6764705882354,703.5,-1,-1,1,-1,-1,-1
3474,58,841.2647058823529,711.5,-1,-1,1,-1,-1,-1
3474,59,563.3235294117648,647.5,-1,-1,1,-1,-1,-1
3475,58,888.9117647058824,727.5,-1,-1,1,-1,-1,-1
3476,58,936.5588235294118,743.5,-1,-1,1,-1,-1,-1
3477,58,976.2647058823529,743.5,-1,-1,1,-1,-1,-1
3478,58,1015.9705882352941,743.5,-1,-1,1,-1,-1,-1
3479,58,1071.5588235294117,751.5,-1,-1,1,-1,-1,-1
3480,59,793.6176470588235,671.5,-1,-1,1,-1,-1,-1
3481,58,1135.0882352941176,743.5,-1,-1,1,-1,-1,-1
3481,59,833.3235294117648,671.5,-1,-1,1,-1,-1,-1
3482,58,1174.7941176470588,743.5,-1,-1,1,-1,-1,-1
3482,59,880.9705882352941,663.5,-1,-1,1,-1,-1,-1
3483,58,1230.3823529411766,735.5,-1,-1,1,-1,-1,-1
3483,59,920.6764705882354,663.5,-1,-1,1,-1,-1,-1
3484,58,1270.0882352941176,719.5,-1,-1,1,-1,-1,-1
3484,59,960.3823529411765,663.5,-1,-1,1,-1,-1,-1
3485,58,1317.735294117647,719.5,-1,-1,1,-1,-1,-1
3485,59,1008.0294117647059,655.5,-1,-1,1,-1,-1,-1
3486,58,1365.3823529411766,719.5,-1,-1,1,-1,-1,-1
3486,59,1047.735294117647,655.5,-1,-1,1,-1,-1,-1
3487,58,1420.9705882352941,719.5,-1,-1,1,-1,-1,-1
3487,59,1103.3235294117646,655.5,-1,-1,1,-1,-1,-1
3488,58,1476.5588235294117,719.5,-1,-1,1,-1,-1,-1
3489,58,1540.0882352941178,719.5,-1,-1,1,-1,-1,-1
3490,58,1587.735294117647,719.5,-1,-1,1,-1,-1,-1
3491,58,1643.3235294117646,719.5,-1,-1,1,-1,-1,-1
3492,58,1690.9705882352941,711.5,-1,-1,1,-1,-1,-1
3493,58,1746.5588235294117,711.5,-1,-1,1,-1,-1,-1
3494,58,1810.0882352941178,703.5,-1,-1,1,-1,-1,-1
3496,58,1865.6764705882354,703.5,-1,-1,1,-1,-1,-1
3520,60,198.02941176470588,303.5,-1,-1,1,-1,-1,-1
3537,60,960.3823529411765,439.5,-1,-1,1,-1,-1,-1
3538,60,976.2647058823529,447.5,-1,-1,1,-1,-1,-1
3540,60,1000.0882352941177,423.5,-1,-1,1,-1,-1,-1
3543,60,1015.9705882352941,415.5,-1,-1,1,-1,-1,-1
3545,60,1008.0294117647059,391.5,-1,-1,1,-1,-1,-1
3546,60,1023.9117647058824,407.5,-1,-1,1,-1,-1,-1
3548,60,1023.9117647058824,367.5,-1,-1,1,-1,-1,-1
3549,60,1031.8529411764707,391.5,-1,-1,1,-1,-1,-1
