94,2,1318.2301025390625,52.729278564453125,-1,-1,1,-1,-1,-1
97,3,1226.1912841796875,95.60537719726562,-1,-1,1,-1,-1,-1
98,3,1233.21923828125,95.60826110839844,-1,-1,1,-1,-1,-1
99,3,1247.332275390625,88.14559936523438,-1,-1,1,-1,-1,-1
107,4,1865.662353515625,81.35822296142578,-1,-1,1,-1,-1,-1
113,5,217.1966552734375,358.34765625,-1,-1,1,-1,-1,-1
119,6,1020.0264282226562,194.43771362304688,-1,-1,1,-1,-1,-1
131,7,145.89614868164062,642.938232421875,-1,-1,1,-1,-1,-1
132,7,166.99978637695312,635.6192626953125,-1,-1,1,-1,-1,-1
133,7,188.48147583007812,635.7767333984375,-1,-1,1,-1,-1,-1
134,7,216.90249633789062,628.39990234375,-1,-1,1,-1,-1,-1
135,7,238.220458984375,628.6949462890625,-1,-1,1,-1,-1,-1
136,7,259.61224365234375,621.4008178710938,-1,-1,1,-1,-1,-1
137,7,280.814453125,621.5209350585938,-1,-1,1,-1,-1,-1
138,7,302.0833740234375,621.5712890625,-1,-1,1,-1,-1,-1
139,7,323.5259094238281,614.2747192382812,-1,-1,1,-1,-1,-1
140,7,337.71893310546875,614.364013671875,-1,-1,1,-1,-1,-1
141,7,351.86676025390625,614.45068359375,-1,-1,1,-1,-1,-1
142,7,359.07379150390625,614.4232177734375,-1,-1,1,-1,-1,-1
143,7,366.2015380859375,614.4901123046875,-1,-1,1,-1,-1,-1
144,7,373.1922912597656,607.1815185546875,-1,-1,1,-1,-1,-1
146,7,366.1111755371094,607.26416015625,-1,-1,1,-1,-1,-1
147,7,359.1305847167969,600.0927734375,-1,-1,1,-1,-1,-1
148,7,344.9837951660156,600.0855102539062,-1,-1,1,-1,-1,-1
149,7,337.6373596191406,607.3900756835938,-1,-1,1,-1,-1,-1
150,7,323.45318603515625,607.359375,-1,-1,1,-1,-1,-1
151,7,316.41925048828125,607.3682250976562,-1,-1,1,-1,-1,-1
152,7,302.08721923828125,607.414794921875,-1,-1,1,-1,-1,-1
153,7,295.02752685546875,607.3114013671875,-1,-1,1,-1,-1,-1
154,7,287.9432067871094,607.3567504882812,-1,-1,1,-1,-1,-1
155,7,273.70379638671875,607.233154296875,-1,-1,1,-1,-1,-1
156,7,266.6121520996094,607.2846069335938,-1,-1,1,-1,-1,-1
157,7,266.664306640625,607.1851806640625,-1,-1,1,-1,-1,-1
158,7,259.3771667480469,614.4453735351562,-1,-1,1,-1,-1,-1
159,7,259.38958740234375,614.4033813476562,-1,-1,1,-1,-1,-1
160,7,259.33544921875,614.30615234375,-1,-1,1,-1,-1,-1
161,7,252.45639038085938,607.210693359375,-1,-1,1,-1,-1,-1
162,7,252.3790283203125,607.0741577148438,-1,-1,1,-1,-1,-1
163,7,245.3134765625,607.3056640625,-1,-1,1,-1,-1,-1
164,7,252.33583068847656,607.196533203125,-1,-1,1,-1,-1,-1
165,7,252.32015991210938,607.2611083984375,-1,-1,1,-1,-1,-1
166,7,259.5904541015625,600.12646484375,-1,-1,1,-1,-1,-1
167,7,266.5867919921875,599.985107421875,-1,-1,1,-1,-1,-1
168,7,273.69256591796875,593.098388671875,-1,-1,1,-1,-1,-1
169,7,280.82781982421875,585.8759765625,-1,-1,1,-1,-1,-1
170,7,280.93182373046875,578.849609375,-1,-1,1,-1,-1,-1
171,7,287.87896728515625,578.8035888671875,-1,-1,1,-1,-1,-1
172,7,288.0098876953125,571.8997802734375,-1,-1,1,-1,-1,-1
173,7,288.0693359375,564.5856323242188,-1,-1,1,-1,-1,-1
174,7,295.12548828125,557.5465087890625,-1,-1,1,-1,-1,-1
175,7,302.3489074707031,557.4857177734375,-1,-1,1,-1,-1,-1
176,7,309.1670837402344,557.29931640625,-1,-1,1,-1,-1,-1
177,7,309.3619689941406,550.3014526367188,-1,-1,1,-1,-1,-1
178,7,323.39306640625,550.3409423828125,-1,-1,1,-1,-1,-1
179,7,330.520751953125,543.2572631835938,-1,-1,1,-1,-1,-1
180,7,330.5224609375,536.0999145507812,-1,-1,1,-1,-1,-1
181,7,330.449462890625,536.0418701171875,-1,-1,1,-1,-1,-1
182,7,323.5079650878906,528.9713134765625,-1,-1,1,-1,-1,-1
183,7,323.55767822265625,528.9722900390625,-1,-1,1,-1,-1,-1
184,7,330.6988525390625,528.9498291015625,-1,-1,1,-1,-1,-1
185,7,337.73052978515625,535.9481201171875,-1,-1,1,-1,-1,-1
186,7,352.0431213378906,535.9906616210938,-1,-1,1,-1,-1,-1
187,7,359.2380065917969,536.02197265625,-1,-1,1,-1,-1,-1
188,7,373.3177490234375,543.0654296875,-1,-1,1,-1,-1,-1
189,7,380.62640380859375,543.0196533203125,-1,-1,1,-1,-1,-1
190,7,387.6258239746094,550.0586547851562,-1,-1,1,-1,-1,-1
191,7,402.00811767578125,550.1553955078125,-1,-1,1,-1,-1,-1
192,7,416.0390319824219,557.18017578125,-1,-1,1,-1,-1,-1
193,7,437.4378662109375,557.1594848632812,-1,-1,1,-1,-1,-1
193,8,1367.61376953125,571.5250244140625,-1,-1,1,-1,-1,-1
194,7,458.6966552734375,557.198486328125,-1,-1,1,-1,-1,-1
195,7,473.02020263671875,557.192626953125,-1,-1,1,-1,-1,-1
196,7,494.21697998046875,557.1483764648438,-1,-1,1,-1,-1,-1
197,7,515.5804443359375,557.1466064453125,-1,-1,1,-1,-1,-1
198,7,536.986328125,557.1490478515625,-1,-1,1,-1,-1,-1
199,7,558.1707763671875,557.0723876953125,-1,-1,1,-1,-1,-1
200,7,579.6885986328125,550.0639038085938,-1,-1,1,-1,-1,-1
201,7,600.93798828125,550.1254272460938,-1,-1,1,-1,-1,-1
202,7,622.0737915039062,549.9471435546875,-1,-1,1,-1,-1,-1
203,7,643.4339599609375,543.00927734375,-1,-1,1,-1,-1,-1
204,7,664.853271484375,542.9296875,-1,-1,1,-1,-1,-1
205,7,686.1396484375,535.916015625,-1,-1,1,-1,-1,-1
206,7,714.6531982421875,535.9789428710938,-1,-1,1,-1,-1,-1
207,7,735.8697509765625,535.8253784179688,-1,-1,1,-1,-1,-1
208,7,764.41015625,528.8235473632812,-1,-1,1,-1,-1,-1
209,7,785.6624755859375,528.6973266601562,-1,-1,1,-1,-1,-1
210,7,814.0123901367188,528.8072509765625,-1,-1,1,-1,-1,-1
211,7,842.4473876953125,528.811767578125,-1,-1,1,-1,-1,-1
212,7,863.7933349609375,528.78125,-1,-1,1,-1,-1,-1
213,7,892.1473999023438,528.81005859375,-1,-1,1,-1,-1,-1
214,7,913.5111694335938,528.747802734375,-1,-1,1,-1,-1,-1
215,7,941.83056640625,528.7218017578125,-1,-1,1,-1,-1,-1
216,7,970.2408447265625,528.68994140625,-1,-1,1,-1,-1,-1
217,7,998.7966918945312,528.7398071289062,-1,-1,1,-1,-1,-1
218,7,1027.1826171875,521.7781372070312,-1,-1,1,-1,-1,-1
219,7,1062.761474609375,528.7354736328125,-1,-1,1,-1,-1,-1
220,7,1083.975830078125,528.7164306640625,-1,-1,1,-1,-1,-1
221,7,1119.5648193359375,528.7509155273438,-1,-1,1,-1,-1,-1
222,7,1147.934326171875,528.7816162109375,-1,-1,1,-1,-1,-1
223,7,1176.438720703125,528.7781982421875,-1,-1,1,-1,-1,-1
224,7,1204.8028564453125,528.7581176757812,-1,-1,1,-1,-1,-1
225,7,1233.14794921875,528.8084716796875,-1,-1,1,-1,-1,-1
226,7,1261.5596923828125,521.8236083984375,-1,-1,1,-1,-1,-1
227,7,1290.086181640625,521.7716064453125,-1,-1,1,-1,-1,-1
228,7,1318.53466796875,521.7802734375,-1,-1,1,-1,-1,-1
229,7,1346.880859375,521.6737060546875,-1,-1,1,-1,-1,-1
230,7,1375.269775390625,514.512451171875,-1,-1,1,-1,-1,-1
231,7,1410.9521484375,514.66015625,-1,-1,1,-1,-1,-1
232,7,1439.4178466796875,507.4378662109375,-1,-1,1,-1,-1,-1
233,7,1467.686279296875,500.54742431640625,-1,-1,1,-1,-1,-1
235,7,1531.617919921875,493.487548828125,-1,-1,1,-1,-1,-1
295,10,1069.626220703125,835.0709838867188,-1,-1,1,-1,-1,-1
