35,1,1774.265625,800.4478759765625,-1,-1,1,-1,-1,-1
36,1,1759.320068359375,798.5694580078125,-1,-1,1,-1,-1,-1
37,1,1744.989013671875,799.3363037109375,-1,-1,1,-1,-1,-1
38,1,1729.871826171875,797.9669189453125,-1,-1,1,-1,-1,-1
39,1,1709.92822265625,799.177734375,-1,-1,1,-1,-1,-1
40,1,1694.24267578125,799.9810791015625,-1,-1,1,-1,-1,-1
41,1,1679.7159423828125,799.20458984375,-1,-1,1,-1,-1,-1
42,1,1659.587158203125,799.5682983398438,-1,-1,1,-1,-1,-1
43,1,1644.36328125,799.9241333007812,-1,-1,1,-1,-1,-1
44,1,1624.1519775390625,797.3861083984375,-1,-1,1,-1,-1,-1
45,1,1609.228271484375,797.89794921875,-1,-1,1,-1,-1,-1
46,1,1588.10302734375,796.7940673828125,-1,-1,1,-1,-1,-1
47,1,1567.458251953125,797.3182373046875,-1,-1,1,-1,-1,-1
48,1,1545.978271484375,791.480224609375,-1,-1,1,-1,-1,-1
49,1,1524.67138671875,790.0823974609375,-1,-1,1,-1,-1,-1
50,1,1503.986572265625,789.4163818359375,-1,-1,1,-1,-1,-1
51,1,1482.6328125,783.8507080078125,-1,-1,1,-1,-1,-1
52,1,1461.436767578125,782.789306640625,-1,-1,1,-1,-1,-1
53,1,1446.316162109375,782.4710083007812,-1,-1,1,-1,-1,-1
54,1,1424.4052734375,778.486083984375,-1,-1,1,-1,-1,-1
55,1,1403.171875,776.69873046875,-1,-1,1,-1,-1,-1
56,1,1375.7431640625,775.4310302734375,-1,-1,1,-1,-1,-1
57,1,1354.238525390625,772.2777099609375,-1,-1,1,-1,-1,-1
58,1,1332.620361328125,770.5225219726562,-1,-1,1,-1,-1,-1
59,1,1317.734619140625,768.1856689453125,-1,-1,1,-1,-1,-1
60,1,1295.96630859375,765.3507080078125,-1,-1,1,-1,-1,-1
61,1,1275.200439453125,762.4066162109375,-1,-1,1,-1,-1,-1
62,1,1247.666748046875,761.3836669921875,-1,-1,1,-1,-1,-1
63,1,1225.8736572265625,758.7987060546875,-1,-1,1,-1,-1,-1
64,1,1203.437255859375,758.4490966796875,-1,-1,1,-1,-1,-1
65,1,1176.343994140625,757.167236328125,-1,-1,1,-1,-1,-1
66,1,1161.232666015625,756.4844360351562,-1,-1,1,-1,-1,-1
67,1,1133.21875,754.761474609375,-1,-1,1,-1,-1,-1
68,1,1112.10546875,754.50927734375,-1,-1,1,-1,-1,-1
69,1,1084.00830078125,754.3287963867188,-1,-1,1,-1,-1,-1
70,1,1062.1522216796875,754.4157104492188,-1,-1,1,-1,-1,-1
72,1,1011.9752197265625,750.897705078125,-1,-1,1,-1,-1,-1
73,1,984.734130859375,750.380615234375,-1,-1,1,-1,-1,-1
74,1,963.7631225585938,749.910400390625,-1,-1,1,-1,-1,-1
78,1,870.6639404296875,740.8960571289062,-1,-1,1,-1,-1,-1
79,1,842.8778076171875,740.0234375,-1,-1,1,-1,-1,-1
81,1,792.5211791992188,735.2638549804688,-1,-1,1,-1,-1,-1
82,1,764.478515625,733.0406494140625,-1,-1,1,-1,-1,-1
83,1,736.3370361328125,729.5899658203125,-1,-1,1,-1,-1,-1
84,1,713.6715087890625,728.2390747070312,-1,-1,1,-1,-1,-1
85,1,686.8453369140625,726.1956787109375,-1,-1,1,-1,-1,-1
86,1,658.34228515625,726.0770263671875,-1,-1,1,-1,-1,-1
87,1,635.9805297851562,722.8786010742188,-1,-1,1,-1,-1,-1
88,1,608.4052734375,722.4407348632812,-1,-1,1,-1,-1,-1
89,1,585.06103515625,721.873046875,-1,-1,1,-1,-1,-1
90,1,557.4310302734375,721.1055908203125,-1,-1,1,-1,-1,-1
91,1,523.0440673828125,721.8667602539062,-1,-1,1,-1,-1,-1
92,1,499.92694091796875,721.70361328125,-1,-1,1,-1,-1,-1
93,1,472.39068603515625,721.81298828125,-1,-1,1,-1,-1,-1
94,1,443.3717041015625,719.3509521484375,-1,-1,1,-1,-1,-1
95,1,415.69378662109375,721.5215454101562,-1,-1,1,-1,-1,-1
96,1,388.5455322265625,720.9925537109375,-1,-1,1,-1,-1,-1
97,1,359.0621337890625,721.4796142578125,-1,-1,1,-1,-1,-1
98,1,331.7444152832031,720.6952514648438,-1,-1,1,-1,-1,-1
99,1,307.95892333984375,721.27978515625,-1,-1,1,-1,-1,-1
100,1,279.6262512207031,720.7342529296875,-1,-1,1,-1,-1,-1
199,2,1863.9613037109375,634.0340576171875,-1,-1,1,-1,-1,-1
215,2,1651.22705078125,535.9666137695312,-1,-1,1,-1,-1,-1
216,2,1638.587646484375,534.8170166015625,-1,-1,1,-1,-1,-1
217,2,1623.5439453125,536.177734375,-1,-1,1,-1,-1,-1
220,2,1580.7410888671875,593.609375,-1,-1,1,-1,-1,-1
221,2,1572.4146728515625,537.4078369140625,-1,-1,1,-1,-1,-1
222,2,1559.003173828125,542.7297973632812,-1,-1,1,-1,-1,-1
223,2,1539.518798828125,541.9307250976562,-1,-1,1,-1,-1,-1
224,2,1524.811279296875,544.2646484375,-1,-1,1,-1,-1,-1
225,2,1510.849365234375,549.5326538085938,-1,-1,1,-1,-1,-1
226,2,1496.645751953125,548.8231811523438,-1,-1,1,-1,-1,-1
227,2,1482.607421875,545.0919799804688,-1,-1,1,-1,-1,-1
228,2,1473.342529296875,549.7700805664062,-1,-1,1,-1,-1,-1
229,2,1459.24951171875,549.5569458007812,-1,-1,1,-1,-1,-1
230,2,1445.800048828125,551.7509155273438,-1,-1,1,-1,-1,-1
231,2,1431.8974609375,555.5785522460938,-1,-1,1,-1,-1,-1
232,2,1423.61865234375,555.4893798828125,-1,-1,1,-1,-1,-1
235,2,1404.104736328125,556.19189453125,-1,-1,1,-1,-1,-1
236,2,1403.7890625,552.0374145507812,-1,-1,1,-1,-1,-1
237,2,1389.6278076171875,558.50341796875,-1,-1,1,-1,-1,-1
241,2,1360.45458984375,556.1317749023438,-1,-1,1,-1,-1,-1
246,2,1312.01953125,551.72509765625,-1,-1,1,-1,-1,-1
247,2,1304.197265625,552.6058349609375,-1,-1,1,-1,-1,-1
248,2,1296.9617919921875,555.5767822265625,-1,-1,1,-1,-1,-1
249,2,1289.209716796875,555.4847412109375,-1,-1,1,-1,-1,-1
251,2,1274.2626953125,558.289306640625,-1,-1,1,-1,-1,-1
252,2,1261.98388671875,556.8411254882812,-1,-1,1,-1,-1,-1
253,2,1254.158935546875,557.1544189453125,-1,-1,1,-1,-1,-1
254,2,1246.2518310546875,556.78076171875,-1,-1,1,-1,-1,-1
255,2,1239.47119140625,556.1520385742188,-1,-1,1,-1,-1,-1
258,2,1210.478759765625,545.670654296875,-1,-1,1,-1,-1,-1
259,2,1198.029541015625,542.0416870117188,-1,-1,1,-1,-1,-1
260,2,1189.318115234375,540.904052734375,-1,-1,1,-1,-1,-1
261,2,1177.0438232421875,536.9464721679688,-1,-1,1,-1,-1,-1
