44,1,202.78675842285156,486.015625,-1,-1,1,-1,-1,-1
45,1,231.1952667236328,486.00482177734375,-1,-1,1,-1,-1,-1
46,1,259.597412109375,486.1204528808594,-1,-1,1,-1,-1,-1
47,1,295.07830810546875,486.2503662109375,-1,-1,1,-1,-1,-1
48,1,323.48040771484375,486.2810974121094,-1,-1,1,-1,-1,-1
49,1,351.856201171875,486.20526123046875,-1,-1,1,-1,-1,-1
50,1,387.43194580078125,493.31744384765625,-1,-1,1,-1,-1,-1
51,1,415.87896728515625,493.37359619140625,-1,-1,1,-1,-1,-1
52,1,451.3614501953125,493.357177734375,-1,-1,1,-1,-1,-1
53,1,472.700439453125,500.5018310546875,-1,-1,1,-1,-1,-1
54,1,501.1124267578125,500.411865234375,-1,-1,1,-1,-1,-1
55,1,529.6845703125,507.5556945800781,-1,-1,1,-1,-1,-1
56,1,550.9359130859375,514.5729370117188,-1,-1,1,-1,-1,-1
57,1,572.2221069335938,521.671142578125,-1,-1,1,-1,-1,-1
58,1,586.4195556640625,528.810791015625,-1,-1,1,-1,-1,-1
59,1,614.8776245117188,535.8026123046875,-1,-1,1,-1,-1,-1
60,1,629.1369018554688,535.8167724609375,-1,-1,1,-1,-1,-1
61,1,643.1439208984375,543.0570068359375,-1,-1,1,-1,-1,-1
62,1,657.4362182617188,543.0108642578125,-1,-1,1,-1,-1,-1
63,1,671.677001953125,550.04638671875,-1,-1,1,-1,-1,-1
64,1,685.8895874023438,557.2438354492188,-1,-1,1,-1,-1,-1
65,1,700.0848388671875,564.3662719726562,-1,-1,1,-1,-1,-1
66,1,714.4156494140625,564.230224609375,-1,-1,1,-1,-1,-1
67,1,728.537841796875,571.4783325195312,-1,-1,1,-1,-1,-1
68,1,742.6009521484375,571.4158935546875,-1,-1,1,-1,-1,-1
69,1,764.0563354492188,578.685546875,-1,-1,1,-1,-1,-1
70,1,778.1854248046875,578.68896484375,-1,-1,1,-1,-1,-1
71,1,792.3148193359375,578.56640625,-1,-1,1,-1,-1,-1
72,1,813.5623779296875,578.5921630859375,-1,-1,1,-1,-1,-1
73,1,827.9141235351562,585.6075439453125,-1,-1,1,-1,-1,-1
74,1,849.123291015625,585.5533447265625,-1,-1,1,-1,-1,-1
75,1,870.516357421875,592.7328491210938,-1,-1,1,-1,-1,-1
76,1,891.8168334960938,592.8052978515625,-1,-1,1,-1,-1,-1
77,1,913.2522583007812,600.091552734375,-1,-1,1,-1,-1,-1
78,1,934.5279541015625,600.0054931640625,-1,-1,1,-1,-1,-1
79,1,955.6846923828125,592.822021484375,-1,-1,1,-1,-1,-1
80,1,984.302001953125,600.1414184570312,-1,-1,1,-1,-1,-1
81,1,1012.579345703125,592.782470703125,-1,-1,1,-1,-1,-1
82,1,1040.971923828125,592.8331298828125,-1,-1,1,-1,-1,-1
83,1,1069.472412109375,592.7756958007812,-1,-1,1,-1,-1,-1
84,1,1097.82275390625,599.9542236328125,-1,-1,1,-1,-1,-1
184,2,96.22785186767578,557.022705078125,-1,-1,1,-1,-1,-1
185,2,124.76107788085938,557.03173828125,-1,-1,1,-1,-1,-1
186,2,160.142578125,557.032470703125,-1,-1,1,-1,-1,-1
187,2,181.594970703125,556.9378051757812,-1,-1,1,-1,-1,-1
188,2,210.10211181640625,556.8970947265625,-1,-1,1,-1,-1,-1
189,2,238.38455200195312,556.9630126953125,-1,-1,1,-1,-1,-1
190,2,266.56597900390625,557.0911254882812,-1,-1,1,-1,-1,-1
191,2,288.01495361328125,557.1871948242188,-1,-1,1,-1,-1,-1
192,2,316.3653564453125,557.0496826171875,-1,-1,1,-1,-1,-1
193,2,330.8019714355469,564.26416015625,-1,-1,1,-1,-1,-1
194,2,359.08697509765625,564.1409912109375,-1,-1,1,-1,-1,-1
195,2,380.44036865234375,557.0507202148438,-1,-1,1,-1,-1,-1
196,2,401.91778564453125,557.0469970703125,-1,-1,1,-1,-1,-1
197,2,423.04608154296875,557.141357421875,-1,-1,1,-1,-1,-1
198,2,444.31951904296875,549.953369140625,-1,-1,1,-1,-1,-1
199,2,465.69720458984375,550.0929565429688,-1,-1,1,-1,-1,-1
200,2,486.9090881347656,543.0043334960938,-1,-1,1,-1,-1,-1
201,2,508.3674011230469,542.8350830078125,-1,-1,1,-1,-1,-1
202,2,529.582275390625,535.6864013671875,-1,-1,1,-1,-1,-1
203,2,543.7745971679688,535.857177734375,-1,-1,1,-1,-1,-1
204,2,558.042724609375,536.009521484375,-1,-1,1,-1,-1,-1
205,2,579.2566528320312,528.7029418945312,-1,-1,1,-1,-1,-1
206,2,600.6139526367188,528.62841796875,-1,-1,1,-1,-1,-1
207,2,614.78125,521.4575805664062,-1,-1,1,-1,-1,-1
208,2,629.090576171875,521.65478515625,-1,-1,1,-1,-1,-1
209,2,636.197021484375,521.7113647460938,-1,-1,1,-1,-1,-1
210,2,650.4024047851562,521.6343994140625,-1,-1,1,-1,-1,-1
211,2,657.6461181640625,514.390625,-1,-1,1,-1,-1,-1
212,2,671.6834106445312,514.2838134765625,-1,-1,1,-1,-1,-1
213,2,671.7374267578125,521.6317138671875,-1,-1,1,-1,-1,-1
214,2,686.0438842773438,514.2892456054688,-1,-1,1,-1,-1,-1
215,2,685.8369140625,521.5293579101562,-1,-1,1,-1,-1,-1
216,2,692.9796752929688,521.6683349609375,-1,-1,1,-1,-1,-1
217,2,707.1512451171875,521.566162109375,-1,-1,1,-1,-1,-1
218,2,714.390869140625,514.28076171875,-1,-1,1,-1,-1,-1
219,2,714.1771240234375,521.5160522460938,-1,-1,1,-1,-1,-1
220,2,721.39599609375,521.4420166015625,-1,-1,1,-1,-1,-1
221,2,728.4102783203125,521.5349731445312,-1,-1,1,-1,-1,-1
222,2,728.5457763671875,521.4415283203125,-1,-1,1,-1,-1,-1
223,2,735.6768188476562,521.4497680664062,-1,-1,1,-1,-1,-1
224,2,742.647705078125,521.4444580078125,-1,-1,1,-1,-1,-1
225,2,749.73779296875,521.5177001953125,-1,-1,1,-1,-1,-1
226,2,756.8501586914062,514.3359985351562,-1,-1,1,-1,-1,-1
227,2,763.962158203125,514.2525634765625,-1,-1,1,-1,-1,-1
228,2,778.0917358398438,514.3818359375,-1,-1,1,-1,-1,-1
229,2,785.326416015625,514.3326416015625,-1,-1,1,-1,-1,-1
230,2,792.41357421875,514.33447265625,-1,-1,1,-1,-1,-1
231,2,806.6378173828125,514.3797607421875,-1,-1,1,-1,-1,-1
232,2,813.6513061523438,521.6697998046875,-1,-1,1,-1,-1,-1
233,2,820.7283935546875,521.517333984375,-1,-1,1,-1,-1,-1
234,2,835.0948486328125,521.3172607421875,-1,-1,1,-1,-1,-1
235,2,842.2083740234375,528.4912109375,-1,-1,1,-1,-1,-1
236,2,856.341064453125,528.5922241210938,-1,-1,1,-1,-1,-1
237,2,870.57470703125,528.5279541015625,-1,-1,1,-1,-1,-1
238,2,884.7923583984375,535.6658935546875,-1,-1,1,-1,-1,-1
239,2,899.0847778320312,535.685791015625,-1,-1,1,-1,-1,-1
240,2,913.2379150390625,542.7413940429688,-1,-1,1,-1,-1,-1
241,2,927.6409912109375,542.8381958007812,-1,-1,1,-1,-1,-1
242,2,941.7821044921875,542.6865234375,-1,-1,1,-1,-1,-1
243,2,955.9205322265625,542.8589477539062,-1,-1,1,-1,-1,-1
244,2,963.13427734375,542.8296508789062,-1,-1,1,-1,-1,-1
245,2,977.2054443359375,542.7836303710938,-1,-1,1,-1,-1,-1
246,2,984.2214965820312,542.8570556640625,-1,-1,1,-1,-1,-1
247,2,991.5897216796875,549.7780151367188,-1,-1,1,-1,-1,-1
248,2,998.6527099609375,549.7859497070312,-1,-1,1,-1,-1,-1
249,2,1012.8641967773438,556.8524169921875,-1,-1,1,-1,-1,-1
250,2,1019.8285522460938,556.9344482421875,-1,-1,1,-1,-1,-1
251,2,1034.001220703125,564.057861328125,-1,-1,1,-1,-1,-1
252,2,1041.255615234375,563.9392700195312,-1,-1,1,-1,-1,-1
253,2,1062.49853515625,556.9591064453125,-1,-1,1,-1,-1,-1
254,2,1076.739501953125,557.0025634765625,-1,-1,1,-1,-1,-1
255,2,1090.994873046875,549.9027709960938,-1,-1,1,-1,-1,-1
256,2,1105.19921875,549.908447265625,-1,-1,1,-1,-1,-1
257,2,1119.331787109375,542.7556762695312,-1,-1,1,-1,-1,-1
258,2,1133.677490234375,542.72265625,-1,-1,1,-1,-1,-1
259,2,1140.7425537109375,535.52392578125,-1,-1,1,-1,-1,-1
260,2,1154.886474609375,528.4732055664062,-1,-1,1,-1,-1,-1
261,2,1161.96728515625,528.531005859375,-1,-1,1,-1,-1,-1
262,2,1161.99169921875,528.6043090820312,-1,-1,1,-1,-1,-1
263,2,1169.24609375,528.6556396484375,-1,-1,1,-1,-1,-1
264,2,1176.265380859375,528.5963134765625,-1,-1,1,-1,-1,-1
265,2,1176.066650390625,528.552734375,-1,-1,1,-1,-1,-1
266,2,1183.237548828125,528.46826171875,-1,-1,1,-1,-1,-1
267,2,1190.394287109375,528.5408325195312,-1,-1,1,-1,-1,-1
268,2,1197.729248046875,528.5709228515625,-1,-1,1,-1,-1,-1
269,2,1204.7734375,528.555419921875,-1,-1,1,-1,-1,-1
270,2,1204.76806640625,535.8038330078125,-1,-1,1,-1,-1,-1
271,2,1211.91845703125,528.5194091796875,-1,-1,1,-1,-1,-1
272,2,1211.811767578125,528.5045166015625,-1,-1,1,-1,-1,-1
273,2,1218.91796875,528.626953125,-1,-1,1,-1,-1,-1
274,2,1226.069091796875,528.6492309570312,-1,-1,1,-1,-1,-1
275,2,1233.061279296875,528.826416015625,-1,-1,1,-1,-1,-1
276,2,1233.13720703125,528.75732421875,-1,-1,1,-1,-1,-1
277,2,1240.232421875,528.7507934570312,-1,-1,1,-1,-1,-1
278,2,1247.30908203125,528.7376708984375,-1,-1,1,-1,-1,-1
279,2,1261.4658203125,528.8060302734375,-1,-1,1,-1,-1,-1
280,2,1268.5986328125,528.9154052734375,-1,-1,1,-1,-1,-1
281,2,1282.9178466796875,521.4873657226562,-1,-1,1,-1,-1,-1
282,2,1297.042236328125,521.6131591796875,-1,-1,1,-1,-1,-1
283,2,1318.39404296875,514.4564208984375,-1,-1,1,-1,-1,-1
284,2,1339.746337890625,507.209716796875,-1,-1,1,-1,-1,-1
285,2,1361.10498046875,500.3194580078125,-1,-1,1,-1,-1,-1
286,2,1382.406005859375,493.186279296875,-1,-1,1,-1,-1,-1
287,2,1410.736572265625,486.16619873046875,-1,-1,1,-1,-1,-1
288,2,1432.01123046875,478.79656982421875,-1,-1,1,-1,-1,-1
289,2,1460.4298095703125,471.69964599609375,-1,-1,1,-1,-1,-1
290,2,1488.72216796875,471.85211181640625,-1,-1,1,-1,-1,-1
291,2,1517.091796875,464.73406982421875,-1,-1,1,-1,-1,-1
292,2,1552.666748046875,457.6092529296875,-1,-1,1,-1,-1,-1
293,2,1588.349853515625,450.4393615722656,-1,-1,1,-1,-1,-1
293,3,615.0517578125,820.2025146484375,-1,-1,1,-1,-1,-1
294,2,1616.7388916015625,443.37640380859375,-1,-1,1,-1,-1,-1
294,3,650.4755859375,813.036376953125,-1,-1,1,-1,-1,-1
295,2,1652.2325439453125,436.408935546875,-1,-1,1,-1,-1,-1
295,3,686.0400390625,805.8631591796875,-1,-1,1,-1,-1,-1
296,2,1688.002197265625,429.1218566894531,-1,-1,1,-1,-1,-1
296,3,714.3526000976562,798.7352905273438,-1,-1,1,-1,-1,-1
297,2,1723.137451171875,429.28240966796875,-1,-1,1,-1,-1,-1
297,3,750.052978515625,798.911865234375,-1,-1,1,-1,-1,-1
298,2,1758.8299560546875,421.9286193847656,-1,-1,1,-1,-1,-1
298,3,785.3912353515625,791.755615234375,-1,-1,1,-1,-1,-1
298,4,46.35880661010742,777.4647827148438,-1,-1,1,-1,-1,-1
299,2,1801.41943359375,414.9452819824219,-1,-1,1,-1,-1,-1
299,3,820.7908325195312,784.76318359375,-1,-1,1,-1,-1,-1
299,4,96.2276840209961,763.2484741210938,-1,-1,1,-1,-1,-1
299,5,139.01016235351562,912.7493896484375,-1,-1,1,-1,-1,-1
300,2,1843.7630615234375,407.92529296875,-1,-1,1,-1,-1,-1
300,3,856.3963623046875,784.6826171875,-1,-1,1,-1,-1,-1
300,4,145.78953552246094,763.1953125,-1,-1,1,-1,-1,-1
300,5,188.7150421142578,905.5462036132812,-1,-1,1,-1,-1,-1
301,2,1865.58740234375,408.2388916015625,-1,-1,1,-1,-1,-1
301,3,898.8245849609375,777.733154296875,-1,-1,1,-1,-1,-1
301,4,195.41836547851562,755.993896484375,-1,-1,1,-1,-1,-1
301,5,238.27415466308594,898.5380859375,-1,-1,1,-1,-1,-1
302,3,920.535400390625,770.5421142578125,-1,-1,1,-1,-1,-1
302,4,238.10845947265625,748.8343505859375,-1,-1,1,-1,-1,-1
302,5,288.432861328125,883.7635498046875,-1,-1,1,-1,-1,-1
303,3,963.1041259765625,770.6307373046875,-1,-1,1,-1,-1,-1
303,4,280.553466796875,741.7489013671875,-1,-1,1,-1,-1,-1
303,5,338.1551818847656,876.76708984375,-1,-1,1,-1,-1,-1
304,3,998.3366088867188,763.5474243164062,-1,-1,1,-1,-1,-1
304,4,323.4989929199219,741.8023681640625,-1,-1,1,-1,-1,-1
304,5,387.52752685546875,877.254638671875,-1,-1,1,-1,-1,-1
305,3,1033.9910888671875,756.41748046875,-1,-1,1,-1,-1,-1
305,4,366.110107421875,734.6961669921875,-1,-1,1,-1,-1,-1
305,5,430.40753173828125,869.8525390625,-1,-1,1,-1,-1,-1
306,3,1069.591552734375,756.526123046875,-1,-1,1,-1,-1,-1
306,4,408.75189208984375,727.4883422851562,-1,-1,1,-1,-1,-1
307,3,1097.7867431640625,749.46435546875,-1,-1,1,-1,-1,-1
307,4,451.2726745605469,727.58642578125,-1,-1,1,-1,-1,-1
307,5,522.5126953125,862.8654174804688,-1,-1,1,-1,-1,-1
308,3,1133.3040771484375,742.1822509765625,-1,-1,1,-1,-1,-1
308,4,493.7747802734375,720.441162109375,-1,-1,1,-1,-1,-1
308,5,565.22705078125,855.6366577148438,-1,-1,1,-1,-1,-1
309,3,1168.7957763671875,742.3423461914062,-1,-1,1,-1,-1,-1
309,4,529.4146728515625,720.381591796875,-1,-1,1,-1,-1,-1
309,5,607.7227172851562,855.835205078125,-1,-1,1,-1,-1,-1
310,3,1204.396240234375,742.3838500976562,-1,-1,1,-1,-1,-1
310,4,557.8631591796875,713.3151245117188,-1,-1,1,-1,-1,-1
310,5,650.6278686523438,848.418212890625,-1,-1,1,-1,-1,-1
311,3,1232.6898193359375,735.1065673828125,-1,-1,1,-1,-1,-1
311,4,586.289306640625,706.3648071289062,-1,-1,1,-1,-1,-1
311,5,685.957275390625,848.4744262695312,-1,-1,1,-1,-1,-1
312,3,1261.213623046875,735.3768310546875,-1,-1,1,-1,-1,-1
312,4,614.8468017578125,706.3074951171875,-1,-1,1,-1,-1,-1
312,5,728.3720703125,848.5568237304688,-1,-1,1,-1,-1,-1
313,3,1282.521240234375,728.0579833984375,-1,-1,1,-1,-1,-1
313,4,650.1817626953125,699.21923828125,-1,-1,1,-1,-1,-1
313,5,764.0020751953125,841.3816528320312,-1,-1,1,-1,-1,-1
314,3,1303.748046875,720.9779052734375,-1,-1,1,-1,-1,-1
314,4,678.4459228515625,699.1749267578125,-1,-1,1,-1,-1,-1
314,5,792.696044921875,834.1765747070312,-1,-1,1,-1,-1,-1
315,3,1325.369873046875,721.107421875,-1,-1,1,-1,-1,-1
315,5,820.5787353515625,834.3916015625,-1,-1,1,-1,-1,-1
316,3,1339.536865234375,713.8914794921875,-1,-1,1,-1,-1,-1
316,4,707.0787353515625,685.0299072265625,-1,-1,1,-1,-1,-1
316,5,849.4160766601562,827.1071166992188,-1,-1,1,-1,-1,-1
317,3,1353.6568603515625,706.7647705078125,-1,-1,1,-1,-1,-1
317,4,735.3713989257812,677.9100341796875,-1,-1,1,-1,-1,-1
317,5,877.9082641601562,819.96337890625,-1,-1,1,-1,-1,-1
318,3,1368.03564453125,699.6175537109375,-1,-1,1,-1,-1,-1
318,5,906.163330078125,819.875732421875,-1,-1,1,-1,-1,-1
319,3,1382.235107421875,699.8460693359375,-1,-1,1,-1,-1,-1
319,4,799.606201171875,670.8735961914062,-1,-1,1,-1,-1,-1
319,5,948.4017333984375,820.0277099609375,-1,-1,1,-1,-1,-1
320,3,1403.70361328125,699.5441284179688,-1,-1,1,-1,-1,-1
320,4,820.871826171875,670.836181640625,-1,-1,1,-1,-1,-1
320,5,984.3193359375,812.68896484375,-1,-1,1,-1,-1,-1
321,3,1410.6605224609375,692.3740844726562,-1,-1,1,-1,-1,-1
321,4,842.1121826171875,663.7699584960938,-1,-1,1,-1,-1,-1
321,5,1012.3969116210938,812.9779052734375,-1,-1,1,-1,-1,-1
322,3,1424.812744140625,692.468017578125,-1,-1,1,-1,-1,-1
322,4,863.332763671875,656.4545288085938,-1,-1,1,-1,-1,-1
322,5,1041.15966796875,805.638427734375,-1,-1,1,-1,-1,-1
323,3,1431.902099609375,685.22509765625,-1,-1,1,-1,-1,-1
323,4,884.5853881835938,656.541015625,-1,-1,1,-1,-1,-1
323,5,1069.7657470703125,798.4951782226562,-1,-1,1,-1,-1,-1
324,3,1424.932861328125,678.2485961914062,-1,-1,1,-1,-1,-1
324,4,899.0291748046875,649.3975830078125,-1,-1,1,-1,-1,-1
324,5,1090.72998046875,798.923095703125,-1,-1,1,-1,-1,-1
325,3,1431.9444580078125,671.2685546875,-1,-1,1,-1,-1,-1
325,4,912.99267578125,649.5137939453125,-1,-1,1,-1,-1,-1
325,5,1119.234619140625,791.865966796875,-1,-1,1,-1,-1,-1
325,6,408.8486328125,521.709228515625,-1,-1,1,-1,-1,-1
326,3,1439.052001953125,664.27587890625,-1,-1,1,-1,-1,-1
326,5,1140.686279296875,784.53515625,-1,-1,1,-1,-1,-1
326,6,408.9349670410156,514.5118408203125,-1,-1,1,-1,-1,-1
327,3,1439.0068359375,657.0726928710938,-1,-1,1,-1,-1,-1
327,5,1169.055419921875,777.3491821289062,-1,-1,1,-1,-1,-1
327,6,423.07879638671875,507.46893310546875,-1,-1,1,-1,-1,-1
328,3,1439.192138671875,649.8428955078125,-1,-1,1,-1,-1,-1
328,5,1190.1640625,770.4182739257812,-1,-1,1,-1,-1,-1
328,6,430.28076171875,500.39569091796875,-1,-1,1,-1,-1,-1
329,3,1446.2220458984375,642.958251953125,-1,-1,1,-1,-1,-1
329,5,1211.718017578125,756.2548828125,-1,-1,1,-1,-1,-1
330,4,998.5885009765625,613.7279663085938,-1,-1,1,-1,-1,-1
330,5,1225.808349609375,749.1563110351562,-1,-1,1,-1,-1,-1
330,6,444.72174072265625,478.849609375,-1,-1,1,-1,-1,-1
331,4,1019.9178466796875,606.619140625,-1,-1,1,-1,-1,-1
331,5,1240.2376708984375,734.7171630859375,-1,-1,1,-1,-1,-1
331,6,451.6902770996094,471.8711853027344,-1,-1,1,-1,-1,-1
332,4,1034.211181640625,599.5518188476562,-1,-1,1,-1,-1,-1
332,5,1261.3955078125,727.8790283203125,-1,-1,1,-1,-1,-1
332,6,451.49029541015625,464.7088623046875,-1,-1,1,-1,-1,-1
333,4,1048.292236328125,585.448974609375,-1,-1,1,-1,-1,-1
333,5,1275.7506103515625,713.4248046875,-1,-1,1,-1,-1,-1
333,6,465.6090087890625,457.56463623046875,-1,-1,1,-1,-1,-1
334,4,1069.671630859375,585.1663208007812,-1,-1,1,-1,-1,-1
334,5,1296.923095703125,713.8175048828125,-1,-1,1,-1,-1,-1
334,6,472.75994873046875,450.42095947265625,-1,-1,1,-1,-1,-1
335,4,1083.88427734375,578.1531372070312,-1,-1,1,-1,-1,-1
335,5,1311.2979736328125,706.4202880859375,-1,-1,1,-1,-1,-1
335,6,494.0597839355469,450.5581359863281,-1,-1,1,-1,-1,-1
336,4,1112.4156494140625,578.2543334960938,-1,-1,1,-1,-1,-1
336,5,1332.4149169921875,706.5606689453125,-1,-1,1,-1,-1,-1
336,6,515.3125,443.44281005859375,-1,-1,1,-1,-1,-1
337,4,1140.9344482421875,585.3524780273438,-1,-1,1,-1,-1,-1
337,5,1360.7633056640625,706.6133422851562,-1,-1,1,-1,-1,-1
337,6,536.5762939453125,443.27496337890625,-1,-1,1,-1,-1,-1
338,4,1169.079345703125,585.370849609375,-1,-1,1,-1,-1,-1
338,5,1389.357421875,706.5673217773438,-1,-1,1,-1,-1,-1
338,6,572.0261840820312,443.3615417480469,-1,-1,1,-1,-1,-1
339,4,1197.5087890625,585.2359619140625,-1,-1,1,-1,-1,-1
339,5,1417.839111328125,706.50927734375,-1,-1,1,-1,-1,-1
339,6,600.3887939453125,443.2694396972656,-1,-1,1,-1,-1,-1
340,4,1233.123291015625,585.3709716796875,-1,-1,1,-1,-1,-1
340,5,1453.3760986328125,706.4835205078125,-1,-1,1,-1,-1,-1
340,6,635.988037109375,443.38092041015625,-1,-1,1,-1,-1,-1
341,4,1268.50390625,585.3707275390625,-1,-1,1,-1,-1,-1
341,5,1488.9764404296875,706.482666015625,-1,-1,1,-1,-1,-1
341,6,664.720703125,443.2559814453125,-1,-1,1,-1,-1,-1
342,4,1296.920166015625,592.3870239257812,-1,-1,1,-1,-1,-1
342,6,700.1085205078125,443.27130126953125,-1,-1,1,-1,-1,-1
343,4,1332.3233642578125,599.5694580078125,-1,-1,1,-1,-1,-1
343,6,735.70361328125,450.375244140625,-1,-1,1,-1,-1,-1
344,4,1367.93505859375,606.6334228515625,-1,-1,1,-1,-1,-1
344,6,778.3157958984375,457.52264404296875,-1,-1,1,-1,-1,-1
345,4,1410.334228515625,606.7467041015625,-1,-1,1,-1,-1,-1
345,5,1638.245361328125,720.4354248046875,-1,-1,1,-1,-1,-1
345,6,827.89306640625,464.7535400390625,-1,-1,1,-1,-1,-1
346,4,1467.4901123046875,642.4758911132812,-1,-1,1,-1,-1,-1
346,5,1687.8558349609375,727.6788330078125,-1,-1,1,-1,-1,-1
346,6,877.7998046875,464.7261962890625,-1,-1,1,-1,-1,-1
347,4,1509.9619140625,621.0232543945312,-1,-1,1,-1,-1,-1
347,6,920.5137939453125,478.87481689453125,-1,-1,1,-1,-1,-1
348,4,1559.635498046875,628.1932373046875,-1,-1,1,-1,-1,-1
348,6,970.214599609375,478.8402099609375,-1,-1,1,-1,-1,-1
349,4,1616.538330078125,628.11767578125,-1,-1,1,-1,-1,-1
350,4,1673.3045654296875,635.2933349609375,-1,-1,1,-1,-1,-1
350,6,1069.635986328125,493.13006591796875,-1,-1,1,-1,-1,-1
351,4,1730.315673828125,642.4805908203125,-1,-1,1,-1,-1,-1
351,6,1112.31884765625,493.186767578125,-1,-1,1,-1,-1,-1
352,4,1787.16162109375,642.596435546875,-1,-1,1,-1,-1,-1
352,6,1162.0308837890625,493.123779296875,-1,-1,1,-1,-1,-1
353,4,1843.9530029296875,649.6944580078125,-1,-1,1,-1,-1,-1
353,6,1211.7220458984375,493.2049560546875,-1,-1,1,-1,-1,-1
354,4,1879.7672119140625,642.30029296875,-1,-1,1,-1,-1,-1
354,6,1254.216064453125,493.20111083984375,-1,-1,1,-1,-1,-1
355,6,1375.322998046875,535.54052734375,-1,-1,1,-1,-1,-1
356,6,1346.771240234375,493.1731262207031,-1,-1,1,-1,-1,-1
357,6,1389.3720703125,500.22442626953125,-1,-1,1,-1,-1,-1
358,6,1439.20068359375,500.171630859375,-1,-1,1,-1,-1,-1
359,6,1481.7491455078125,507.3470153808594,-1,-1,1,-1,-1,-1
360,6,1524.60888671875,507.23382568359375,-1,-1,1,-1,-1,-1
