3,1,927.349365234375,422.1822509765625,-1,-1,1,-1,-1,-1
4,1,948.750244140625,415.2562561035156,-1,-1,1,-1,-1,-1
5,1,963.1010131835938,415.37908935546875,-1,-1,1,-1,-1,-1
7,1,1005.7933349609375,401.30865478515625,-1,-1,1,-1,-1,-1
8,1,1027.1632080078125,400.58270263671875,-1,-1,1,-1,-1,-1
9,1,1041.4696044921875,393.7456359863281,-1,-1,1,-1,-1,-1
58,2,870.43994140625,564.4722290039062,-1,-1,1,-1,-1,-1
60,2,927.360107421875,564.1759033203125,-1,-1,1,-1,-1,-1
62,2,984.0623779296875,564.29052734375,-1,-1,1,-1,-1,-1
64,2,1040.8482666015625,571.6449584960938,-1,-1,1,-1,-1,-1
65,2,1069.04638671875,571.7182006835938,-1,-1,1,-1,-1,-1
66,2,1097.555908203125,571.5914916992188,-1,-1,1,-1,-1,-1
67,2,1126.103271484375,571.586181640625,-1,-1,1,-1,-1,-1
68,2,1154.630859375,564.3033447265625,-1,-1,1,-1,-1,-1
69,2,1183.067626953125,564.2920532226562,-1,-1,1,-1,-1,-1
72,2,1268.3399658203125,557.1690673828125,-1,-1,1,-1,-1,-1
73,2,1296.852783203125,550.1004638671875,-1,-1,1,-1,-1,-1
74,2,1325.3128662109375,550.0557861328125,-1,-1,1,-1,-1,-1
133,3,167.42430114746094,557.6463623046875,-1,-1,1,-1,-1,-1
134,3,202.72067260742188,557.7314453125,-1,-1,1,-1,-1,-1
135,3,238.32530212402344,557.656494140625,-1,-1,1,-1,-1,-1
136,3,273.9289855957031,557.582275390625,-1,-1,1,-1,-1,-1
137,3,302.32244873046875,557.7724609375,-1,-1,1,-1,-1,-1
138,3,337.9923095703125,564.8295288085938,-1,-1,1,-1,-1,-1
139,3,366.1678161621094,564.8184814453125,-1,-1,1,-1,-1,-1
140,3,401.8918151855469,571.930908203125,-1,-1,1,-1,-1,-1
141,3,430.14349365234375,571.6888427734375,-1,-1,1,-1,-1,-1
142,3,458.48504638671875,578.9075317382812,-1,-1,1,-1,-1,-1
143,3,479.86865234375,578.970947265625,-1,-1,1,-1,-1,-1
144,3,508.4939270019531,586.0877075195312,-1,-1,1,-1,-1,-1
145,3,536.64453125,585.935302734375,-1,-1,1,-1,-1,-1
146,3,565.1910400390625,585.9586181640625,-1,-1,1,-1,-1,-1
147,3,586.5833740234375,593.1819458007812,-1,-1,1,-1,-1,-1
148,3,615.005126953125,593.1065673828125,-1,-1,1,-1,-1,-1
149,3,636.2626953125,593.03857421875,-1,-1,1,-1,-1,-1
150,3,665.047119140625,600.27294921875,-1,-1,1,-1,-1,-1
151,3,686.1658935546875,600.2046508789062,-1,-1,1,-1,-1,-1
152,3,714.314697265625,593.0224609375,-1,-1,1,-1,-1,-1
153,3,735.8158569335938,593.170166015625,-1,-1,1,-1,-1,-1
154,3,757.1700439453125,593.3271484375,-1,-1,1,-1,-1,-1
155,3,785.6961669921875,593.1398315429688,-1,-1,1,-1,-1,-1
156,3,806.5693359375,585.85107421875,-1,-1,1,-1,-1,-1
157,3,828.1739501953125,586.062255859375,-1,-1,1,-1,-1,-1
158,3,849.5712890625,585.910888671875,-1,-1,1,-1,-1,-1
159,3,870.6788940429688,578.8020629882812,-1,-1,1,-1,-1,-1
160,3,892.1192626953125,579.037109375,-1,-1,1,-1,-1,-1
161,3,906.481689453125,579.0006103515625,-1,-1,1,-1,-1,-1
162,3,927.67333984375,578.9129028320312,-1,-1,1,-1,-1,-1
163,3,956.0811157226562,578.7423706054688,-1,-1,1,-1,-1,-1
164,3,977.3850708007812,578.8726806640625,-1,-1,1,-1,-1,-1
165,3,998.6699829101562,578.8719482421875,-1,-1,1,-1,-1,-1
166,3,1027.0709228515625,571.7706909179688,-1,-1,1,-1,-1,-1
167,3,1055.41064453125,571.640869140625,-1,-1,1,-1,-1,-1
168,3,1083.787353515625,564.4512939453125,-1,-1,1,-1,-1,-1
169,3,1112.33154296875,571.7423706054688,-1,-1,1,-1,-1,-1
170,3,1147.736083984375,564.4932861328125,-1,-1,1,-1,-1,-1
171,3,1176.2763671875,564.52880859375,-1,-1,1,-1,-1,-1
172,3,1204.734130859375,564.5811767578125,-1,-1,1,-1,-1,-1
173,3,1240.2076416015625,564.5250244140625,-1,-1,1,-1,-1,-1
173,4,338.15447998046875,670.8887939453125,-1,-1,1,-1,-1,-1
174,3,1275.754150390625,564.515625,-1,-1,1,-1,-1,-1
174,4,366.5090026855469,670.7142333984375,-1,-1,1,-1,-1,-1
175,3,1304.1068115234375,564.5647583007812,-1,-1,1,-1,-1,-1
175,4,402.1255798339844,670.5615844726562,-1,-1,1,-1,-1,-1
176,3,1339.647216796875,564.513671875,-1,-1,1,-1,-1,-1
177,3,1375.25146484375,564.6652221679688,-1,-1,1,-1,-1,-1
177,4,473.0441589355469,663.5751953125,-1,-1,1,-1,-1,-1
178,4,501.4770812988281,663.5698852539062,-1,-1,1,-1,-1,-1
179,4,530.0447998046875,663.39404296875,-1,-1,1,-1,-1,-1
180,4,565.4163208007812,656.1415405273438,-1,-1,1,-1,-1,-1
180,5,274.07598876953125,677.4890747070312,-1,-1,1,-1,-1,-1
181,4,600.9571533203125,656.336669921875,-1,-1,1,-1,-1,-1
181,5,309.5495910644531,677.620361328125,-1,-1,1,-1,-1,-1
182,4,629.3657836914062,663.47216796875,-1,-1,1,-1,-1,-1
182,5,337.99530029296875,677.5059204101562,-1,-1,1,-1,-1,-1
183,4,664.8671875,663.3260498046875,-1,-1,1,-1,-1,-1
183,5,373.41015625,677.431884765625,-1,-1,1,-1,-1,-1
184,4,700.43359375,663.4415283203125,-1,-1,1,-1,-1,-1
184,5,408.9591369628906,685.2055053710938,-1,-1,1,-1,-1,-1
185,4,728.722412109375,663.4072265625,-1,-1,1,-1,-1,-1
185,5,430.09844970703125,677.4661865234375,-1,-1,1,-1,-1,-1
186,4,764.1849365234375,663.547607421875,-1,-1,1,-1,-1,-1
186,5,458.6976318359375,677.3571166992188,-1,-1,1,-1,-1,-1
187,4,792.6990356445312,663.4822998046875,-1,-1,1,-1,-1,-1
187,5,494.2372131347656,685.0985717773438,-1,-1,1,-1,-1,-1
188,5,515.350830078125,684.808837890625,-1,-1,1,-1,-1,-1
189,4,856.736572265625,670.6107177734375,-1,-1,1,-1,-1,-1
189,5,543.7824096679688,684.6748046875,-1,-1,1,-1,-1,-1
190,4,892.17138671875,670.509521484375,-1,-1,1,-1,-1,-1
190,5,572.2775268554688,684.5372314453125,-1,-1,1,-1,-1,-1
191,4,920.5992431640625,677.7161865234375,-1,-1,1,-1,-1,-1
191,5,600.6922607421875,684.709716796875,-1,-1,1,-1,-1,-1
192,4,949.0167846679688,677.6973266601562,-1,-1,1,-1,-1,-1
192,5,629.0369873046875,684.8004150390625,-1,-1,1,-1,-1,-1
193,4,984.6279296875,677.7124633789062,-1,-1,1,-1,-1,-1
193,5,657.579833984375,692.1974487304688,-1,-1,1,-1,-1,-1
194,4,1012.99755859375,677.5987548828125,-1,-1,1,-1,-1,-1
194,5,678.88232421875,691.9354248046875,-1,-1,1,-1,-1,-1
195,5,707.30908203125,691.920166015625,-1,-1,1,-1,-1,-1
196,5,742.756103515625,699.4801635742188,-1,-1,1,-1,-1,-1
197,5,771.0797119140625,699.2562255859375,-1,-1,1,-1,-1,-1
198,5,799.6766357421875,699.0761108398438,-1,-1,1,-1,-1,-1
199,5,828.1127319335938,698.9979248046875,-1,-1,1,-1,-1,-1
200,5,863.5250854492188,706.340087890625,-1,-1,1,-1,-1,-1
201,5,892.06298828125,706.0635986328125,-1,-1,1,-1,-1,-1
202,5,927.6570434570312,713.5965576171875,-1,-1,1,-1,-1,-1
203,5,955.9882202148438,713.3641357421875,-1,-1,1,-1,-1,-1
205,5,1020.2437133789062,720.6651611328125,-1,-1,1,-1,-1,-1
206,5,1048.5760498046875,720.3116455078125,-1,-1,1,-1,-1,-1
207,5,1084.096435546875,727.8670654296875,-1,-1,1,-1,-1,-1
208,5,1119.415771484375,727.5433349609375,-1,-1,1,-1,-1,-1
209,5,1140.801025390625,728.0594482421875,-1,-1,1,-1,-1,-1
210,5,1183.5665283203125,727.834228515625,-1,-1,1,-1,-1,-1
211,5,1219.2071533203125,734.8648071289062,-1,-1,1,-1,-1,-1
212,5,1254.770263671875,734.90185546875,-1,-1,1,-1,-1,-1
213,5,1290.13427734375,734.8171997070312,-1,-1,1,-1,-1,-1
214,5,1318.491943359375,734.5643310546875,-1,-1,1,-1,-1,-1
222,5,1609.9697265625,734.9730224609375,-1,-1,1,-1,-1,-1
224,5,1681.1331787109375,734.9755859375,-1,-1,1,-1,-1,-1
261,6,1218.552001953125,635.5872802734375,-1,-1,1,-1,-1,-1
262,6,1240.0194091796875,643.066162109375,-1,-1,1,-1,-1,-1
263,6,1261.1385498046875,642.974609375,-1,-1,1,-1,-1,-1
264,6,1282.48583984375,642.7689208984375,-1,-1,1,-1,-1,-1
265,6,1296.68359375,642.9044189453125,-1,-1,1,-1,-1,-1
266,6,1325.164306640625,642.8494262695312,-1,-1,1,-1,-1,-1
315,7,437.290283203125,642.4951171875,-1,-1,1,-1,-1,-1
319,7,422.8258056640625,664.0323486328125,-1,-1,1,-1,-1,-1
321,7,415.8385009765625,670.9803466796875,-1,-1,1,-1,-1,-1
326,7,408.6439208984375,670.997314453125,-1,-1,1,-1,-1,-1
328,7,408.7310791015625,671.0941162109375,-1,-1,1,-1,-1,-1
329,7,408.5992126464844,671.0654296875,-1,-1,1,-1,-1,-1
330,7,408.56793212890625,670.9296875,-1,-1,1,-1,-1,-1
331,7,415.75140380859375,670.8197021484375,-1,-1,1,-1,-1,-1
332,7,415.8905334472656,670.775634765625,-1,-1,1,-1,-1,-1
333,7,415.7064514160156,671.11083984375,-1,-1,1,-1,-1,-1
334,7,422.7452392578125,671.0596313476562,-1,-1,1,-1,-1,-1
335,7,430.0462341308594,671.008056640625,-1,-1,1,-1,-1,-1
336,7,437.177490234375,670.8748168945312,-1,-1,1,-1,-1,-1
337,7,444.1094970703125,678.12451171875,-1,-1,1,-1,-1,-1
338,7,451.26177978515625,685.5516357421875,-1,-1,1,-1,-1,-1
339,7,458.4359436035156,685.1791381835938,-1,-1,1,-1,-1,-1
340,7,472.69964599609375,692.2056884765625,-1,-1,1,-1,-1,-1
341,7,486.78680419921875,699.8021240234375,-1,-1,1,-1,-1,-1
342,7,501.1900634765625,699.4061279296875,-1,-1,1,-1,-1,-1
343,7,522.3073120117188,706.8086547851562,-1,-1,1,-1,-1,-1
344,7,536.5274658203125,706.8031005859375,-1,-1,1,-1,-1,-1
345,7,550.8020629882812,706.801513671875,-1,-1,1,-1,-1,-1
346,7,565.029052734375,699.467041015625,-1,-1,1,-1,-1,-1
347,7,579.14208984375,706.7181396484375,-1,-1,1,-1,-1,-1
348,7,600.41796875,706.63427734375,-1,-1,1,-1,-1,-1
349,7,614.61474609375,713.910888671875,-1,-1,1,-1,-1,-1
350,7,636.098876953125,713.837158203125,-1,-1,1,-1,-1,-1
351,7,650.284423828125,706.70458984375,-1,-1,1,-1,-1,-1
352,7,671.533935546875,699.775146484375,-1,-1,1,-1,-1,-1
353,7,678.64453125,685.3204345703125,-1,-1,1,-1,-1,-1
354,7,692.742431640625,678.4092407226562,-1,-1,1,-1,-1,-1
355,7,714.2044067382812,671.298583984375,-1,-1,1,-1,-1,-1
356,7,728.4381713867188,664.0415649414062,-1,-1,1,-1,-1,-1
357,7,742.63916015625,657.0601806640625,-1,-1,1,-1,-1,-1
358,7,749.7557373046875,649.9766235351562,-1,-1,1,-1,-1,-1
359,7,756.919677734375,642.900390625,-1,-1,1,-1,-1,-1
360,7,763.8955078125,635.8319091796875,-1,-1,1,-1,-1,-1
