130,1,117.30401611328125,642.739501953125,-1,-1,1,-1,-1,-1
131,1,145.89614868164062,642.938232421875,-1,-1,1,-1,-1,-1
132,1,166.99978637695312,635.6192626953125,-1,-1,1,-1,-1,-1
133,1,188.48147583007812,635.7767333984375,-1,-1,1,-1,-1,-1
134,1,216.90249633789062,628.39990234375,-1,-1,1,-1,-1,-1
135,1,238.220458984375,628.6949462890625,-1,-1,1,-1,-1,-1
136,1,259.61224365234375,621.4008178710938,-1,-1,1,-1,-1,-1
137,1,280.814453125,621.5209350585938,-1,-1,1,-1,-1,-1
138,1,302.0833740234375,621.5712890625,-1,-1,1,-1,-1,-1
139,1,323.5259094238281,614.2747192382812,-1,-1,1,-1,-1,-1
140,1,337.71893310546875,614.364013671875,-1,-1,1,-1,-1,-1
141,1,351.86676025390625,614.45068359375,-1,-1,1,-1,-1,-1
142,1,359.07379150390625,614.4232177734375,-1,-1,1,-1,-1,-1
143,1,366.2015380859375,614.4901123046875,-1,-1,1,-1,-1,-1
144,1,373.1922912597656,607.1815185546875,-1,-1,1,-1,-1,-1
146,1,366.1111755371094,607.26416015625,-1,-1,1,-1,-1,-1
147,1,359.1305847167969,600.0927734375,-1,-1,1,-1,-1,-1
148,1,344.9837951660156,600.0855102539062,-1,-1,1,-1,-1,-1
149,1,337.6373596191406,607.3900756835938,-1,-1,1,-1,-1,-1
150,1,323.45318603515625,607.359375,-1,-1,1,-1,-1,-1
151,1,316.41925048828125,607.3682250976562,-1,-1,1,-1,-1,-1
152,1,302.08721923828125,607.414794921875,-1,-1,1,-1,-1,-1
153,1,295.02752685546875,607.3114013671875,-1,-1,1,-1,-1,-1
154,1,287.9432067871094,607.3567504882812,-1,-1,1,-1,-1,-1
155,1,273.70379638671875,607.233154296875,-1,-1,1,-1,-1,-1
156,1,266.6121520996094,607.2846069335938,-1,-1,1,-1,-1,-1
157,1,266.664306640625,607.1851806640625,-1,-1,1,-1,-1,-1
158,1,259.3771667480469,614.4453735351562,-1,-1,1,-1,-1,-1
159,1,259.38958740234375,614.4033813476562,-1,-1,1,-1,-1,-1
160,1,259.33544921875,614.30615234375,-1,-1,1,-1,-1,-1
161,1,252.45639038085938,607.210693359375,-1,-1,1,-1,-1,-1
162,1,252.3790283203125,607.0741577148438,-1,-1,1,-1,-1,-1
163,1,245.3134765625,607.3056640625,-1,-1,1,-1,-1,-1
164,1,252.33583068847656,607.196533203125,-1,-1,1,-1,-1,-1
165,1,252.32015991210938,607.2611083984375,-1,-1,1,-1,-1,-1
166,1,259.5904541015625,600.12646484375,-1,-1,1,-1,-1,-1
167,1,266.5867919921875,599.985107421875,-1,-1,1,-1,-1,-1
168,1,273.69256591796875,593.098388671875,-1,-1,1,-1,-1,-1
169,1,280.82781982421875,585.8759765625,-1,-1,1,-1,-1,-1
170,1,280.93182373046875,578.849609375,-1,-1,1,-1,-1,-1
171,1,287.87896728515625,578.8035888671875,-1,-1,1,-1,-1,-1
172,1,288.0098876953125,571.8997802734375,-1,-1,1,-1,-1,-1
173,1,288.0693359375,564.5856323242188,-1,-1,1,-1,-1,-1
174,1,295.12548828125,557.5465087890625,-1,-1,1,-1,-1,-1
175,1,302.3489074707031,557.4857177734375,-1,-1,1,-1,-1,-1
176,1,309.1670837402344,557.29931640625,-1,-1,1,-1,-1,-1
177,1,309.3619689941406,550.3014526367188,-1,-1,1,-1,-1,-1
178,1,323.39306640625,550.3409423828125,-1,-1,1,-1,-1,-1
179,1,330.520751953125,543.2572631835938,-1,-1,1,-1,-1,-1
180,1,330.5224609375,536.0999145507812,-1,-1,1,-1,-1,-1
181,1,330.449462890625,536.0418701171875,-1,-1,1,-1,-1,-1
182,1,323.5079650878906,528.9713134765625,-1,-1,1,-1,-1,-1
183,1,323.55767822265625,528.9722900390625,-1,-1,1,-1,-1,-1
184,1,330.6988525390625,528.9498291015625,-1,-1,1,-1,-1,-1
185,1,337.73052978515625,535.9481201171875,-1,-1,1,-1,-1,-1
186,1,352.0431213378906,535.9906616210938,-1,-1,1,-1,-1,-1
187,1,359.2380065917969,536.02197265625,-1,-1,1,-1,-1,-1
188,1,373.3177490234375,543.0654296875,-1,-1,1,-1,-1,-1
189,1,380.62640380859375,543.0196533203125,-1,-1,1,-1,-1,-1
190,1,387.6258239746094,550.0586547851562,-1,-1,1,-1,-1,-1
191,1,402.00811767578125,550.1553955078125,-1,-1,1,-1,-1,-1
192,1,416.0390319824219,557.18017578125,-1,-1,1,-1,-1,-1
193,1,437.4378662109375,557.1594848632812,-1,-1,1,-1,-1,-1
194,1,458.6966552734375,557.198486328125,-1,-1,1,-1,-1,-1
195,1,473.02020263671875,557.192626953125,-1,-1,1,-1,-1,-1
196,1,494.21697998046875,557.1483764648438,-1,-1,1,-1,-1,-1
197,1,515.5804443359375,557.1466064453125,-1,-1,1,-1,-1,-1
198,1,536.986328125,557.1490478515625,-1,-1,1,-1,-1,-1
199,1,558.1707763671875,557.0723876953125,-1,-1,1,-1,-1,-1
200,1,579.6885986328125,550.0639038085938,-1,-1,1,-1,-1,-1
201,1,600.93798828125,550.1254272460938,-1,-1,1,-1,-1,-1
202,1,622.0737915039062,549.9471435546875,-1,-1,1,-1,-1,-1
203,1,643.4339599609375,543.00927734375,-1,-1,1,-1,-1,-1
204,1,664.853271484375,542.9296875,-1,-1,1,-1,-1,-1
205,1,686.1396484375,535.916015625,-1,-1,1,-1,-1,-1
206,1,714.6531982421875,535.9789428710938,-1,-1,1,-1,-1,-1
207,1,735.8697509765625,535.8253784179688,-1,-1,1,-1,-1,-1
208,1,764.41015625,528.8235473632812,-1,-1,1,-1,-1,-1
209,1,785.6624755859375,528.6973266601562,-1,-1,1,-1,-1,-1
210,1,814.0123901367188,528.8072509765625,-1,-1,1,-1,-1,-1
211,1,842.4473876953125,528.811767578125,-1,-1,1,-1,-1,-1
212,1,863.7933349609375,528.78125,-1,-1,1,-1,-1,-1
213,1,892.1473999023438,528.81005859375,-1,-1,1,-1,-1,-1
214,1,913.5111694335938,528.747802734375,-1,-1,1,-1,-1,-1
215,1,941.83056640625,528.7218017578125,-1,-1,1,-1,-1,-1
216,1,970.2408447265625,528.68994140625,-1,-1,1,-1,-1,-1
217,1,998.7966918945312,528.7398071289062,-1,-1,1,-1,-1,-1
218,1,1027.1826171875,521.7781372070312,-1,-1,1,-1,-1,-1
219,1,1062.761474609375,528.7354736328125,-1,-1,1,-1,-1,-1
220,1,1083.975830078125,528.7164306640625,-1,-1,1,-1,-1,-1
221,1,1119.5648193359375,528.7509155273438,-1,-1,1,-1,-1,-1
222,1,1147.934326171875,528.7816162109375,-1,-1,1,-1,-1,-1
223,1,1176.438720703125,528.7781982421875,-1,-1,1,-1,-1,-1
224,1,1204.8028564453125,528.7581176757812,-1,-1,1,-1,-1,-1
225,1,1233.14794921875,528.8084716796875,-1,-1,1,-1,-1,-1
226,1,1261.5596923828125,521.8236083984375,-1,-1,1,-1,-1,-1
227,1,1290.086181640625,521.7716064453125,-1,-1,1,-1,-1,-1
228,1,1318.53466796875,521.7802734375,-1,-1,1,-1,-1,-1
229,1,1346.880859375,521.6737060546875,-1,-1,1,-1,-1,-1
230,1,1375.269775390625,514.512451171875,-1,-1,1,-1,-1,-1
231,1,1410.9521484375,514.66015625,-1,-1,1,-1,-1,-1
232,1,1439.4178466796875,507.4378662109375,-1,-1,1,-1,-1,-1
233,1,1467.686279296875,500.54742431640625,-1,-1,1,-1,-1,-1
235,1,1531.617919921875,493.487548828125,-1,-1,1,-1,-1,-1
