29,1,309.47607421875,727.8003540039062,-1,-1,1,-1,-1,-1
31,1,380.54608154296875,727.8511962890625,-1,-1,1,-1,-1,-1
32,1,415.9806213378906,734.935791015625,-1,-1,1,-1,-1,-1
33,1,493.76531982421875,820.06689453125,-1,-1,1,-1,-1,-1
34,1,494.0224609375,735.1205444335938,-1,-1,1,-1,-1,-1
35,1,586.4088134765625,827.4320678710938,-1,-1,1,-1,-1,-1
36,1,629.2073974609375,834.4071044921875,-1,-1,1,-1,-1,-1
37,1,679.2408447265625,841.4806518554688,-1,-1,1,-1,-1,-1
39,1,699.97216796875,734.9434814453125,-1,-1,1,-1,-1,-1
40,1,735.5867309570312,741.892333984375,-1,-1,1,-1,-1,-1
41,1,771.2044677734375,749.1846313476562,-1,-1,1,-1,-1,-1
42,1,813.8299560546875,741.983154296875,-1,-1,1,-1,-1,-1
43,1,849.4193725585938,749.12548828125,-1,-1,1,-1,-1,-1
44,1,892.0234375,756.0911865234375,-1,-1,1,-1,-1,-1
45,1,934.6753540039062,763.4126586914062,-1,-1,1,-1,-1,-1
46,1,977.25634765625,763.2188720703125,-1,-1,1,-1,-1,-1
47,1,1027.0452880859375,770.4047241210938,-1,-1,1,-1,-1,-1
48,1,1069.7373046875,770.2175903320312,-1,-1,1,-1,-1,-1
49,1,1119.3988037109375,777.3292236328125,-1,-1,1,-1,-1,-1
50,1,1162.2467041015625,770.344482421875,-1,-1,1,-1,-1,-1
51,1,1197.5322265625,763.1126708984375,-1,-1,1,-1,-1,-1
52,1,1240.21484375,763.140625,-1,-1,1,-1,-1,-1
53,1,1282.8018798828125,763.15771484375,-1,-1,1,-1,-1,-1
54,1,1332.46337890625,763.2470703125,-1,-1,1,-1,-1,-1
55,1,1375.180419921875,763.2506103515625,-1,-1,1,-1,-1,-1
56,1,1417.7247314453125,763.23583984375,-1,-1,1,-1,-1,-1
57,1,1467.46337890625,763.274169921875,-1,-1,1,-1,-1,-1
226,2,67.82817840576172,642.8553466796875,-1,-1,1,-1,-1,-1
227,2,88.98308563232422,642.867919921875,-1,-1,1,-1,-1,-1
228,2,117.21910095214844,649.8251953125,-1,-1,1,-1,-1,-1
229,2,145.2791290283203,649.9532470703125,-1,-1,1,-1,-1,-1
230,2,152.78924560546875,649.9425048828125,-1,-1,1,-1,-1,-1
234,2,309.35443115234375,649.7684326171875,-1,-1,1,-1,-1,-1
235,2,337.7825622558594,649.7577514648438,-1,-1,1,-1,-1,-1
236,2,366.0166015625,649.8648681640625,-1,-1,1,-1,-1,-1
237,2,401.76922607421875,649.5538940429688,-1,-1,1,-1,-1,-1
238,2,430.1453857421875,642.5809326171875,-1,-1,1,-1,-1,-1
239,2,465.7138366699219,649.4188232421875,-1,-1,1,-1,-1,-1
240,2,493.98193359375,649.6180419921875,-1,-1,1,-1,-1,-1
241,2,522.4256591796875,649.6421508789062,-1,-1,1,-1,-1,-1
242,2,558.1703491210938,649.6444091796875,-1,-1,1,-1,-1,-1
243,2,586.6461181640625,649.6317749023438,-1,-1,1,-1,-1,-1
244,2,614.8135986328125,642.7435302734375,-1,-1,1,-1,-1,-1
245,2,650.491943359375,649.7587280273438,-1,-1,1,-1,-1,-1
246,2,678.4600830078125,642.7942504882812,-1,-1,1,-1,-1,-1
247,2,714.1653442382812,642.8403930664062,-1,-1,1,-1,-1,-1
248,2,742.3231811523438,642.8251342773438,-1,-1,1,-1,-1,-1
249,2,770.7415771484375,635.7498168945312,-1,-1,1,-1,-1,-1
250,2,806.1046142578125,635.7020263671875,-1,-1,1,-1,-1,-1
251,2,834.679443359375,628.6243896484375,-1,-1,1,-1,-1,-1
252,2,863.10009765625,628.5576171875,-1,-1,1,-1,-1,-1
253,2,884.2257080078125,628.7560424804688,-1,-1,1,-1,-1,-1
254,2,919.7161865234375,628.5618286132812,-1,-1,1,-1,-1,-1
255,2,948.188720703125,628.7066040039062,-1,-1,1,-1,-1,-1
256,2,969.3809204101562,635.85205078125,-1,-1,1,-1,-1,-1
257,2,997.7413940429688,628.7354736328125,-1,-1,1,-1,-1,-1
258,2,1019.3859252929688,628.6400756835938,-1,-1,1,-1,-1,-1
259,2,1047.8109130859375,628.5094604492188,-1,-1,1,-1,-1,-1
260,2,1069.0438232421875,635.968994140625,-1,-1,1,-1,-1,-1
277,3,1077.205810546875,756.1390380859375,-1,-1,1,-1,-1,-1
278,3,1133.889892578125,749.001953125,-1,-1,1,-1,-1,-1
279,3,1183.30615234375,742.1695556640625,-1,-1,1,-1,-1,-1
280,3,1240.086669921875,735.1052856445312,-1,-1,1,-1,-1,-1
281,3,1296.972900390625,728.1017456054688,-1,-1,1,-1,-1,-1
282,3,1353.6864013671875,727.898193359375,-1,-1,1,-1,-1,-1
283,3,1410.88232421875,728.0628662109375,-1,-1,1,-1,-1,-1
296,4,387.51727294921875,635.2528076171875,-1,-1,1,-1,-1,-1
298,4,458.7565612792969,628.4381103515625,-1,-1,1,-1,-1,-1
299,4,494.14434814453125,628.2496337890625,-1,-1,1,-1,-1,-1
300,4,522.54833984375,621.3515625,-1,-1,1,-1,-1,-1
301,4,558.1649780273438,621.1947021484375,-1,-1,1,-1,-1,-1
302,4,586.5262451171875,614.1702880859375,-1,-1,1,-1,-1,-1
303,4,614.9512939453125,614.0872802734375,-1,-1,1,-1,-1,-1
304,4,650.52001953125,607.1844482421875,-1,-1,1,-1,-1,-1
305,4,671.7391357421875,607.08935546875,-1,-1,1,-1,-1,-1
306,4,700.1168823242188,606.894775390625,-1,-1,1,-1,-1,-1
307,4,728.729736328125,600.03369140625,-1,-1,1,-1,-1,-1
308,4,764.2867431640625,592.905517578125,-1,-1,1,-1,-1,-1
309,4,792.736572265625,592.9151000976562,-1,-1,1,-1,-1,-1
310,4,821.1054077148438,592.7830810546875,-1,-1,1,-1,-1,-1
311,4,849.4808349609375,592.7633666992188,-1,-1,1,-1,-1,-1
314,4,934.8383178710938,585.6107177734375,-1,-1,1,-1,-1,-1
315,4,963.28125,578.684814453125,-1,-1,1,-1,-1,-1
316,4,991.659423828125,578.6746826171875,-1,-1,1,-1,-1,-1
317,4,1020.0349731445312,578.7088623046875,-1,-1,1,-1,-1,-1
321,4,1126.650146484375,578.5391845703125,-1,-1,1,-1,-1,-1
322,4,1155.0770263671875,571.6435546875,-1,-1,1,-1,-1,-1
323,4,1176.421630859375,571.671630859375,-1,-1,1,-1,-1,-1
324,4,1204.958740234375,564.5662841796875,-1,-1,1,-1,-1,-1
325,4,1233.25341796875,564.544189453125,-1,-1,1,-1,-1,-1
326,4,1254.519775390625,564.4376220703125,-1,-1,1,-1,-1,-1
327,4,1275.86083984375,564.3312377929688,-1,-1,1,-1,-1,-1
328,4,1304.364013671875,557.4727172851562,-1,-1,1,-1,-1,-1
329,4,1332.6236572265625,557.5753173828125,-1,-1,1,-1,-1,-1
331,4,1382.45703125,564.543212890625,-1,-1,1,-1,-1,-1
