1,1,1190.6764705882354,631.5,-1,-1,1,-1,-1,-1
2,1,1230.3823529411766,639.5,-1,-1,1,-1,-1,-1
3,1,1262.1470588235295,639.5,-1,-1,1,-1,-1,-1
4,1,1301.8529411764707,647.5,-1,-1,1,-1,-1,-1
5,1,1333.6176470588236,647.5,-1,-1,1,-1,-1,-1
6,1,1381.264705882353,647.5,-1,-1,1,-1,-1,-1
7,1,1428.9117647058824,647.5,-1,-1,1,-1,-1,-1
8,1,1468.6176470588236,639.5,-1,-1,1,-1,-1,-1
9,1,1508.3235294117646,647.5,-1,-1,1,-1,-1,-1
10,1,1540.0882352941178,647.5,-1,-1,1,-1,-1,-1
11,1,1595.6764705882354,639.5,-1,-1,1,-1,-1,-1
12,1,1635.3823529411766,639.5,-1,-1,1,-1,-1,-1
13,1,1690.9705882352941,631.5,-1,-1,1,-1,-1,-1
19,2,912.7352941176471,783.5,-1,-1,1,-1,-1,-1
20,2,928.6176470588235,783.5,-1,-1,1,-1,-1,-1
21,2,960.3823529411765,791.5,-1,-1,1,-1,-1,-1
22,2,1015.9705882352941,783.5,-1,-1,1,-1,-1,-1
23,2,1079.5,783.5,-1,-1,1,-1,-1,-1
24,2,1127.1470588235295,791.5,-1,-1,1,-1,-1,-1
25,2,1174.7941176470588,791.5,-1,-1,1,-1,-1,-1
26,2,1246.264705882353,791.5,-1,-1,1,-1,-1,-1
28,3,110.6764705882353,607.5,-1,-1,1,-1,-1,-1
29,3,166.26470588235296,607.5,-1,-1,1,-1,-1,-1
30,3,190.08823529411765,607.5,-1,-1,1,-1,-1,-1
31,3,245.6764705882353,599.5,-1,-1,1,-1,-1,-1
32,3,285.38235294117646,599.5,-1,-1,1,-1,-1,-1
33,3,325.0882352941177,599.5,-1,-1,1,-1,-1,-1
34,3,364.79411764705884,591.5,-1,-1,1,-1,-1,-1
35,3,404.5,591.5,-1,-1,1,-1,-1,-1
36,3,444.2058823529412,583.5,-1,-1,1,-1,-1,-1
37,3,475.97058823529414,591.5,-1,-1,1,-1,-1,-1
52,3,499.79411764705884,575.5,-1,-1,1,-1,-1,-1
53,3,523.6176470588235,567.5,-1,-1,1,-1,-1,-1
54,3,555.3823529411765,551.5,-1,-1,1,-1,-1,-1
55,3,595.0882352941177,543.5,-1,-1,1,-1,-1,-1
57,3,690.3823529411765,519.5,-1,-1,1,-1,-1,-1
58,3,753.9117647058823,511.5,-1,-1,1,-1,-1,-1
59,3,817.4411764705883,511.5,-1,-1,1,-1,-1,-1
60,3,873.0294117647059,503.5,-1,-1,1,-1,-1,-1
61,3,920.6764705882354,495.5,-1,-1,1,-1,-1,-1
62,3,976.2647058823529,487.5,-1,-1,1,-1,-1,-1
63,3,1008.0294117647059,479.5,-1,-1,1,-1,-1,-1
64,3,1031.8529411764707,471.5,-1,-1,1,-1,-1,-1
65,3,1071.5588235294117,455.5,-1,-1,1,-1,-1,-1
66,3,1111.264705882353,455.5,-1,-1,1,-1,-1,-1
67,3,1143.0294117647059,439.5,-1,-1,1,-1,-1,-1
68,3,1190.6764705882354,439.5,-1,-1,1,-1,-1,-1
70,3,1262.1470588235295,431.5,-1,-1,1,-1,-1,-1
177,4,1555.9705882352941,623.5,-1,-1,1,-1,-1,-1
178,4,1579.7941176470588,623.5,-1,-1,1,-1,-1,-1
179,4,1627.4411764705883,623.5,-1,-1,1,-1,-1,-1
180,4,1651.264705882353,623.5,-1,-1,1,-1,-1,-1
181,4,1698.9117647058824,631.5,-1,-1,1,-1,-1,-1
182,4,1738.6176470588236,631.5,-1,-1,1,-1,-1,-1
232,5,380.6764705882353,591.5,-1,-1,1,-1,-1,-1
233,5,412.44117647058823,583.5,-1,-1,1,-1,-1,-1
234,5,436.2647058823529,583.5,-1,-1,1,-1,-1,-1
235,5,460.0882352941177,583.5,-1,-1,1,-1,-1,-1
236,5,483.9117647058824,583.5,-1,-1,1,-1,-1,-1
237,5,507.7352941176471,575.5,-1,-1,1,-1,-1,-1
238,5,539.5,575.5,-1,-1,1,-1,-1,-1
239,5,571.2647058823529,567.5,-1,-1,1,-1,-1,-1
240,5,603.0294117647059,567.5,-1,-1,1,-1,-1,-1
241,5,626.8529411764706,567.5,-1,-1,1,-1,-1,-1
242,5,658.6176470588235,567.5,-1,-1,1,-1,-1,-1
243,5,698.3235294117648,567.5,-1,-1,1,-1,-1,-1
244,5,738.0294117647059,559.5,-1,-1,1,-1,-1,-1
245,5,769.7941176470589,559.5,-1,-1,1,-1,-1,-1
246,5,809.5,551.5,-1,-1,1,-1,-1,-1
247,5,849.2058823529412,551.5,-1,-1,1,-1,-1,-1
248,5,896.8529411764706,543.5,-1,-1,1,-1,-1,-1
249,5,936.5588235294118,535.5,-1,-1,1,-1,-1,-1
250,5,984.2058823529412,535.5,-1,-1,1,-1,-1,-1
251,5,1031.8529411764707,535.5,-1,-1,1,-1,-1,-1
252,5,1079.5,527.5,-1,-1,1,-1,-1,-1
253,5,1127.1470588235295,527.5,-1,-1,1,-1,-1,-1
254,5,1182.735294117647,527.5,-1,-1,1,-1,-1,-1
255,5,1238.3235294117646,527.5,-1,-1,1,-1,-1,-1
256,5,1301.8529411764707,527.5,-1,-1,1,-1,-1,-1
257,5,1357.4411764705883,511.5,-1,-1,1,-1,-1,-1
258,5,1428.9117647058824,511.5,-1,-1,1,-1,-1,-1
259,5,1500.3823529411766,511.5,-1,-1,1,-1,-1,-1
260,5,1571.8529411764707,503.5,-1,-1,1,-1,-1,-1
261,5,1651.264705882353,503.5,-1,-1,1,-1,-1,-1
262,5,1730.6764705882354,495.5,-1,-1,1,-1,-1,-1
263,5,1825.9705882352941,495.5,-1,-1,1,-1,-1,-1
308,7,1262.1470588235295,383.5,-1,-1,1,-1,-1,-1
309,7,1285.9705882352941,375.5,-1,-1,1,-1,-1,-1
310,7,1301.8529411764707,375.5,-1,-1,1,-1,-1,-1
311,7,1325.6764705882354,375.5,-1,-1,1,-1,-1,-1
312,6,563.3235294117648,655.5,-1,-1,1,-1,-1,-1
312,7,1349.5,383.5,-1,-1,1,-1,-1,-1
313,6,563.3235294117648,663.5,-1,-1,1,-1,-1,-1
313,7,1802.1470588235295,647.5,-1,-1,1,-1,-1,-1
314,6,563.3235294117648,671.5,-1,-1,1,-1,-1,-1
314,7,1397.1470588235295,375.5,-1,-1,1,-1,-1,-1
315,6,571.2647058823529,679.5,-1,-1,1,-1,-1,-1
315,7,1428.9117647058824,375.5,-1,-1,1,-1,-1,-1
316,6,571.2647058823529,679.5,-1,-1,1,-1,-1,-1
316,7,1452.735294117647,367.5,-1,-1,1,-1,-1,-1
317,6,579.2058823529412,671.5,-1,-1,1,-1,-1,-1
317,7,1484.5,367.5,-1,-1,1,-1,-1,-1
318,6,587.1470588235294,679.5,-1,-1,1,-1,-1,-1
318,7,1508.3235294117646,359.5,-1,-1,1,-1,-1,-1
319,6,610.9705882352941,679.5,-1,-1,1,-1,-1,-1
319,7,1548.0294117647059,351.5,-1,-1,1,-1,-1,-1
320,6,634.7941176470588,671.5,-1,-1,1,-1,-1,-1
320,7,1571.8529411764707,335.5,-1,-1,1,-1,-1,-1
321,6,658.6176470588235,679.5,-1,-1,1,-1,-1,-1
321,7,1611.5588235294117,327.5,-1,-1,1,-1,-1,-1
322,6,682.4411764705883,679.5,-1,-1,1,-1,-1,-1
323,6,714.2058823529412,663.5,-1,-1,1,-1,-1,-1
324,6,745.9705882352941,655.5,-1,-1,1,-1,-1,-1
325,6,777.7352941176471,655.5,-1,-1,1,-1,-1,-1
326,6,825.3823529411765,655.5,-1,-1,1,-1,-1,-1
327,6,865.0882352941177,655.5,-1,-1,1,-1,-1,-1
328,6,920.6764705882354,647.5,-1,-1,1,-1,-1,-1
329,6,960.3823529411765,655.5,-1,-1,1,-1,-1,-1
330,6,1015.9705882352941,655.5,-1,-1,1,-1,-1,-1
331,6,1063.6176470588236,663.5,-1,-1,1,-1,-1,-1
332,6,1111.264705882353,663.5,-1,-1,1,-1,-1,-1
333,6,1166.8529411764707,663.5,-1,-1,1,-1,-1,-1
334,6,1214.5,663.5,-1,-1,1,-1,-1,-1
335,6,1270.0882352941176,663.5,-1,-1,1,-1,-1,-1
336,6,1325.6764705882354,671.5,-1,-1,1,-1,-1,-1
337,6,1381.264705882353,671.5,-1,-1,1,-1,-1,-1
338,6,1444.7941176470588,671.5,-1,-1,1,-1,-1,-1
339,6,1508.3235294117646,671.5,-1,-1,1,-1,-1,-1
375,8,1357.4411764705883,759.5,-1,-1,1,-1,-1,-1
376,8,1428.9117647058824,775.5,-1,-1,1,-1,-1,-1
376,9,55.08823529411765,655.5,-1,-1,1,-1,-1,-1
377,8,1476.5588235294117,791.5,-1,-1,1,-1,-1,-1
377,9,78.91176470588235,655.5,-1,-1,1,-1,-1,-1
378,8,1524.2058823529412,807.5,-1,-1,1,-1,-1,-1
378,9,102.73529411764706,663.5,-1,-1,1,-1,-1,-1
379,8,1563.9117647058824,815.5,-1,-1,1,-1,-1,-1
379,9,388.61764705882354,519.5,-1,-1,1,-1,-1,-1
379,10,126.55882352941177,671.5,-1,-1,1,-1,-1,-1
380,9,412.44117647058823,519.5,-1,-1,1,-1,-1,-1
380,10,158.3235294117647,671.5,-1,-1,1,-1,-1,-1
381,9,452.14705882352945,527.5,-1,-1,1,-1,-1,-1
381,10,182.14705882352942,671.5,-1,-1,1,-1,-1,-1
382,9,475.97058823529414,527.5,-1,-1,1,-1,-1,-1
382,10,213.91176470588235,679.5,-1,-1,1,-1,-1,-1
383,9,515.6764705882354,535.5,-1,-1,1,-1,-1,-1
383,10,245.6764705882353,679.5,-1,-1,1,-1,-1,-1
384,10,269.5,687.5,-1,-1,1,-1,-1,-1
385,9,587.1470588235294,535.5,-1,-1,1,-1,-1,-1
385,10,309.20588235294116,687.5,-1,-1,1,-1,-1,-1
386,9,618.9117647058823,535.5,-1,-1,1,-1,-1,-1
386,10,340.97058823529414,687.5,-1,-1,1,-1,-1,-1
387,9,658.6176470588235,535.5,-1,-1,1,-1,-1,-1
387,10,372.7352941176471,695.5,-1,-1,1,-1,-1,-1
388,9,682.4411764705883,535.5,-1,-1,1,-1,-1,-1
388,10,404.5,695.5,-1,-1,1,-1,-1,-1
389,9,722.1470588235294,527.5,-1,-1,1,-1,-1,-1
389,10,436.2647058823529,687.5,-1,-1,1,-1,-1,-1
390,9,753.9117647058823,527.5,-1,-1,1,-1,-1,-1
390,10,460.0882352941177,687.5,-1,-1,1,-1,-1,-1
391,9,785.6764705882354,519.5,-1,-1,1,-1,-1,-1
391,10,491.8529411764706,679.5,-1,-1,1,-1,-1,-1
392,9,817.4411764705883,519.5,-1,-1,1,-1,-1,-1
392,10,515.6764705882354,679.5,-1,-1,1,-1,-1,-1
393,9,849.2058823529412,511.5,-1,-1,1,-1,-1,-1
393,10,547.4411764705883,671.5,-1,-1,1,-1,-1,-1
394,9,880.9705882352941,503.5,-1,-1,1,-1,-1,-1
394,10,579.2058823529412,663.5,-1,-1,1,-1,-1,-1
395,9,912.7352941176471,495.5,-1,-1,1,-1,-1,-1
395,10,610.9705882352941,655.5,-1,-1,1,-1,-1,-1
396,9,952.4411764705883,487.5,-1,-1,1,-1,-1,-1
396,10,642.7352941176471,655.5,-1,-1,1,-1,-1,-1
397,9,976.2647058823529,487.5,-1,-1,1,-1,-1,-1
397,10,682.4411764705883,655.5,-1,-1,1,-1,-1,-1
398,9,1015.9705882352941,479.5,-1,-1,1,-1,-1,-1
398,10,706.2647058823529,647.5,-1,-1,1,-1,-1,-1
399,9,1047.735294117647,479.5,-1,-1,1,-1,-1,-1
399,10,745.9705882352941,647.5,-1,-1,1,-1,-1,-1
400,9,1095.3823529411766,471.5,-1,-1,1,-1,-1,-1
400,10,777.7352941176471,639.5,-1,-1,1,-1,-1,-1
401,9,1127.1470588235295,479.5,-1,-1,1,-1,-1,-1
401,10,817.4411764705883,631.5,-1,-1,1,-1,-1,-1
402,9,1166.8529411764707,463.5,-1,-1,1,-1,-1,-1
402,10,841.2647058823529,623.5,-1,-1,1,-1,-1,-1
403,9,1206.5588235294117,455.5,-1,-1,1,-1,-1,-1
403,10,888.9117647058824,623.5,-1,-1,1,-1,-1,-1
404,9,1246.264705882353,447.5,-1,-1,1,-1,-1,-1
404,10,920.6764705882354,615.5,-1,-1,1,-1,-1,-1
405,9,1293.9117647058824,439.5,-1,-1,1,-1,-1,-1
405,10,960.3823529411765,615.5,-1,-1,1,-1,-1,-1
406,9,1341.5588235294117,439.5,-1,-1,1,-1,-1,-1
406,10,1008.0294117647059,607.5,-1,-1,1,-1,-1,-1
407,9,1381.264705882353,431.5,-1,-1,1,-1,-1,-1
407,10,1047.735294117647,599.5,-1,-1,1,-1,-1,-1
408,9,1428.9117647058824,431.5,-1,-1,1,-1,-1,-1
408,10,1087.4411764705883,591.5,-1,-1,1,-1,-1,-1
409,9,1484.5,423.5,-1,-1,1,-1,-1,-1
409,10,1135.0882352941176,591.5,-1,-1,1,-1,-1,-1
410,9,1532.1470588235295,423.5,-1,-1,1,-1,-1,-1
410,10,1182.735294117647,599.5,-1,-1,1,-1,-1,-1
411,9,1587.735294117647,415.5,-1,-1,1,-1,-1,-1
411,10,1230.3823529411766,599.5,-1,-1,1,-1,-1,-1
412,9,1643.3235294117646,415.5,-1,-1,1,-1,-1,-1
412,10,1285.9705882352941,599.5,-1,-1,1,-1,-1,-1
413,9,1706.8529411764707,415.5,-1,-1,1,-1,-1,-1
413,10,1333.6176470588236,599.5,-1,-1,1,-1,-1,-1
414,9,1770.3823529411766,407.5,-1,-1,1,-1,-1,-1
414,10,1381.264705882353,599.5,-1,-1,1,-1,-1,-1
415,9,1825.9705882352941,415.5,-1,-1,1,-1,-1,-1
415,10,1428.9117647058824,607.5,-1,-1,1,-1,-1,-1
416,10,1484.5,607.5,-1,-1,1,-1,-1,-1
417,10,1532.1470588235295,607.5,-1,-1,1,-1,-1,-1
418,10,1595.6764705882354,607.5,-1,-1,1,-1,-1,-1
419,10,1643.3235294117646,615.5,-1,-1,1,-1,-1,-1
420,10,1706.8529411764707,607.5,-1,-1,1,-1,-1,-1
421,10,1754.5,607.5,-1,-1,1,-1,-1,-1
422,10,1810.0882352941178,607.5,-1,-1,1,-1,-1,-1
423,10,1857.735294117647,599.5,-1,-1,1,-1,-1,-1
463,11,150.38235294117646,655.5,-1,-1,1,-1,-1,-1
464,11,166.26470588235296,655.5,-1,-1,1,-1,-1,-1
465,11,182.14705882352942,663.5,-1,-1,1,-1,-1,-1
466,11,198.02941176470588,655.5,-1,-1,1,-1,-1,-1
467,11,213.91176470588235,663.5,-1,-1,1,-1,-1,-1
467,12,1071.5588235294117,543.5,-1,-1,1,-1,-1,-1
468,11,229.79411764705884,663.5,-1,-1,1,-1,-1,-1
468,12,1095.3823529411766,543.5,-1,-1,1,-1,-1,-1
469,11,245.6764705882353,663.5,-1,-1,1,-1,-1,-1
469,12,1135.0882352941176,543.5,-1,-1,1,-1,-1,-1
470,11,261.55882352941177,663.5,-1,-1,1,-1,-1,-1
470,12,1158.9117647058824,551.5,-1,-1,1,-1,-1,-1
471,11,285.38235294117646,671.5,-1,-1,1,-1,-1,-1
471,12,1190.6764705882354,551.5,-1,-1,1,-1,-1,-1
472,11,301.2647058823529,671.5,-1,-1,1,-1,-1,-1
472,12,1222.4411764705883,559.5,-1,-1,1,-1,-1,-1
473,11,317.1470588235294,671.5,-1,-1,1,-1,-1,-1
473,12,1254.2058823529412,567.5,-1,-1,1,-1,-1,-1
474,12,1278.0294117647059,559.5,-1,-1,1,-1,-1,-1
475,11,348.9117647058824,671.5,-1,-1,1,-1,-1,-1
475,12,1317.735294117647,559.5,-1,-1,1,-1,-1,-1
476,11,364.79411764705884,671.5,-1,-1,1,-1,-1,-1
476,12,1349.5,559.5,-1,-1,1,-1,-1,-1
477,11,380.6764705882353,679.5,-1,-1,1,-1,-1,-1
477,12,1381.264705882353,567.5,-1,-1,1,-1,-1,-1
478,11,396.55882352941177,679.5,-1,-1,1,-1,-1,-1
478,12,1413.0294117647059,583.5,-1,-1,1,-1,-1,-1
479,11,412.44117647058823,679.5,-1,-1,1,-1,-1,-1
479,12,1444.7941176470588,591.5,-1,-1,1,-1,-1,-1
480,11,412.44117647058823,695.5,-1,-1,1,-1,-1,-1
480,12,1468.6176470588236,599.5,-1,-1,1,-1,-1,-1
481,11,404.5,703.5,-1,-1,1,-1,-1,-1
481,12,1484.5,607.5,-1,-1,1,-1,-1,-1
482,11,404.5,703.5,-1,-1,1,-1,-1,-1
482,12,1500.3823529411766,615.5,-1,-1,1,-1,-1,-1
483,11,404.5,703.5,-1,-1,1,-1,-1,-1
483,12,1524.2058823529412,615.5,-1,-1,1,-1,-1,-1
484,11,396.55882352941177,711.5,-1,-1,1,-1,-1,-1
484,12,1540.0882352941178,615.5,-1,-1,1,-1,-1,-1
485,11,396.55882352941177,719.5,-1,-1,1,-1,-1,-1
485,12,1563.9117647058824,623.5,-1,-1,1,-1,-1,-1
486,11,404.5,719.5,-1,-1,1,-1,-1,-1
486,12,1587.735294117647,615.5,-1,-1,1,-1,-1,-1
487,11,404.5,719.5,-1,-1,1,-1,-1,-1
487,12,1611.5588235294117,615.5,-1,-1,1,-1,-1,-1
488,11,412.44117647058823,719.5,-1,-1,1,-1,-1,-1
488,12,1627.4411764705883,615.5,-1,-1,1,-1,-1,-1
489,11,412.44117647058823,719.5,-1,-1,1,-1,-1,-1
489,12,1651.264705882353,615.5,-1,-1,1,-1,-1,-1
490,11,420.38235294117646,727.5,-1,-1,1,-1,-1,-1
490,12,1675.0882352941178,607.5,-1,-1,1,-1,-1,-1
491,11,436.2647058823529,727.5,-1,-1,1,-1,-1,-1
491,12,1706.8529411764707,607.5,-1,-1,1,-1,-1,-1
492,11,460.0882352941177,719.5,-1,-1,1,-1,-1,-1
492,12,1738.6176470588236,599.5,-1,-1,1,-1,-1,-1
493,11,483.9117647058824,727.5,-1,-1,1,-1,-1,-1
493,12,1778.3235294117649,599.5,-1,-1,1,-1,-1,-1
494,11,507.7352941176471,719.5,-1,-1,1,-1,-1,-1
494,12,1810.0882352941178,591.5,-1,-1,1,-1,-1,-1
495,11,539.5,719.5,-1,-1,1,-1,-1,-1
495,12,1849.7941176470588,591.5,-1,-1,1,-1,-1,-1
496,11,563.3235294117648,719.5,-1,-1,1,-1,-1,-1
497,11,595.0882352941177,719.5,-1,-1,1,-1,-1,-1
498,11,634.7941176470588,719.5,-1,-1,1,-1,-1,-1
499,11,674.5,727.5,-1,-1,1,-1,-1,-1
500,11,706.2647058823529,727.5,-1,-1,1,-1,-1,-1
501,11,745.9705882352941,727.5,-1,-1,1,-1,-1,-1
502,11,785.6764705882354,727.5,-1,-1,1,-1,-1,-1
503,11,825.3823529411765,727.5,-1,-1,1,-1,-1,-1
504,11,857.1470588235294,735.5,-1,-1,1,-1,-1,-1
504,13,205.97058823529412,591.5,-1,-1,1,-1,-1,-1
505,11,896.8529411764706,735.5,-1,-1,1,-1,-1,-1
505,13,229.79411764705884,599.5,-1,-1,1,-1,-1,-1
506,11,936.5588235294118,743.5,-1,-1,1,-1,-1,-1
506,13,253.61764705882354,599.5,-1,-1,1,-1,-1,-1
507,11,968.3235294117648,743.5,-1,-1,1,-1,-1,-1
507,13,277.44117647058823,599.5,-1,-1,1,-1,-1,-1
508,11,1008.0294117647059,743.5,-1,-1,1,-1,-1,-1
508,13,293.3235294117647,599.5,-1,-1,1,-1,-1,-1
509,11,1039.7941176470588,743.5,-1,-1,1,-1,-1,-1
509,13,309.20588235294116,591.5,-1,-1,1,-1,-1,-1
510,11,1071.5588235294117,735.5,-1,-1,1,-1,-1,-1
510,13,333.0294117647059,599.5,-1,-1,1,-1,-1,-1
511,11,1111.264705882353,735.5,-1,-1,1,-1,-1,-1
511,13,340.97058823529414,599.5,-1,-1,1,-1,-1,-1
512,11,1143.0294117647059,735.5,-1,-1,1,-1,-1,-1
512,13,356.8529411764706,599.5,-1,-1,1,-1,-1,-1
513,11,1174.7941176470588,735.5,-1,-1,1,-1,-1,-1
513,13,372.7352941176471,599.5,-1,-1,1,-1,-1,-1
514,11,1206.5588235294117,735.5,-1,-1,1,-1,-1,-1
514,13,396.55882352941177,599.5,-1,-1,1,-1,-1,-1
515,11,1246.264705882353,735.5,-1,-1,1,-1,-1,-1
515,13,412.44117647058823,599.5,-1,-1,1,-1,-1,-1
516,11,1278.0294117647059,735.5,-1,-1,1,-1,-1,-1
516,13,428.3235294117647,591.5,-1,-1,1,-1,-1,-1
517,11,1317.735294117647,735.5,-1,-1,1,-1,-1,-1
517,13,452.14705882352945,599.5,-1,-1,1,-1,-1,-1
518,11,1349.5,727.5,-1,-1,1,-1,-1,-1
518,13,475.97058823529414,599.5,-1,-1,1,-1,-1,-1
519,11,1389.2058823529412,735.5,-1,-1,1,-1,-1,-1
519,13,499.79411764705884,599.5,-1,-1,1,-1,-1,-1
520,11,1420.9705882352941,735.5,-1,-1,1,-1,-1,-1
520,13,523.6176470588235,599.5,-1,-1,1,-1,-1,-1
521,11,1452.735294117647,743.5,-1,-1,1,-1,-1,-1
521,13,547.4411764705883,607.5,-1,-1,1,-1,-1,-1
522,11,1484.5,743.5,-1,-1,1,-1,-1,-1
522,13,579.2058823529412,607.5,-1,-1,1,-1,-1,-1
523,11,1524.2058823529412,743.5,-1,-1,1,-1,-1,-1
523,13,603.0294117647059,607.5,-1,-1,1,-1,-1,-1
524,11,1563.9117647058824,743.5,-1,-1,1,-1,-1,-1
524,13,634.7941176470588,607.5,-1,-1,1,-1,-1,-1
525,11,1595.6764705882354,743.5,-1,-1,1,-1,-1,-1
525,13,658.6176470588235,607.5,-1,-1,1,-1,-1,-1
526,11,1627.4411764705883,743.5,-1,-1,1,-1,-1,-1
526,13,690.3823529411765,607.5,-1,-1,1,-1,-1,-1
527,11,1667.1470588235295,743.5,-1,-1,1,-1,-1,-1
527,13,722.1470588235294,607.5,-1,-1,1,-1,-1,-1
528,11,1698.9117647058824,743.5,-1,-1,1,-1,-1,-1
528,13,745.9705882352941,599.5,-1,-1,1,-1,-1,-1
529,11,1738.6176470588236,743.5,-1,-1,1,-1,-1,-1
529,13,785.6764705882354,599.5,-1,-1,1,-1,-1,-1
530,11,1778.3235294117649,743.5,-1,-1,1,-1,-1,-1
530,13,817.4411764705883,599.5,-1,-1,1,-1,-1,-1
531,11,1825.9705882352941,743.5,-1,-1,1,-1,-1,-1
531,13,849.2058823529412,599.5,-1,-1,1,-1,-1,-1
532,11,1857.735294117647,743.5,-1,-1,1,-1,-1,-1
532,13,888.9117647058824,599.5,-1,-1,1,-1,-1,-1
533,13,928.6176470588235,599.5,-1,-1,1,-1,-1,-1
534,13,968.3235294117648,599.5,-1,-1,1,-1,-1,-1
535,13,1000.0882352941177,591.5,-1,-1,1,-1,-1,-1
536,13,1031.8529411764707,591.5,-1,-1,1,-1,-1,-1
537,13,1079.5,591.5,-1,-1,1,-1,-1,-1
538,13,1119.2058823529412,591.5,-1,-1,1,-1,-1,-1
539,13,1158.9117647058824,599.5,-1,-1,1,-1,-1,-1
540,13,1198.6176470588236,599.5,-1,-1,1,-1,-1,-1
541,13,1230.3823529411766,599.5,-1,-1,1,-1,-1,-1
542,13,1270.0882352941176,599.5,-1,-1,1,-1,-1,-1
543,13,1301.8529411764707,607.5,-1,-1,1,-1,-1,-1
544,13,1341.5588235294117,599.5,-1,-1,1,-1,-1,-1
545,13,1373.3235294117646,599.5,-1,-1,1,-1,-1,-1
546,13,1405.0882352941178,599.5,-1,-1,1,-1,-1,-1
547,13,1436.8529411764707,591.5,-1,-1,1,-1,-1,-1
548,13,1468.6176470588236,591.5,-1,-1,1,-1,-1,-1
549,13,1500.3823529411766,591.5,-1,-1,1,-1,-1,-1
550,13,1540.0882352941178,591.5,-1,-1,1,-1,-1,-1
551,13,1579.7941176470588,583.5,-1,-1,1,-1,-1,-1
552,13,1619.5,583.5,-1,-1,1,-1,-1,-1
553,13,1667.1470588235295,591.5,-1,-1,1,-1,-1,-1
554,13,1706.8529411764707,591.5,-1,-1,1,-1,-1,-1
555,13,1746.5588235294117,599.5,-1,-1,1,-1,-1,-1
556,13,1794.2058823529412,607.5,-1,-1,1,-1,-1,-1
557,13,1833.9117647058824,607.5,-1,-1,1,-1,-1,-1
571,14,809.5,815.5,-1,-1,1,-1,-1,-1
572,14,873.0294117647059,815.5,-1,-1,1,-1,-1,-1
574,14,809.5,871.5,-1,-1,1,-1,-1,-1
575,14,888.9117647058824,871.5,-1,-1,1,-1,-1,-1
576,14,968.3235294117648,871.5,-1,-1,1,-1,-1,-1
577,14,1047.735294117647,871.5,-1,-1,1,-1,-1,-1
578,14,1119.2058823529412,879.5,-1,-1,1,-1,-1,-1
579,14,1198.6176470588236,879.5,-1,-1,1,-1,-1,-1
614,15,261.55882352941177,631.5,-1,-1,1,-1,-1,-1
615,15,340.97058823529414,631.5,-1,-1,1,-1,-1,-1
617,15,499.79411764705884,631.5,-1,-1,1,-1,-1,-1
618,15,571.2647058823529,631.5,-1,-1,1,-1,-1,-1
619,15,634.7941176470588,631.5,-1,-1,1,-1,-1,-1
620,15,698.3235294117648,631.5,-1,-1,1,-1,-1,-1
621,15,769.7941176470589,631.5,-1,-1,1,-1,-1,-1
622,15,841.2647058823529,631.5,-1,-1,1,-1,-1,-1
623,15,904.7941176470589,631.5,-1,-1,1,-1,-1,-1
624,15,968.3235294117648,631.5,-1,-1,1,-1,-1,-1
625,15,1031.8529411764707,631.5,-1,-1,1,-1,-1,-1
626,15,1095.3823529411766,631.5,-1,-1,1,-1,-1,-1
627,15,1158.9117647058824,631.5,-1,-1,1,-1,-1,-1
628,15,1222.4411764705883,639.5,-1,-1,1,-1,-1,-1
629,15,1285.9705882352941,639.5,-1,-1,1,-1,-1,-1
630,15,1349.5,639.5,-1,-1,1,-1,-1,-1
631,15,1420.9705882352941,639.5,-1,-1,1,-1,-1,-1
632,15,1492.4411764705883,639.5,-1,-1,1,-1,-1,-1
633,15,1571.8529411764707,639.5,-1,-1,1,-1,-1,-1
634,15,1651.264705882353,639.5,-1,-1,1,-1,-1,-1
635,15,1738.6176470588236,639.5,-1,-1,1,-1,-1,-1
636,15,1833.9117647058824,631.5,-1,-1,1,-1,-1,-1
697,16,722.1470588235294,655.5,-1,-1,1,-1,-1,-1
698,16,745.9705882352941,655.5,-1,-1,1,-1,-1,-1
699,16,769.7941176470589,647.5,-1,-1,1,-1,-1,-1
700,16,801.5588235294118,647.5,-1,-1,1,-1,-1,-1
701,16,825.3823529411765,639.5,-1,-1,1,-1,-1,-1
702,16,857.1470588235294,639.5,-1,-1,1,-1,-1,-1
703,16,880.9705882352941,631.5,-1,-1,1,-1,-1,-1
704,16,912.7352941176471,631.5,-1,-1,1,-1,-1,-1
705,16,944.5,623.5,-1,-1,1,-1,-1,-1
706,16,984.2058823529412,615.5,-1,-1,1,-1,-1,-1
707,16,1008.0294117647059,615.5,-1,-1,1,-1,-1,-1
708,16,1047.735294117647,615.5,-1,-1,1,-1,-1,-1
709,16,1087.4411764705883,623.5,-1,-1,1,-1,-1,-1
710,16,1127.1470588235295,623.5,-1,-1,1,-1,-1,-1
711,16,1166.8529411764707,623.5,-1,-1,1,-1,-1,-1
712,16,1214.5,631.5,-1,-1,1,-1,-1,-1
713,16,1262.1470588235295,639.5,-1,-1,1,-1,-1,-1
714,16,1309.7941176470588,647.5,-1,-1,1,-1,-1,-1
715,16,1357.4411764705883,647.5,-1,-1,1,-1,-1,-1
716,16,1413.0294117647059,647.5,-1,-1,1,-1,-1,-1
717,16,1476.5588235294117,655.5,-1,-1,1,-1,-1,-1
718,16,1532.1470588235295,655.5,-1,-1,1,-1,-1,-1
746,17,634.7941176470588,655.5,-1,-1,1,-1,-1,-1
747,17,658.6176470588235,663.5,-1,-1,1,-1,-1,-1
748,17,690.3823529411765,671.5,-1,-1,1,-1,-1,-1
749,17,714.2058823529412,663.5,-1,-1,1,-1,-1,-1
750,17,745.9705882352941,663.5,-1,-1,1,-1,-1,-1
751,17,761.8529411764706,663.5,-1,-1,1,-1,-1,-1
752,17,793.6176470588235,663.5,-1,-1,1,-1,-1,-1
753,17,825.3823529411765,655.5,-1,-1,1,-1,-1,-1
754,17,849.2058823529412,655.5,-1,-1,1,-1,-1,-1
755,17,873.0294117647059,655.5,-1,-1,1,-1,-1,-1
756,17,904.7941176470589,655.5,-1,-1,1,-1,-1,-1
757,17,936.5588235294118,647.5,-1,-1,1,-1,-1,-1
758,17,960.3823529411765,647.5,-1,-1,1,-1,-1,-1
759,17,984.2058823529412,647.5,-1,-1,1,-1,-1,-1
760,17,1000.0882352941177,647.5,-1,-1,1,-1,-1,-1
761,17,1023.9117647058824,639.5,-1,-1,1,-1,-1,-1
762,17,1055.6764705882354,639.5,-1,-1,1,-1,-1,-1
763,17,1071.5588235294117,639.5,-1,-1,1,-1,-1,-1
764,17,1095.3823529411766,631.5,-1,-1,1,-1,-1,-1
765,17,1119.2058823529412,631.5,-1,-1,1,-1,-1,-1
766,17,1143.0294117647059,631.5,-1,-1,1,-1,-1,-1
767,17,1158.9117647058824,639.5,-1,-1,1,-1,-1,-1
768,17,1190.6764705882354,631.5,-1,-1,1,-1,-1,-1
769,17,1206.5588235294117,631.5,-1,-1,1,-1,-1,-1
770,17,1230.3823529411766,639.5,-1,-1,1,-1,-1,-1
771,17,1262.1470588235295,639.5,-1,-1,1,-1,-1,-1
772,17,1285.9705882352941,639.5,-1,-1,1,-1,-1,-1
773,17,1309.7941176470588,639.5,-1,-1,1,-1,-1,-1
774,17,1333.6176470588236,639.5,-1,-1,1,-1,-1,-1
775,17,1365.3823529411766,639.5,-1,-1,1,-1,-1,-1
776,17,1389.2058823529412,631.5,-1,-1,1,-1,-1,-1
777,17,1420.9705882352941,631.5,-1,-1,1,-1,-1,-1
778,17,1436.8529411764707,631.5,-1,-1,1,-1,-1,-1
779,17,1468.6176470588236,623.5,-1,-1,1,-1,-1,-1
780,17,1492.4411764705883,623.5,-1,-1,1,-1,-1,-1
781,17,1524.2058823529412,623.5,-1,-1,1,-1,-1,-1
782,17,1555.9705882352941,631.5,-1,-1,1,-1,-1,-1
783,17,1595.6764705882354,631.5,-1,-1,1,-1,-1,-1
784,17,1627.4411764705883,639.5,-1,-1,1,-1,-1,-1
785,17,1651.264705882353,631.5,-1,-1,1,-1,-1,-1
825,18,39.205882352941174,559.5,-1,-1,1,-1,-1,-1
826,18,78.91176470588235,559.5,-1,-1,1,-1,-1,-1
827,18,110.6764705882353,559.5,-1,-1,1,-1,-1,-1
828,18,142.44117647058823,559.5,-1,-1,1,-1,-1,-1
829,18,174.2058823529412,559.5,-1,-1,1,-1,-1,-1
830,18,205.97058823529412,551.5,-1,-1,1,-1,-1,-1
831,18,237.73529411764707,551.5,-1,-1,1,-1,-1,-1
832,18,269.5,551.5,-1,-1,1,-1,-1,-1
833,18,293.3235294117647,551.5,-1,-1,1,-1,-1,-1
834,18,325.0882352941177,559.5,-1,-1,1,-1,-1,-1
835,18,372.7352941176471,551.5,-1,-1,1,-1,-1,-1
836,18,404.5,551.5,-1,-1,1,-1,-1,-1
837,18,444.2058823529412,551.5,-1,-1,1,-1,-1,-1
838,18,491.8529411764706,551.5,-1,-1,1,-1,-1,-1
839,18,523.6176470588235,551.5,-1,-1,1,-1,-1,-1
840,18,571.2647058823529,543.5,-1,-1,1,-1,-1,-1
841,18,610.9705882352941,543.5,-1,-1,1,-1,-1,-1
842,18,650.6764705882354,551.5,-1,-1,1,-1,-1,-1
843,18,690.3823529411765,559.5,-1,-1,1,-1,-1,-1
844,18,722.1470588235294,567.5,-1,-1,1,-1,-1,-1
845,18,761.8529411764706,575.5,-1,-1,1,-1,-1,-1
889,19,55.08823529411765,791.5,-1,-1,1,-1,-1,-1
890,19,126.55882352941177,791.5,-1,-1,1,-1,-1,-1
891,19,205.97058823529412,783.5,-1,-1,1,-1,-1,-1
892,19,277.44117647058823,783.5,-1,-1,1,-1,-1,-1
893,19,348.9117647058824,783.5,-1,-1,1,-1,-1,-1
894,19,420.38235294117646,783.5,-1,-1,1,-1,-1,-1
895,19,483.9117647058824,783.5,-1,-1,1,-1,-1,-1
896,19,547.4411764705883,783.5,-1,-1,1,-1,-1,-1
897,19,483.9117647058824,775.5,-1,-1,1,-1,-1,-1
897,20,55.08823529411765,799.5,-1,-1,1,-1,-1,-1
898,19,547.4411764705883,775.5,-1,-1,1,-1,-1,-1
898,20,126.55882352941177,799.5,-1,-1,1,-1,-1,-1
899,19,738.0294117647059,783.5,-1,-1,1,-1,-1,-1
899,20,198.02941176470588,799.5,-1,-1,1,-1,-1,-1
900,19,793.6176470588235,783.5,-1,-1,1,-1,-1,-1
900,20,261.55882352941177,799.5,-1,-1,1,-1,-1,-1
901,19,857.1470588235294,783.5,-1,-1,1,-1,-1,-1
901,20,333.0294117647059,791.5,-1,-1,1,-1,-1,-1
902,20,396.55882352941177,791.5,-1,-1,1,-1,-1,-1
903,20,460.0882352941177,791.5,-1,-1,1,-1,-1,-1
904,19,1190.6764705882354,791.5,-1,-1,1,-1,-1,-1
904,20,515.6764705882354,791.5,-1,-1,1,-1,-1,-1
905,20,579.2058823529412,791.5,-1,-1,1,-1,-1,-1
906,20,642.7352941176471,783.5,-1,-1,1,-1,-1,-1
911,20,952.4411764705883,807.5,-1,-1,1,-1,-1,-1
912,20,1015.9705882352941,807.5,-1,-1,1,-1,-1,-1
914,20,1127.1470588235295,807.5,-1,-1,1,-1,-1,-1
915,20,1190.6764705882354,807.5,-1,-1,1,-1,-1,-1
936,21,277.44117647058823,759.5,-1,-1,1,-1,-1,-1
937,21,340.97058823529414,759.5,-1,-1,1,-1,-1,-1
938,21,404.5,759.5,-1,-1,1,-1,-1,-1
939,21,475.97058823529414,767.5,-1,-1,1,-1,-1,-1
940,21,539.5,767.5,-1,-1,1,-1,-1,-1
941,21,603.0294117647059,767.5,-1,-1,1,-1,-1,-1
942,21,674.5,767.5,-1,-1,1,-1,-1,-1
943,21,730.0882352941177,767.5,-1,-1,1,-1,-1,-1
944,21,793.6176470588235,767.5,-1,-1,1,-1,-1,-1
987,22,70.97058823529412,879.5,-1,-1,1,-1,-1,-1
988,22,174.2058823529412,871.5,-1,-1,1,-1,-1,-1
989,22,261.55882352941177,863.5,-1,-1,1,-1,-1,-1
990,22,372.7352941176471,847.5,-1,-1,1,-1,-1,-1
991,22,475.97058823529414,831.5,-1,-1,1,-1,-1,-1
992,22,563.3235294117648,815.5,-1,-1,1,-1,-1,-1
993,22,666.5588235294118,799.5,-1,-1,1,-1,-1,-1
994,22,769.7941176470589,775.5,-1,-1,1,-1,-1,-1
995,22,857.1470588235294,751.5,-1,-1,1,-1,-1,-1
996,22,960.3823529411765,743.5,-1,-1,1,-1,-1,-1
997,22,1047.735294117647,727.5,-1,-1,1,-1,-1,-1
998,22,1150.9705882352941,703.5,-1,-1,1,-1,-1,-1
999,22,1262.1470588235295,687.5,-1,-1,1,-1,-1,-1
1000,22,1579.7941176470588,983.5,-1,-1,1,-1,-1,-1
1009,24,722.1470588235294,727.5,-1,-1,1,-1,-1,-1
1010,24,491.8529411764706,599.5,-1,-1,1,-1,-1,-1
1012,24,618.9117647058823,599.5,-1,-1,1,-1,-1,-1
1013,24,682.4411764705883,607.5,-1,-1,1,-1,-1,-1
1014,24,738.0294117647059,615.5,-1,-1,1,-1,-1,-1
1015,24,809.5,623.5,-1,-1,1,-1,-1,-1
1016,23,1190.6764705882354,687.5,-1,-1,1,-1,-1,-1
1016,24,865.0882352941177,631.5,-1,-1,1,-1,-1,-1
1017,23,1246.264705882353,695.5,-1,-1,1,-1,-1,-1
1018,23,1293.9117647058824,703.5,-1,-1,1,-1,-1,-1
1018,24,610.9705882352941,527.5,-1,-1,1,-1,-1,-1
1019,23,1317.735294117647,711.5,-1,-1,1,-1,-1,-1
1019,24,968.3235294117648,671.5,-1,-1,1,-1,-1,-1
1020,23,1341.5588235294117,719.5,-1,-1,1,-1,-1,-1
1021,23,1373.3235294117646,727.5,-1,-1,1,-1,-1,-1
1023,23,1420.9705882352941,735.5,-1,-1,1,-1,-1,-1
1024,23,1444.7941176470588,735.5,-1,-1,1,-1,-1,-1
1025,23,1468.6176470588236,727.5,-1,-1,1,-1,-1,-1
1026,23,1500.3823529411766,727.5,-1,-1,1,-1,-1,-1
1027,23,1524.2058823529412,727.5,-1,-1,1,-1,-1,-1
1028,23,1563.9117647058824,719.5,-1,-1,1,-1,-1,-1
1029,23,1611.5588235294117,711.5,-1,-1,1,-1,-1,-1
1030,23,1659.2058823529412,711.5,-1,-1,1,-1,-1,-1
1032,23,1786.264705882353,711.5,-1,-1,1,-1,-1,-1
1080,25,78.91176470588235,567.5,-1,-1,1,-1,-1,-1
1081,25,134.5,559.5,-1,-1,1,-1,-1,-1
1084,25,293.3235294117647,559.5,-1,-1,1,-1,-1,-1
1085,25,340.97058823529414,559.5,-1,-1,1,-1,-1,-1
1086,25,380.6764705882353,559.5,-1,-1,1,-1,-1,-1
1087,25,420.38235294117646,559.5,-1,-1,1,-1,-1,-1
1088,25,468.0294117647059,543.5,-1,-1,1,-1,-1,-1
1089,25,507.7352941176471,535.5,-1,-1,1,-1,-1,-1
1090,25,539.5,535.5,-1,-1,1,-1,-1,-1
1091,25,579.2058823529412,519.5,-1,-1,1,-1,-1,-1
1092,25,610.9705882352941,519.5,-1,-1,1,-1,-1,-1
1093,25,626.8529411764706,511.5,-1,-1,1,-1,-1,-1
1094,25,642.7352941176471,511.5,-1,-1,1,-1,-1,-1
1095,25,658.6176470588235,519.5,-1,-1,1,-1,-1,-1
1096,25,682.4411764705883,519.5,-1,-1,1,-1,-1,-1
1097,25,690.3823529411765,511.5,-1,-1,1,-1,-1,-1
1098,25,706.2647058823529,519.5,-1,-1,1,-1,-1,-1
1099,25,722.1470588235294,519.5,-1,-1,1,-1,-1,-1
1100,25,730.0882352941177,519.5,-1,-1,1,-1,-1,-1
1101,25,745.9705882352941,511.5,-1,-1,1,-1,-1,-1
1102,25,753.9117647058823,511.5,-1,-1,1,-1,-1,-1
1103,25,777.7352941176471,519.5,-1,-1,1,-1,-1,-1
1104,25,793.6176470588235,511.5,-1,-1,1,-1,-1,-1
1105,25,817.4411764705883,511.5,-1,-1,1,-1,-1,-1
1106,25,833.3235294117648,519.5,-1,-1,1,-1,-1,-1
1107,25,865.0882352941177,519.5,-1,-1,1,-1,-1,-1
1108,25,896.8529411764706,535.5,-1,-1,1,-1,-1,-1
1109,25,928.6176470588235,535.5,-1,-1,1,-1,-1,-1
1110,25,944.5,535.5,-1,-1,1,-1,-1,-1
1111,25,968.3235294117648,535.5,-1,-1,1,-1,-1,-1
1112,25,984.2058823529412,543.5,-1,-1,1,-1,-1,-1
1113,25,1000.0882352941177,551.5,-1,-1,1,-1,-1,-1
1114,25,1023.9117647058824,551.5,-1,-1,1,-1,-1,-1
1115,25,1055.6764705882354,543.5,-1,-1,1,-1,-1,-1
1116,25,1087.4411764705883,543.5,-1,-1,1,-1,-1,-1
1117,25,1103.3235294117646,535.5,-1,-1,1,-1,-1,-1
1118,25,1135.0882352941176,519.5,-1,-1,1,-1,-1,-1
1119,25,904.7941176470589,295.5,-1,-1,1,-1,-1,-1
1120,25,1150.9705882352941,527.5,-1,-1,1,-1,-1,-1
1121,25,1158.9117647058824,519.5,-1,-1,1,-1,-1,-1
1122,25,1174.7941176470588,519.5,-1,-1,1,-1,-1,-1
1123,25,1182.735294117647,527.5,-1,-1,1,-1,-1,-1
1124,25,1198.6176470588236,519.5,-1,-1,1,-1,-1,-1
1125,25,1198.6176470588236,519.5,-1,-1,1,-1,-1,-1
1126,25,1214.5,519.5,-1,-1,1,-1,-1,-1
1127,25,1222.4411764705883,527.5,-1,-1,1,-1,-1,-1
1128,25,1246.264705882353,519.5,-1,-1,1,-1,-1,-1
1129,25,1278.0294117647059,519.5,-1,-1,1,-1,-1,-1
1130,25,1317.735294117647,503.5,-1,-1,1,-1,-1,-1
1131,25,1365.3823529411766,479.5,-1,-1,1,-1,-1,-1
1132,25,1413.0294117647059,471.5,-1,-1,1,-1,-1,-1
1133,25,1468.6176470588236,463.5,-1,-1,1,-1,-1,-1
1134,25,1532.1470588235295,447.5,-1,-1,1,-1,-1,-1
1135,25,1595.6764705882354,431.5,-1,-1,1,-1,-1,-1
1136,25,1667.1470588235295,407.5,-1,-1,1,-1,-1,-1
1137,25,1738.6176470588236,407.5,-1,-1,1,-1,-1,-1
1138,26,134.5,759.5,-1,-1,1,-1,-1,-1
1139,26,221.8529411764706,735.5,-1,-1,1,-1,-1,-1
1140,26,317.1470588235294,727.5,-1,-1,1,-1,-1,-1
1141,26,166.26470588235296,647.5,-1,-1,1,-1,-1,-1
1141,27,396.55882352941177,711.5,-1,-1,1,-1,-1,-1
1142,26,475.97058823529414,695.5,-1,-1,1,-1,-1,-1
1143,26,285.38235294117646,639.5,-1,-1,1,-1,-1,-1
1143,27,539.5,695.5,-1,-1,1,-1,-1,-1
1143,28,634.7941176470588,839.5,-1,-1,1,-1,-1,-1
1144,26,340.97058823529414,639.5,-1,-1,1,-1,-1,-1
1144,27,603.0294117647059,695.5,-1,-1,1,-1,-1,-1
1145,26,356.8529411764706,631.5,-1,-1,1,-1,-1,-1
1145,27,650.6764705882354,671.5,-1,-1,1,-1,-1,-1
1145,28,777.7352941176471,831.5,-1,-1,1,-1,-1,-1
1146,26,380.6764705882353,615.5,-1,-1,1,-1,-1,-1
1146,27,690.3823529411765,663.5,-1,-1,1,-1,-1,-1
1146,28,833.3235294117648,815.5,-1,-1,1,-1,-1,-1
1147,26,396.55882352941177,607.5,-1,-1,1,-1,-1,-1
1147,27,730.0882352941177,663.5,-1,-1,1,-1,-1,-1
1147,28,888.9117647058824,815.5,-1,-1,1,-1,-1,-1
1148,26,420.38235294117646,599.5,-1,-1,1,-1,-1,-1
1148,27,785.6764705882354,647.5,-1,-1,1,-1,-1,-1
1148,28,968.3235294117648,815.5,-1,-1,1,-1,-1,-1
1149,26,444.2058823529412,583.5,-1,-1,1,-1,-1,-1
1149,27,833.3235294117648,639.5,-1,-1,1,-1,-1,-1
1149,28,1023.9117647058824,799.5,-1,-1,1,-1,-1,-1
1150,26,452.14705882352945,575.5,-1,-1,1,-1,-1,-1
1150,27,873.0294117647059,623.5,-1,-1,1,-1,-1,-1
1150,28,1071.5588235294117,783.5,-1,-1,1,-1,-1,-1
1151,26,460.0882352941177,551.5,-1,-1,1,-1,-1,-1
1151,27,904.7941176470589,615.5,-1,-1,1,-1,-1,-1
1151,28,1119.2058823529412,775.5,-1,-1,1,-1,-1,-1
1152,26,483.9117647058824,543.5,-1,-1,1,-1,-1,-1
1152,27,944.5,615.5,-1,-1,1,-1,-1,-1
1152,28,1166.8529411764707,759.5,-1,-1,1,-1,-1,-1
1153,26,436.2647058823529,487.5,-1,-1,1,-1,-1,-1
1153,27,984.2058823529412,591.5,-1,-1,1,-1,-1,-1
1153,28,1206.5588235294117,743.5,-1,-1,1,-1,-1,-1
1153,29,515.6764705882354,535.5,-1,-1,1,-1,-1,-1
1154,26,539.5,511.5,-1,-1,1,-1,-1,-1
1154,27,1015.9705882352941,583.5,-1,-1,1,-1,-1,-1
1154,28,1238.3235294117646,711.5,-1,-1,1,-1,-1,-1
1155,26,499.79411764705884,479.5,-1,-1,1,-1,-1,-1
1155,27,1047.735294117647,575.5,-1,-1,1,-1,-1,-1
1155,28,1278.0294117647059,703.5,-1,-1,1,-1,-1,-1
1155,29,571.2647058823529,503.5,-1,-1,1,-1,-1,-1
1156,26,579.2058823529412,487.5,-1,-1,1,-1,-1,-1
1156,27,1095.3823529411766,567.5,-1,-1,1,-1,-1,-1
1156,28,1317.735294117647,695.5,-1,-1,1,-1,-1,-1
1157,26,563.3235294117648,447.5,-1,-1,1,-1,-1,-1
1157,27,1150.9705882352941,559.5,-1,-1,1,-1,-1,-1
1157,28,1373.3235294117646,687.5,-1,-1,1,-1,-1,-1
1157,29,650.6764705882354,487.5,-1,-1,1,-1,-1,-1
1158,26,626.8529411764706,447.5,-1,-1,1,-1,-1,-1
1158,27,1214.5,567.5,-1,-1,1,-1,-1,-1
1158,28,1436.8529411764707,687.5,-1,-1,1,-1,-1,-1
1158,29,714.2058823529412,487.5,-1,-1,1,-1,-1,-1
1159,26,690.3823529411765,447.5,-1,-1,1,-1,-1,-1
1159,27,1270.0882352941176,567.5,-1,-1,1,-1,-1,-1
1159,29,769.7941176470589,487.5,-1,-1,1,-1,-1,-1
1160,26,761.8529411764706,455.5,-1,-1,1,-1,-1,-1
1160,27,1349.5,583.5,-1,-1,1,-1,-1,-1
1160,29,873.0294117647059,511.5,-1,-1,1,-1,-1,-1
1161,26,960.3823529411765,527.5,-1,-1,1,-1,-1,-1
1161,27,1436.8529411764707,591.5,-1,-1,1,-1,-1,-1
1162,26,1039.7941176470588,527.5,-1,-1,1,-1,-1,-1
1162,27,1540.0882352941178,599.5,-1,-1,1,-1,-1,-1
1162,29,1063.6176470588236,527.5,-1,-1,1,-1,-1,-1
1163,26,1055.6764705882354,503.5,-1,-1,1,-1,-1,-1
1163,27,1651.264705882353,607.5,-1,-1,1,-1,-1,-1
1163,29,1158.9117647058824,527.5,-1,-1,1,-1,-1,-1
1164,26,1143.0294117647059,495.5,-1,-1,1,-1,-1,-1
1164,27,1762.4411764705883,615.5,-1,-1,1,-1,-1,-1
1164,29,1270.0882352941176,535.5,-1,-1,1,-1,-1,-1
1201,30,285.38235294117646,671.5,-1,-1,1,-1,-1,-1
1202,30,364.79411764705884,679.5,-1,-1,1,-1,-1,-1
1203,30,444.2058823529412,687.5,-1,-1,1,-1,-1,-1
1204,30,531.5588235294118,703.5,-1,-1,1,-1,-1,-1
1205,30,610.9705882352941,703.5,-1,-1,1,-1,-1,-1
1206,30,690.3823529411765,711.5,-1,-1,1,-1,-1,-1
1207,30,777.7352941176471,727.5,-1,-1,1,-1,-1,-1
1208,30,865.0882352941177,735.5,-1,-1,1,-1,-1,-1
1209,30,952.4411764705883,743.5,-1,-1,1,-1,-1,-1
1210,30,1039.7941176470588,751.5,-1,-1,1,-1,-1,-1
1211,30,1135.0882352941176,767.5,-1,-1,1,-1,-1,-1
1212,30,1238.3235294117646,783.5,-1,-1,1,-1,-1,-1
1213,30,1317.735294117647,799.5,-1,-1,1,-1,-1,-1
1254,31,658.6176470588235,575.5,-1,-1,1,-1,-1,-1
1257,31,690.3823529411765,567.5,-1,-1,1,-1,-1,-1
1258,32,1238.3235294117646,767.5,-1,-1,1,-1,-1,-1
1259,32,1301.8529411764707,783.5,-1,-1,1,-1,-1,-1
1260,32,1357.4411764705883,791.5,-1,-1,1,-1,-1,-1
1261,32,1262.1470588235295,863.5,-1,-1,1,-1,-1,-1
1262,31,730.0882352941177,599.5,-1,-1,1,-1,-1,-1
1262,32,1333.6176470588236,879.5,-1,-1,1,-1,-1,-1
1263,31,753.9117647058823,583.5,-1,-1,1,-1,-1,-1
1263,32,1413.0294117647059,887.5,-1,-1,1,-1,-1,-1
1264,31,1127.1470588235295,759.5,-1,-1,1,-1,-1,-1
1264,32,1484.5,903.5,-1,-1,1,-1,-1,-1
1265,31,785.6764705882354,575.5,-1,-1,1,-1,-1,-1
1265,32,1571.8529411764707,919.5,-1,-1,1,-1,-1,-1
1266,31,793.6176470588235,583.5,-1,-1,1,-1,-1,-1
1266,32,1643.3235294117646,935.5,-1,-1,1,-1,-1,-1
1267,31,809.5,583.5,-1,-1,1,-1,-1,-1
1267,32,1746.5588235294117,959.5,-1,-1,1,-1,-1,-1
1268,31,833.3235294117648,575.5,-1,-1,1,-1,-1,-1
1269,31,849.2058823529412,567.5,-1,-1,1,-1,-1,-1
1270,31,865.0882352941177,559.5,-1,-1,1,-1,-1,-1
1271,31,888.9117647058824,551.5,-1,-1,1,-1,-1,-1
1272,31,912.7352941176471,543.5,-1,-1,1,-1,-1,-1
1273,31,944.5,543.5,-1,-1,1,-1,-1,-1
1274,31,968.3235294117648,543.5,-1,-1,1,-1,-1,-1
1275,31,992.1470588235294,551.5,-1,-1,1,-1,-1,-1
1276,31,1000.0882352941177,559.5,-1,-1,1,-1,-1,-1
1277,31,1008.0294117647059,567.5,-1,-1,1,-1,-1,-1
1278,31,1015.9705882352941,575.5,-1,-1,1,-1,-1,-1
1279,31,1015.9705882352941,583.5,-1,-1,1,-1,-1,-1
1280,31,1023.9117647058824,583.5,-1,-1,1,-1,-1,-1
1281,31,1031.8529411764707,583.5,-1,-1,1,-1,-1,-1
1282,31,1055.6764705882354,583.5,-1,-1,1,-1,-1,-1
1283,31,1079.5,575.5,-1,-1,1,-1,-1,-1
1284,31,1111.264705882353,583.5,-1,-1,1,-1,-1,-1
1285,31,1150.9705882352941,583.5,-1,-1,1,-1,-1,-1
1286,31,1182.735294117647,591.5,-1,-1,1,-1,-1,-1
1287,31,1222.4411764705883,583.5,-1,-1,1,-1,-1,-1
1288,31,1270.0882352941176,575.5,-1,-1,1,-1,-1,-1
1289,31,1333.6176470588236,575.5,-1,-1,1,-1,-1,-1
1290,31,1413.0294117647059,575.5,-1,-1,1,-1,-1,-1
1291,31,1500.3823529411766,583.5,-1,-1,1,-1,-1,-1
1292,31,1603.6176470588236,575.5,-1,-1,1,-1,-1,-1
1293,31,1722.735294117647,559.5,-1,-1,1,-1,-1,-1
1294,31,1841.8529411764707,559.5,-1,-1,1,-1,-1,-1
1297,33,221.8529411764706,367.5,-1,-1,1,-1,-1,-1
1298,33,301.2647058823529,375.5,-1,-1,1,-1,-1,-1
1299,33,364.79411764705884,375.5,-1,-1,1,-1,-1,-1
1300,33,420.38235294117646,391.5,-1,-1,1,-1,-1,-1
1301,33,475.97058823529414,391.5,-1,-1,1,-1,-1,-1
1302,33,523.6176470588235,391.5,-1,-1,1,-1,-1,-1
1303,33,555.3823529411765,399.5,-1,-1,1,-1,-1,-1
1304,33,595.0882352941177,407.5,-1,-1,1,-1,-1,-1
1305,33,618.9117647058823,415.5,-1,-1,1,-1,-1,-1
1307,33,690.3823529411765,439.5,-1,-1,1,-1,-1,-1
1308,33,714.2058823529412,447.5,-1,-1,1,-1,-1,-1
1309,33,745.9705882352941,455.5,-1,-1,1,-1,-1,-1
1310,33,785.6764705882354,463.5,-1,-1,1,-1,-1,-1
1311,33,809.5,463.5,-1,-1,1,-1,-1,-1
1312,33,849.2058823529412,471.5,-1,-1,1,-1,-1,-1
1313,33,873.0294117647059,479.5,-1,-1,1,-1,-1,-1
1314,33,904.7941176470589,487.5,-1,-1,1,-1,-1,-1
1315,33,920.6764705882354,487.5,-1,-1,1,-1,-1,-1
1316,33,952.4411764705883,487.5,-1,-1,1,-1,-1,-1
1317,33,984.2058823529412,487.5,-1,-1,1,-1,-1,-1
1318,33,1008.0294117647059,479.5,-1,-1,1,-1,-1,-1
1319,33,1039.7941176470588,463.5,-1,-1,1,-1,-1,-1
1320,33,1079.5,463.5,-1,-1,1,-1,-1,-1
1321,33,1127.1470588235295,447.5,-1,-1,1,-1,-1,-1
1322,33,1174.7941176470588,439.5,-1,-1,1,-1,-1,-1
1323,33,1214.5,423.5,-1,-1,1,-1,-1,-1
1349,34,833.3235294117648,783.5,-1,-1,1,-1,-1,-1
1350,34,873.0294117647059,783.5,-1,-1,1,-1,-1,-1
1351,34,928.6176470588235,791.5,-1,-1,1,-1,-1,-1
1352,34,968.3235294117648,791.5,-1,-1,1,-1,-1,-1
1353,34,1031.8529411764707,791.5,-1,-1,1,-1,-1,-1
1354,34,1103.3235294117646,791.5,-1,-1,1,-1,-1,-1
1355,34,1166.8529411764707,807.5,-1,-1,1,-1,-1,-1
1356,34,1262.1470588235295,807.5,-1,-1,1,-1,-1,-1
1357,34,1349.5,815.5,-1,-1,1,-1,-1,-1
1358,34,1444.7941176470588,815.5,-1,-1,1,-1,-1,-1
1360,34,1635.3823529411766,831.5,-1,-1,1,-1,-1,-1
1361,34,1738.6176470588236,831.5,-1,-1,1,-1,-1,-1
1362,34,1849.7941176470588,847.5,-1,-1,1,-1,-1,-1
1463,35,166.26470588235296,583.5,-1,-1,1,-1,-1,-1
1464,35,166.26470588235296,591.5,-1,-1,1,-1,-1,-1
1465,35,174.2058823529412,591.5,-1,-1,1,-1,-1,-1
1466,35,182.14705882352942,599.5,-1,-1,1,-1,-1,-1
1468,35,221.8529411764706,623.5,-1,-1,1,-1,-1,-1
1469,35,253.61764705882354,631.5,-1,-1,1,-1,-1,-1
1470,35,301.2647058823529,639.5,-1,-1,1,-1,-1,-1
1471,35,333.0294117647059,647.5,-1,-1,1,-1,-1,-1
1472,35,380.6764705882353,655.5,-1,-1,1,-1,-1,-1
1473,35,428.3235294117647,663.5,-1,-1,1,-1,-1,-1
1475,35,499.79411764705884,687.5,-1,-1,1,-1,-1,-1
1476,35,539.5,687.5,-1,-1,1,-1,-1,-1
1492,37,221.8529411764706,663.5,-1,-1,1,-1,-1,-1
1493,36,261.55882352941177,663.5,-1,-1,1,-1,-1,-1
1494,36,110.6764705882353,607.5,-1,-1,1,-1,-1,-1
1494,37,309.20588235294116,663.5,-1,-1,1,-1,-1,-1
1495,36,150.38235294117646,599.5,-1,-1,1,-1,-1,-1
1495,37,348.9117647058824,655.5,-1,-1,1,-1,-1,-1
1496,36,190.08823529411765,599.5,-1,-1,1,-1,-1,-1
1496,37,388.61764705882354,655.5,-1,-1,1,-1,-1,-1
1497,36,237.73529411764707,599.5,-1,-1,1,-1,-1,-1
1497,37,436.2647058823529,655.5,-1,-1,1,-1,-1,-1
1498,36,277.44117647058823,599.5,-1,-1,1,-1,-1,-1
1498,37,475.97058823529414,655.5,-1,-1,1,-1,-1,-1
1499,36,317.1470588235294,607.5,-1,-1,1,-1,-1,-1
1499,37,507.7352941176471,655.5,-1,-1,1,-1,-1,-1
1500,36,348.9117647058824,607.5,-1,-1,1,-1,-1,-1
1500,37,555.3823529411765,663.5,-1,-1,1,-1,-1,-1
1501,36,380.6764705882353,615.5,-1,-1,1,-1,-1,-1
1501,37,587.1470588235294,671.5,-1,-1,1,-1,-1,-1
1502,36,428.3235294117647,623.5,-1,-1,1,-1,-1,-1
1502,37,626.8529411764706,671.5,-1,-1,1,-1,-1,-1
1503,36,460.0882352941177,623.5,-1,-1,1,-1,-1,-1
1503,37,666.5588235294118,671.5,-1,-1,1,-1,-1,-1
1504,36,499.79411764705884,623.5,-1,-1,1,-1,-1,-1
1504,37,706.2647058823529,679.5,-1,-1,1,-1,-1,-1
1505,36,531.5588235294118,623.5,-1,-1,1,-1,-1,-1
1505,37,745.9705882352941,679.5,-1,-1,1,-1,-1,-1
1506,36,563.3235294117648,631.5,-1,-1,1,-1,-1,-1
1506,37,777.7352941176471,695.5,-1,-1,1,-1,-1,-1
1507,36,603.0294117647059,639.5,-1,-1,1,-1,-1,-1
1507,37,825.3823529411765,695.5,-1,-1,1,-1,-1,-1
1508,36,642.7352941176471,631.5,-1,-1,1,-1,-1,-1
1508,37,873.0294117647059,695.5,-1,-1,1,-1,-1,-1
1509,36,674.5,631.5,-1,-1,1,-1,-1,-1
1509,37,912.7352941176471,687.5,-1,-1,1,-1,-1,-1
1510,36,706.2647058823529,631.5,-1,-1,1,-1,-1,-1
1510,37,952.4411764705883,671.5,-1,-1,1,-1,-1,-1
1511,36,722.1470588235294,623.5,-1,-1,1,-1,-1,-1
1511,37,976.2647058823529,671.5,-1,-1,1,-1,-1,-1
1512,36,745.9705882352941,623.5,-1,-1,1,-1,-1,-1
1512,37,1000.0882352941177,663.5,-1,-1,1,-1,-1,-1
1513,36,769.7941176470589,623.5,-1,-1,1,-1,-1,-1
1513,37,1023.9117647058824,663.5,-1,-1,1,-1,-1,-1
1514,36,785.6764705882354,623.5,-1,-1,1,-1,-1,-1
1514,37,1039.7941176470588,671.5,-1,-1,1,-1,-1,-1
1515,36,793.6176470588235,631.5,-1,-1,1,-1,-1,-1
1515,37,1055.6764705882354,679.5,-1,-1,1,-1,-1,-1
1516,36,801.5588235294118,631.5,-1,-1,1,-1,-1,-1
1516,37,1071.5588235294117,695.5,-1,-1,1,-1,-1,-1
1517,36,817.4411764705883,639.5,-1,-1,1,-1,-1,-1
1517,37,1079.5,695.5,-1,-1,1,-1,-1,-1
1518,36,825.3823529411765,639.5,-1,-1,1,-1,-1,-1
1518,37,1087.4411764705883,695.5,-1,-1,1,-1,-1,-1
1519,36,841.2647058823529,639.5,-1,-1,1,-1,-1,-1
1519,37,1103.3235294117646,695.5,-1,-1,1,-1,-1,-1
1520,36,857.1470588235294,631.5,-1,-1,1,-1,-1,-1
1520,37,1127.1470588235295,695.5,-1,-1,1,-1,-1,-1
1521,36,888.9117647058824,639.5,-1,-1,1,-1,-1,-1
1521,37,1150.9705882352941,695.5,-1,-1,1,-1,-1,-1
1522,36,920.6764705882354,639.5,-1,-1,1,-1,-1,-1
1522,37,1182.735294117647,695.5,-1,-1,1,-1,-1,-1
1523,36,960.3823529411765,639.5,-1,-1,1,-1,-1,-1
1523,37,1222.4411764705883,695.5,-1,-1,1,-1,-1,-1
1524,36,1008.0294117647059,639.5,-1,-1,1,-1,-1,-1
1524,37,1270.0882352941176,695.5,-1,-1,1,-1,-1,-1
1525,36,1063.6176470588236,631.5,-1,-1,1,-1,-1,-1
1525,37,1325.6764705882354,695.5,-1,-1,1,-1,-1,-1
1526,36,1111.264705882353,623.5,-1,-1,1,-1,-1,-1
1527,36,1166.8529411764707,615.5,-1,-1,1,-1,-1,-1
1528,36,1222.4411764705883,607.5,-1,-1,1,-1,-1,-1
1528,37,1500.3823529411766,663.5,-1,-1,1,-1,-1,-1
1529,36,1278.0294117647059,607.5,-1,-1,1,-1,-1,-1
1529,37,1555.9705882352941,655.5,-1,-1,1,-1,-1,-1
1530,36,1333.6176470588236,607.5,-1,-1,1,-1,-1,-1
1531,36,1381.264705882353,607.5,-1,-1,1,-1,-1,-1
1532,36,1428.9117647058824,615.5,-1,-1,1,-1,-1,-1
1533,36,1484.5,615.5,-1,-1,1,-1,-1,-1
1534,36,1548.0294117647059,623.5,-1,-1,1,-1,-1,-1
1535,36,1603.6176470588236,623.5,-1,-1,1,-1,-1,-1
1536,36,1659.2058823529412,631.5,-1,-1,1,-1,-1,-1
1537,36,1714.7941176470588,639.5,-1,-1,1,-1,-1,-1
1538,36,1762.4411764705883,639.5,-1,-1,1,-1,-1,-1
1539,36,1810.0882352941178,639.5,-1,-1,1,-1,-1,-1
1540,36,1849.7941176470588,639.5,-1,-1,1,-1,-1,-1
1560,38,70.97058823529412,551.5,-1,-1,1,-1,-1,-1
1561,38,110.6764705882353,543.5,-1,-1,1,-1,-1,-1
1562,38,134.5,535.5,-1,-1,1,-1,-1,-1
1563,38,174.2058823529412,527.5,-1,-1,1,-1,-1,-1
1564,38,213.91176470588235,527.5,-1,-1,1,-1,-1,-1
1565,38,245.6764705882353,535.5,-1,-1,1,-1,-1,-1
1566,38,285.38235294117646,535.5,-1,-1,1,-1,-1,-1
1567,38,309.20588235294116,551.5,-1,-1,1,-1,-1,-1
1568,38,340.97058823529414,543.5,-1,-1,1,-1,-1,-1
1569,38,372.7352941176471,559.5,-1,-1,1,-1,-1,-1
1570,38,412.44117647058823,567.5,-1,-1,1,-1,-1,-1
1571,38,452.14705882352945,575.5,-1,-1,1,-1,-1,-1
1572,38,491.8529411764706,583.5,-1,-1,1,-1,-1,-1
1573,38,523.6176470588235,591.5,-1,-1,1,-1,-1,-1
1574,38,563.3235294117648,599.5,-1,-1,1,-1,-1,-1
1575,38,603.0294117647059,599.5,-1,-1,1,-1,-1,-1
1576,38,634.7941176470588,607.5,-1,-1,1,-1,-1,-1
1577,38,666.5588235294118,599.5,-1,-1,1,-1,-1,-1
1578,38,706.2647058823529,599.5,-1,-1,1,-1,-1,-1
1579,38,753.9117647058823,591.5,-1,-1,1,-1,-1,-1
1580,38,809.5,591.5,-1,-1,1,-1,-1,-1
1581,38,865.0882352941177,591.5,-1,-1,1,-1,-1,-1
1582,38,912.7352941176471,591.5,-1,-1,1,-1,-1,-1
1583,38,952.4411764705883,583.5,-1,-1,1,-1,-1,-1
1584,38,992.1470588235294,575.5,-1,-1,1,-1,-1,-1
1585,38,1015.9705882352941,567.5,-1,-1,1,-1,-1,-1
1586,38,1055.6764705882354,559.5,-1,-1,1,-1,-1,-1
1587,38,1079.5,559.5,-1,-1,1,-1,-1,-1
1588,38,1119.2058823529412,559.5,-1,-1,1,-1,-1,-1
1589,38,1166.8529411764707,559.5,-1,-1,1,-1,-1,-1
1590,38,1238.3235294117646,551.5,-1,-1,1,-1,-1,-1
1591,38,1317.735294117647,543.5,-1,-1,1,-1,-1,-1
1592,38,1420.9705882352941,535.5,-1,-1,1,-1,-1,-1
1593,38,1516.264705882353,519.5,-1,-1,1,-1,-1,-1
1594,38,1643.3235294117646,503.5,-1,-1,1,-1,-1,-1
1595,38,1770.3823529411766,495.5,-1,-1,1,-1,-1,-1
1649,39,722.1470588235294,623.5,-1,-1,1,-1,-1,-1
1651,39,777.7352941176471,631.5,-1,-1,1,-1,-1,-1
1654,39,880.9705882352941,639.5,-1,-1,1,-1,-1,-1
1656,39,928.6176470588235,647.5,-1,-1,1,-1,-1,-1
1657,39,944.5,647.5,-1,-1,1,-1,-1,-1
1658,39,960.3823529411765,639.5,-1,-1,1,-1,-1,-1
1659,39,984.2058823529412,631.5,-1,-1,1,-1,-1,-1
1660,39,1008.0294117647059,623.5,-1,-1,1,-1,-1,-1
1661,39,1047.735294117647,607.5,-1,-1,1,-1,-1,-1
1662,39,1103.3235294117646,607.5,-1,-1,1,-1,-1,-1
1663,39,1158.9117647058824,599.5,-1,-1,1,-1,-1,-1
1664,39,1198.6176470588236,599.5,-1,-1,1,-1,-1,-1
1665,39,1254.2058823529412,599.5,-1,-1,1,-1,-1,-1
1666,39,1309.7941176470588,607.5,-1,-1,1,-1,-1,-1
1667,39,1365.3823529411766,615.5,-1,-1,1,-1,-1,-1
1668,39,1436.8529411764707,631.5,-1,-1,1,-1,-1,-1
1669,39,1500.3823529411766,639.5,-1,-1,1,-1,-1,-1
1670,39,1563.9117647058824,647.5,-1,-1,1,-1,-1,-1
1671,39,1635.3823529411766,655.5,-1,-1,1,-1,-1,-1
1672,39,1722.735294117647,655.5,-1,-1,1,-1,-1,-1
1673,39,1802.1470588235295,663.5,-1,-1,1,-1,-1,-1
1674,39,1857.735294117647,655.5,-1,-1,1,-1,-1,-1
1786,40,436.2647058823529,567.5,-1,-1,1,-1,-1,-1
1787,40,452.14705882352945,559.5,-1,-1,1,-1,-1,-1
1788,40,483.9117647058824,559.5,-1,-1,1,-1,-1,-1
1789,40,491.8529411764706,567.5,-1,-1,1,-1,-1,-1
1790,40,515.6764705882354,567.5,-1,-1,1,-1,-1,-1
1791,40,555.3823529411765,567.5,-1,-1,1,-1,-1,-1
1792,40,587.1470588235294,575.5,-1,-1,1,-1,-1,-1
1793,40,634.7941176470588,575.5,-1,-1,1,-1,-1,-1
1794,40,682.4411764705883,575.5,-1,-1,1,-1,-1,-1
1795,40,722.1470588235294,583.5,-1,-1,1,-1,-1,-1
1796,40,761.8529411764706,583.5,-1,-1,1,-1,-1,-1
1797,40,793.6176470588235,583.5,-1,-1,1,-1,-1,-1
1798,40,825.3823529411765,583.5,-1,-1,1,-1,-1,-1
1799,40,857.1470588235294,583.5,-1,-1,1,-1,-1,-1
1800,40,873.0294117647059,583.5,-1,-1,1,-1,-1,-1
1801,40,896.8529411764706,591.5,-1,-1,1,-1,-1,-1
1802,40,912.7352941176471,591.5,-1,-1,1,-1,-1,-1
1803,40,928.6176470588235,591.5,-1,-1,1,-1,-1,-1
1804,40,936.5588235294118,599.5,-1,-1,1,-1,-1,-1
1805,40,960.3823529411765,599.5,-1,-1,1,-1,-1,-1
1806,40,984.2058823529412,607.5,-1,-1,1,-1,-1,-1
1945,41,340.97058823529414,495.5,-1,-1,1,-1,-1,-1
1946,41,380.6764705882353,503.5,-1,-1,1,-1,-1,-1
1947,41,428.3235294117647,503.5,-1,-1,1,-1,-1,-1
1948,41,468.0294117647059,503.5,-1,-1,1,-1,-1,-1
1949,41,507.7352941176471,503.5,-1,-1,1,-1,-1,-1
1951,41,579.2058823529412,495.5,-1,-1,1,-1,-1,-1
1952,41,618.9117647058823,487.5,-1,-1,1,-1,-1,-1
1953,41,650.6764705882354,471.5,-1,-1,1,-1,-1,-1
1954,41,690.3823529411765,463.5,-1,-1,1,-1,-1,-1
1955,41,730.0882352941177,447.5,-1,-1,1,-1,-1,-1
1956,41,761.8529411764706,439.5,-1,-1,1,-1,-1,-1
1957,41,801.5588235294118,431.5,-1,-1,1,-1,-1,-1
1958,41,825.3823529411765,415.5,-1,-1,1,-1,-1,-1
1959,41,865.0882352941177,415.5,-1,-1,1,-1,-1,-1
1960,41,896.8529411764706,407.5,-1,-1,1,-1,-1,-1
1961,41,928.6176470588235,407.5,-1,-1,1,-1,-1,-1
1962,41,952.4411764705883,407.5,-1,-1,1,-1,-1,-1
1963,41,984.2058823529412,407.5,-1,-1,1,-1,-1,-1
1964,41,1008.0294117647059,415.5,-1,-1,1,-1,-1,-1
1965,41,1023.9117647058824,423.5,-1,-1,1,-1,-1,-1
1966,41,1047.735294117647,431.5,-1,-1,1,-1,-1,-1
1967,41,1071.5588235294117,431.5,-1,-1,1,-1,-1,-1
1968,41,1095.3823529411766,439.5,-1,-1,1,-1,-1,-1
1969,41,1127.1470588235295,439.5,-1,-1,1,-1,-1,-1
1970,41,1158.9117647058824,439.5,-1,-1,1,-1,-1,-1
1971,41,1198.6176470588236,447.5,-1,-1,1,-1,-1,-1
1972,41,1246.264705882353,447.5,-1,-1,1,-1,-1,-1
1973,41,1278.0294117647059,447.5,-1,-1,1,-1,-1,-1
1974,41,1325.6764705882354,447.5,-1,-1,1,-1,-1,-1
1975,41,1365.3823529411766,455.5,-1,-1,1,-1,-1,-1
1976,41,1413.0294117647059,455.5,-1,-1,1,-1,-1,-1
2084,42,912.7352941176471,535.5,-1,-1,1,-1,-1,-1
2085,42,920.6764705882354,543.5,-1,-1,1,-1,-1,-1
2086,42,944.5,551.5,-1,-1,1,-1,-1,-1
2087,42,952.4411764705883,559.5,-1,-1,1,-1,-1,-1
2088,42,968.3235294117648,567.5,-1,-1,1,-1,-1,-1
2089,42,984.2058823529412,567.5,-1,-1,1,-1,-1,-1
2090,42,1008.0294117647059,567.5,-1,-1,1,-1,-1,-1
2091,42,1031.8529411764707,567.5,-1,-1,1,-1,-1,-1
2092,42,1047.735294117647,567.5,-1,-1,1,-1,-1,-1
2093,42,1071.5588235294117,567.5,-1,-1,1,-1,-1,-1
2094,42,1095.3823529411766,567.5,-1,-1,1,-1,-1,-1
2095,42,1111.264705882353,575.5,-1,-1,1,-1,-1,-1
2096,42,1127.1470588235295,575.5,-1,-1,1,-1,-1,-1
2097,42,1135.0882352941176,575.5,-1,-1,1,-1,-1,-1
2098,42,1150.9705882352941,567.5,-1,-1,1,-1,-1,-1
2099,42,1166.8529411764707,567.5,-1,-1,1,-1,-1,-1
2100,42,1174.7941176470588,567.5,-1,-1,1,-1,-1,-1
2101,42,1190.6764705882354,559.5,-1,-1,1,-1,-1,-1
2102,42,1222.4411764705883,567.5,-1,-1,1,-1,-1,-1
2103,42,1246.264705882353,551.5,-1,-1,1,-1,-1,-1
2104,42,1270.0882352941176,551.5,-1,-1,1,-1,-1,-1
2105,42,1301.8529411764707,543.5,-1,-1,1,-1,-1,-1
2106,42,1341.5588235294117,543.5,-1,-1,1,-1,-1,-1
2107,42,1373.3235294117646,535.5,-1,-1,1,-1,-1,-1
2108,42,1397.1470588235295,535.5,-1,-1,1,-1,-1,-1
2109,42,1428.9117647058824,535.5,-1,-1,1,-1,-1,-1
2110,42,1452.735294117647,535.5,-1,-1,1,-1,-1,-1
2111,42,1484.5,527.5,-1,-1,1,-1,-1,-1
2112,42,1508.3235294117646,535.5,-1,-1,1,-1,-1,-1
2113,42,1532.1470588235295,535.5,-1,-1,1,-1,-1,-1
2115,42,1548.0294117647059,543.5,-1,-1,1,-1,-1,-1
2116,42,1548.0294117647059,543.5,-1,-1,1,-1,-1,-1
2117,42,1548.0294117647059,543.5,-1,-1,1,-1,-1,-1
2118,42,1548.0294117647059,543.5,-1,-1,1,-1,-1,-1
2119,42,1563.9117647058824,551.5,-1,-1,1,-1,-1,-1
2120,42,1587.735294117647,543.5,-1,-1,1,-1,-1,-1
2434,43,563.3235294117648,535.5,-1,-1,1,-1,-1,-1
2435,43,618.9117647058823,535.5,-1,-1,1,-1,-1,-1
2436,43,666.5588235294118,543.5,-1,-1,1,-1,-1,-1
2437,43,714.2058823529412,559.5,-1,-1,1,-1,-1,-1
2438,43,769.7941176470589,551.5,-1,-1,1,-1,-1,-1
2439,43,825.3823529411765,551.5,-1,-1,1,-1,-1,-1
2440,43,880.9705882352941,551.5,-1,-1,1,-1,-1,-1
2441,43,944.5,559.5,-1,-1,1,-1,-1,-1
2442,43,1000.0882352941177,559.5,-1,-1,1,-1,-1,-1
2443,43,1047.735294117647,559.5,-1,-1,1,-1,-1,-1
2444,43,1111.264705882353,551.5,-1,-1,1,-1,-1,-1
2445,43,1166.8529411764707,551.5,-1,-1,1,-1,-1,-1
2446,43,1222.4411764705883,543.5,-1,-1,1,-1,-1,-1
2447,43,1278.0294117647059,535.5,-1,-1,1,-1,-1,-1
2448,43,1333.6176470588236,527.5,-1,-1,1,-1,-1,-1
2449,43,1389.2058823529412,519.5,-1,-1,1,-1,-1,-1
2450,43,1452.735294117647,511.5,-1,-1,1,-1,-1,-1
2451,43,1508.3235294117646,503.5,-1,-1,1,-1,-1,-1
2452,43,1548.0294117647059,503.5,-1,-1,1,-1,-1,-1
2453,43,1603.6176470588236,519.5,-1,-1,1,-1,-1,-1
2454,43,1659.2058823529412,503.5,-1,-1,1,-1,-1,-1
2455,43,1706.8529411764707,511.5,-1,-1,1,-1,-1,-1
2456,43,1762.4411764705883,503.5,-1,-1,1,-1,-1,-1
2457,43,1810.0882352941178,511.5,-1,-1,1,-1,-1,-1
2458,43,1865.6764705882354,511.5,-1,-1,1,-1,-1,-1
2476,44,86.8529411764706,543.5,-1,-1,1,-1,-1,-1
2477,44,158.3235294117647,543.5,-1,-1,1,-1,-1,-1
2478,44,229.79411764705884,543.5,-1,-1,1,-1,-1,-1
2479,44,293.3235294117647,551.5,-1,-1,1,-1,-1,-1
2480,44,356.8529411764706,559.5,-1,-1,1,-1,-1,-1
2481,44,412.44117647058823,559.5,-1,-1,1,-1,-1,-1
2482,44,460.0882352941177,567.5,-1,-1,1,-1,-1,-1
2483,44,515.6764705882354,575.5,-1,-1,1,-1,-1,-1
2484,44,571.2647058823529,583.5,-1,-1,1,-1,-1,-1
2485,44,618.9117647058823,583.5,-1,-1,1,-1,-1,-1
2486,44,666.5588235294118,583.5,-1,-1,1,-1,-1,-1
2487,44,714.2058823529412,583.5,-1,-1,1,-1,-1,-1
2488,44,761.8529411764706,583.5,-1,-1,1,-1,-1,-1
2489,44,809.5,575.5,-1,-1,1,-1,-1,-1
2490,44,849.2058823529412,575.5,-1,-1,1,-1,-1,-1
2491,44,888.9117647058824,575.5,-1,-1,1,-1,-1,-1
2492,44,928.6176470588235,567.5,-1,-1,1,-1,-1,-1
2493,44,984.2058823529412,567.5,-1,-1,1,-1,-1,-1
2494,44,1039.7941176470588,559.5,-1,-1,1,-1,-1,-1
2495,44,1095.3823529411766,551.5,-1,-1,1,-1,-1,-1
2496,44,1150.9705882352941,551.5,-1,-1,1,-1,-1,-1
2497,44,1214.5,551.5,-1,-1,1,-1,-1,-1
2498,44,1285.9705882352941,551.5,-1,-1,1,-1,-1,-1
2499,44,1357.4411764705883,551.5,-1,-1,1,-1,-1,-1
2500,44,1428.9117647058824,551.5,-1,-1,1,-1,-1,-1
2501,44,1492.4411764705883,551.5,-1,-1,1,-1,-1,-1
2502,44,1563.9117647058824,559.5,-1,-1,1,-1,-1,-1
2503,44,1643.3235294117646,567.5,-1,-1,1,-1,-1,-1
2504,44,1714.7941176470588,575.5,-1,-1,1,-1,-1,-1
2505,44,1786.264705882353,583.5,-1,-1,1,-1,-1,-1
2506,44,1857.735294117647,575.5,-1,-1,1,-1,-1,-1
2568,45,372.7352941176471,639.5,-1,-1,1,-1,-1,-1
2570,45,404.5,663.5,-1,-1,1,-1,-1,-1
2571,45,388.61764705882354,663.5,-1,-1,1,-1,-1,-1
2572,45,388.61764705882354,671.5,-1,-1,1,-1,-1,-1
2573,45,380.6764705882353,663.5,-1,-1,1,-1,-1,-1
2574,45,388.61764705882354,671.5,-1,-1,1,-1,-1,-1
2575,45,388.61764705882354,671.5,-1,-1,1,-1,-1,-1
2576,45,396.55882352941177,671.5,-1,-1,1,-1,-1,-1
2577,45,404.5,663.5,-1,-1,1,-1,-1,-1
2578,45,412.44117647058823,663.5,-1,-1,1,-1,-1,-1
2579,45,428.3235294117647,671.5,-1,-1,1,-1,-1,-1
2580,45,444.2058823529412,679.5,-1,-1,1,-1,-1,-1
2581,45,468.0294117647059,687.5,-1,-1,1,-1,-1,-1
2582,45,499.79411764705884,695.5,-1,-1,1,-1,-1,-1
2583,45,531.5588235294118,695.5,-1,-1,1,-1,-1,-1
2584,45,563.3235294117648,695.5,-1,-1,1,-1,-1,-1
2585,45,603.0294117647059,703.5,-1,-1,1,-1,-1,-1
2586,45,634.7941176470588,695.5,-1,-1,1,-1,-1,-1
2587,45,658.6176470588235,671.5,-1,-1,1,-1,-1,-1
2588,45,698.3235294117648,663.5,-1,-1,1,-1,-1,-1
2589,45,714.2058823529412,647.5,-1,-1,1,-1,-1,-1
2590,45,738.0294117647059,623.5,-1,-1,1,-1,-1,-1
2591,45,753.9117647058823,607.5,-1,-1,1,-1,-1,-1
2592,45,769.7941176470589,599.5,-1,-1,1,-1,-1,-1
2593,45,785.6764705882354,591.5,-1,-1,1,-1,-1,-1
2594,45,801.5588235294118,591.5,-1,-1,1,-1,-1,-1
2595,45,825.3823529411765,599.5,-1,-1,1,-1,-1,-1
2596,45,833.3235294117648,607.5,-1,-1,1,-1,-1,-1
2597,45,833.3235294117648,607.5,-1,-1,1,-1,-1,-1
2598,45,833.3235294117648,607.5,-1,-1,1,-1,-1,-1
2599,45,833.3235294117648,599.5,-1,-1,1,-1,-1,-1
2600,45,849.2058823529412,591.5,-1,-1,1,-1,-1,-1
2601,45,865.0882352941177,583.5,-1,-1,1,-1,-1,-1
2602,45,888.9117647058824,583.5,-1,-1,1,-1,-1,-1
2603,45,904.7941176470589,583.5,-1,-1,1,-1,-1,-1
2604,45,936.5588235294118,583.5,-1,-1,1,-1,-1,-1
2605,45,976.2647058823529,591.5,-1,-1,1,-1,-1,-1
2606,45,1023.9117647058824,599.5,-1,-1,1,-1,-1,-1
2607,45,1063.6176470588236,599.5,-1,-1,1,-1,-1,-1
2608,45,1103.3235294117646,623.5,-1,-1,1,-1,-1,-1
2609,45,1143.0294117647059,655.5,-1,-1,1,-1,-1,-1
2610,45,1198.6176470588236,679.5,-1,-1,1,-1,-1,-1
2611,45,1246.264705882353,711.5,-1,-1,1,-1,-1,-1
2612,45,1341.5588235294117,751.5,-1,-1,1,-1,-1,-1
2613,45,1413.0294117647059,743.5,-1,-1,1,-1,-1,-1
2614,45,1492.4411764705883,719.5,-1,-1,1,-1,-1,-1
2615,45,1571.8529411764707,703.5,-1,-1,1,-1,-1,-1
2616,45,1667.1470588235295,679.5,-1,-1,1,-1,-1,-1
2617,45,1778.3235294117649,679.5,-1,-1,1,-1,-1,-1
2649,46,70.97058823529412,583.5,-1,-1,1,-1,-1,-1
2650,46,110.6764705882353,591.5,-1,-1,1,-1,-1,-1
2651,46,142.44117647058823,591.5,-1,-1,1,-1,-1,-1
2652,46,182.14705882352942,591.5,-1,-1,1,-1,-1,-1
2653,46,229.79411764705884,591.5,-1,-1,1,-1,-1,-1
2654,46,277.44117647058823,599.5,-1,-1,1,-1,-1,-1
2655,46,317.1470588235294,599.5,-1,-1,1,-1,-1,-1
2656,46,348.9117647058824,599.5,-1,-1,1,-1,-1,-1
2657,46,380.6764705882353,599.5,-1,-1,1,-1,-1,-1
2658,46,404.5,591.5,-1,-1,1,-1,-1,-1
2659,46,444.2058823529412,591.5,-1,-1,1,-1,-1,-1
2660,46,483.9117647058824,591.5,-1,-1,1,-1,-1,-1
2661,46,531.5588235294118,599.5,-1,-1,1,-1,-1,-1
2662,46,563.3235294117648,615.5,-1,-1,1,-1,-1,-1
2663,46,595.0882352941177,623.5,-1,-1,1,-1,-1,-1
2664,46,634.7941176470588,631.5,-1,-1,1,-1,-1,-1
2665,46,674.5,639.5,-1,-1,1,-1,-1,-1
2666,46,722.1470588235294,647.5,-1,-1,1,-1,-1,-1
2667,46,761.8529411764706,655.5,-1,-1,1,-1,-1,-1
2668,46,801.5588235294118,663.5,-1,-1,1,-1,-1,-1
2669,46,841.2647058823529,655.5,-1,-1,1,-1,-1,-1
2670,46,865.0882352941177,639.5,-1,-1,1,-1,-1,-1
2671,46,912.7352941176471,631.5,-1,-1,1,-1,-1,-1
2672,46,960.3823529411765,623.5,-1,-1,1,-1,-1,-1
2673,46,1008.0294117647059,615.5,-1,-1,1,-1,-1,-1
2674,46,1071.5588235294117,615.5,-1,-1,1,-1,-1,-1
2675,46,1143.0294117647059,591.5,-1,-1,1,-1,-1,-1
2676,46,1206.5588235294117,599.5,-1,-1,1,-1,-1,-1
2677,46,1278.0294117647059,599.5,-1,-1,1,-1,-1,-1
2678,46,1357.4411764705883,591.5,-1,-1,1,-1,-1,-1
2679,46,1444.7941176470588,599.5,-1,-1,1,-1,-1,-1
2680,46,1524.2058823529412,607.5,-1,-1,1,-1,-1,-1
2681,46,1619.5,615.5,-1,-1,1,-1,-1,-1
2682,46,1698.9117647058824,631.5,-1,-1,1,-1,-1,-1
2683,46,1786.264705882353,639.5,-1,-1,1,-1,-1,-1
2684,46,1865.6764705882354,655.5,-1,-1,1,-1,-1,-1
2685,47,1198.6176470588236,775.5,-1,-1,1,-1,-1,-1
2686,47,1262.1470588235295,783.5,-1,-1,1,-1,-1,-1
2688,47,1452.735294117647,823.5,-1,-1,1,-1,-1,-1
2689,47,1516.264705882353,823.5,-1,-1,1,-1,-1,-1
2691,47,1659.2058823529412,839.5,-1,-1,1,-1,-1,-1
2836,48,55.08823529411765,367.5,-1,-1,1,-1,-1,-1
2837,48,150.38235294117646,399.5,-1,-1,1,-1,-1,-1
2838,48,253.61764705882354,423.5,-1,-1,1,-1,-1,-1
2839,48,396.55882352941177,471.5,-1,-1,1,-1,-1,-1
2840,48,563.3235294117648,495.5,-1,-1,1,-1,-1,-1
2841,48,650.6764705882354,551.5,-1,-1,1,-1,-1,-1
2841,49,142.44117647058823,335.5,-1,-1,1,-1,-1,-1
2842,48,761.8529411764706,559.5,-1,-1,1,-1,-1,-1
2842,49,205.97058823529412,351.5,-1,-1,1,-1,-1,-1
2843,48,841.2647058823529,567.5,-1,-1,1,-1,-1,-1
2843,49,269.5,367.5,-1,-1,1,-1,-1,-1
2844,48,944.5,591.5,-1,-1,1,-1,-1,-1
2844,49,356.8529411764706,375.5,-1,-1,1,-1,-1,-1
2845,48,1071.5588235294117,631.5,-1,-1,1,-1,-1,-1
2845,49,420.38235294117646,415.5,-1,-1,1,-1,-1,-1
2846,48,1174.7941176470588,679.5,-1,-1,1,-1,-1,-1
2846,49,523.6176470588235,455.5,-1,-1,1,-1,-1,-1
2847,48,1285.9705882352941,719.5,-1,-1,1,-1,-1,-1
2847,49,595.0882352941177,511.5,-1,-1,1,-1,-1,-1
2848,48,1397.1470588235295,735.5,-1,-1,1,-1,-1,-1
2848,49,682.4411764705883,519.5,-1,-1,1,-1,-1,-1
2849,49,753.9117647058823,527.5,-1,-1,1,-1,-1,-1
2863,50,1238.3235294117646,175.5,-1,-1,1,-1,-1,-1
2864,50,1341.5588235294117,199.5,-1,-1,1,-1,-1,-1
2866,50,1174.7941176470588,647.5,-1,-1,1,-1,-1,-1
2867,50,1301.8529411764707,623.5,-1,-1,1,-1,-1,-1
2868,50,1428.9117647058824,631.5,-1,-1,1,-1,-1,-1
2869,50,1555.9705882352941,631.5,-1,-1,1,-1,-1,-1
2870,50,1667.1470588235295,631.5,-1,-1,1,-1,-1,-1
2887,51,47.14705882352941,687.5,-1,-1,1,-1,-1,-1
2888,51,102.73529411764706,687.5,-1,-1,1,-1,-1,-1
2889,51,174.2058823529412,687.5,-1,-1,1,-1,-1,-1
2890,51,237.73529411764707,687.5,-1,-1,1,-1,-1,-1
2891,51,293.3235294117647,679.5,-1,-1,1,-1,-1,-1
2892,51,348.9117647058824,679.5,-1,-1,1,-1,-1,-1
2893,51,404.5,679.5,-1,-1,1,-1,-1,-1
2894,51,317.1470588235294,519.5,-1,-1,1,-1,-1,-1
2895,51,372.7352941176471,503.5,-1,-1,1,-1,-1,-1
2896,51,428.3235294117647,527.5,-1,-1,1,-1,-1,-1
2897,51,491.8529411764706,527.5,-1,-1,1,-1,-1,-1
2898,51,571.2647058823529,519.5,-1,-1,1,-1,-1,-1
2899,51,634.7941176470588,487.5,-1,-1,1,-1,-1,-1
2900,51,714.2058823529412,543.5,-1,-1,1,-1,-1,-1
2901,51,753.9117647058823,559.5,-1,-1,1,-1,-1,-1
2902,51,817.4411764705883,543.5,-1,-1,1,-1,-1,-1
2903,51,857.1470588235294,503.5,-1,-1,1,-1,-1,-1
2904,51,920.6764705882354,519.5,-1,-1,1,-1,-1,-1
2905,51,1015.9705882352941,607.5,-1,-1,1,-1,-1,-1
2906,51,1143.0294117647059,655.5,-1,-1,1,-1,-1,-1
2907,51,1238.3235294117646,671.5,-1,-1,1,-1,-1,-1
2908,51,1325.6764705882354,671.5,-1,-1,1,-1,-1,-1
2909,51,1452.735294117647,679.5,-1,-1,1,-1,-1,-1
2910,51,1516.264705882353,535.5,-1,-1,1,-1,-1,-1
2911,51,1667.1470588235295,559.5,-1,-1,1,-1,-1,-1
2912,51,1833.9117647058824,735.5,-1,-1,1,-1,-1,-1
2925,52,507.7352941176471,271.5,-1,-1,1,-1,-1,-1
2926,52,571.2647058823529,271.5,-1,-1,1,-1,-1,-1
2927,52,634.7941176470588,271.5,-1,-1,1,-1,-1,-1
2928,52,698.3235294117648,287.5,-1,-1,1,-1,-1,-1
2928,53,102.73529411764706,503.5,-1,-1,1,-1,-1,-1
2929,53,174.2058823529412,519.5,-1,-1,1,-1,-1,-1
2930,52,817.4411764705883,327.5,-1,-1,1,-1,-1,-1
2930,53,78.91176470588235,575.5,-1,-1,1,-1,-1,-1
2931,52,873.0294117647059,343.5,-1,-1,1,-1,-1,-1
2931,53,301.2647058823529,567.5,-1,-1,1,-1,-1,-1
2932,53,166.26470588235296,631.5,-1,-1,1,-1,-1,-1
2933,53,221.8529411764706,647.5,-1,-1,1,-1,-1,-1
2934,53,229.79411764705884,671.5,-1,-1,1,-1,-1,-1
2935,53,237.73529411764707,695.5,-1,-1,1,-1,-1,-1
2936,53,277.44117647058823,703.5,-1,-1,1,-1,-1,-1
2937,53,309.20588235294116,711.5,-1,-1,1,-1,-1,-1
2938,53,356.8529411764706,719.5,-1,-1,1,-1,-1,-1
2939,53,404.5,727.5,-1,-1,1,-1,-1,-1
2940,53,460.0882352941177,719.5,-1,-1,1,-1,-1,-1
2941,53,523.6176470588235,711.5,-1,-1,1,-1,-1,-1
2942,53,595.0882352941177,703.5,-1,-1,1,-1,-1,-1
2943,53,650.6764705882354,695.5,-1,-1,1,-1,-1,-1
2944,53,714.2058823529412,687.5,-1,-1,1,-1,-1,-1
2945,53,777.7352941176471,671.5,-1,-1,1,-1,-1,-1
2946,53,849.2058823529412,663.5,-1,-1,1,-1,-1,-1
2947,53,920.6764705882354,647.5,-1,-1,1,-1,-1,-1
2948,53,984.2058823529412,639.5,-1,-1,1,-1,-1,-1
2949,52,1698.9117647058824,335.5,-1,-1,1,-1,-1,-1
2949,53,1063.6176470588236,631.5,-1,-1,1,-1,-1,-1
2950,52,1762.4411764705883,327.5,-1,-1,1,-1,-1,-1
2950,53,1135.0882352941176,631.5,-1,-1,1,-1,-1,-1
2951,53,1206.5588235294117,623.5,-1,-1,1,-1,-1,-1
2952,53,1278.0294117647059,607.5,-1,-1,1,-1,-1,-1
2953,53,1349.5,607.5,-1,-1,1,-1,-1,-1
2954,53,1428.9117647058824,599.5,-1,-1,1,-1,-1,-1
2955,53,1500.3823529411766,607.5,-1,-1,1,-1,-1,-1
2956,53,1579.7941176470588,599.5,-1,-1,1,-1,-1,-1
2957,53,1659.2058823529412,607.5,-1,-1,1,-1,-1,-1
2958,53,1746.5588235294117,599.5,-1,-1,1,-1,-1,-1
2959,53,1436.8529411764707,463.5,-1,-1,1,-1,-1,-1
2960,53,1508.3235294117646,447.5,-1,-1,1,-1,-1,-1
2961,53,1571.8529411764707,447.5,-1,-1,1,-1,-1,-1
2962,53,1643.3235294117646,431.5,-1,-1,1,-1,-1,-1
2964,53,1818.0294117647059,423.5,-1,-1,1,-1,-1,-1
2966,54,110.6764705882353,583.5,-1,-1,1,-1,-1,-1
2967,54,182.14705882352942,583.5,-1,-1,1,-1,-1,-1
2968,54,245.6764705882353,583.5,-1,-1,1,-1,-1,-1
2969,54,301.2647058823529,591.5,-1,-1,1,-1,-1,-1
2970,54,309.20588235294116,583.5,-1,-1,1,-1,-1,-1
2971,54,364.79411764705884,599.5,-1,-1,1,-1,-1,-1
2974,54,507.7352941176471,615.5,-1,-1,1,-1,-1,-1
2975,54,547.4411764705883,615.5,-1,-1,1,-1,-1,-1
2976,54,595.0882352941177,623.5,-1,-1,1,-1,-1,-1
2977,54,650.6764705882354,615.5,-1,-1,1,-1,-1,-1
2978,54,714.2058823529412,623.5,-1,-1,1,-1,-1,-1
2979,54,753.9117647058823,639.5,-1,-1,1,-1,-1,-1
2980,54,801.5588235294118,647.5,-1,-1,1,-1,-1,-1
2981,54,857.1470588235294,639.5,-1,-1,1,-1,-1,-1
2982,54,928.6176470588235,647.5,-1,-1,1,-1,-1,-1
2983,54,992.1470588235294,639.5,-1,-1,1,-1,-1,-1
2984,54,1063.6176470588236,639.5,-1,-1,1,-1,-1,-1
2985,54,1135.0882352941176,647.5,-1,-1,1,-1,-1,-1
2986,54,1206.5588235294117,647.5,-1,-1,1,-1,-1,-1
2987,54,1262.1470588235295,655.5,-1,-1,1,-1,-1,-1
2988,54,1333.6176470588236,655.5,-1,-1,1,-1,-1,-1
2989,54,1397.1470588235295,655.5,-1,-1,1,-1,-1,-1
2990,54,1468.6176470588236,655.5,-1,-1,1,-1,-1,-1
2991,54,1516.264705882353,655.5,-1,-1,1,-1,-1,-1
2992,54,1579.7941176470588,655.5,-1,-1,1,-1,-1,-1
2993,54,1643.3235294117646,647.5,-1,-1,1,-1,-1,-1
2994,54,1706.8529411764707,647.5,-1,-1,1,-1,-1,-1
2995,54,1770.3823529411766,639.5,-1,-1,1,-1,-1,-1
2996,54,1841.8529411764707,639.5,-1,-1,1,-1,-1,-1
2997,54,1865.6764705882354,639.5,-1,-1,1,-1,-1,-1
3090,55,507.7352941176471,615.5,-1,-1,1,-1,-1,-1
3091,55,547.4411764705883,623.5,-1,-1,1,-1,-1,-1
3092,55,579.2058823529412,623.5,-1,-1,1,-1,-1,-1
3093,55,618.9117647058823,631.5,-1,-1,1,-1,-1,-1
3094,55,674.5,639.5,-1,-1,1,-1,-1,-1
3095,55,730.0882352941177,639.5,-1,-1,1,-1,-1,-1
3097,55,801.5588235294118,663.5,-1,-1,1,-1,-1,-1
3098,55,857.1470588235294,663.5,-1,-1,1,-1,-1,-1
3099,55,904.7941176470589,671.5,-1,-1,1,-1,-1,-1
3100,55,952.4411764705883,671.5,-1,-1,1,-1,-1,-1
3102,55,1055.6764705882354,695.5,-1,-1,1,-1,-1,-1
3104,55,1150.9705882352941,695.5,-1,-1,1,-1,-1,-1
3105,55,1198.6176470588236,695.5,-1,-1,1,-1,-1,-1
3183,56,94.79411764705883,543.5,-1,-1,1,-1,-1,-1
3184,56,142.44117647058823,543.5,-1,-1,1,-1,-1,-1
3185,56,182.14705882352942,543.5,-1,-1,1,-1,-1,-1
3186,56,229.79411764705884,543.5,-1,-1,1,-1,-1,-1
3187,56,269.5,551.5,-1,-1,1,-1,-1,-1
3189,56,333.0294117647059,559.5,-1,-1,1,-1,-1,-1
3198,56,738.0294117647059,583.5,-1,-1,1,-1,-1,-1
3199,56,769.7941176470589,583.5,-1,-1,1,-1,-1,-1
3213,57,174.2058823529412,703.5,-1,-1,1,-1,-1,-1
3214,57,229.79411764705884,711.5,-1,-1,1,-1,-1,-1
3215,57,293.3235294117647,727.5,-1,-1,1,-1,-1,-1
3216,57,364.79411764705884,735.5,-1,-1,1,-1,-1,-1
3217,57,539.5,567.5,-1,-1,1,-1,-1,-1
3220,57,745.9705882352941,839.5,-1,-1,1,-1,-1,-1
3221,57,753.9117647058823,551.5,-1,-1,1,-1,-1,-1
3222,57,793.6176470588235,551.5,-1,-1,1,-1,-1,-1
3223,57,841.2647058823529,551.5,-1,-1,1,-1,-1,-1
3224,57,888.9117647058824,551.5,-1,-1,1,-1,-1,-1
3225,57,936.5588235294118,559.5,-1,-1,1,-1,-1,-1
3226,57,976.2647058823529,559.5,-1,-1,1,-1,-1,-1
3227,57,1015.9705882352941,559.5,-1,-1,1,-1,-1,-1
3228,57,1063.6176470588236,559.5,-1,-1,1,-1,-1,-1
3229,57,1119.2058823529412,567.5,-1,-1,1,-1,-1,-1
3230,57,1166.8529411764707,567.5,-1,-1,1,-1,-1,-1
3231,57,1230.3823529411766,559.5,-1,-1,1,-1,-1,-1
3232,57,1285.9705882352941,551.5,-1,-1,1,-1,-1,-1
3233,57,1357.4411764705883,543.5,-1,-1,1,-1,-1,-1
3234,57,1436.8529411764707,527.5,-1,-1,1,-1,-1,-1
3234,58,706.2647058823529,575.5,-1,-1,1,-1,-1,-1
3235,57,1508.3235294117646,511.5,-1,-1,1,-1,-1,-1
3235,58,809.5,567.5,-1,-1,1,-1,-1,-1
3236,57,1587.735294117647,503.5,-1,-1,1,-1,-1,-1
3236,58,912.7352941176471,551.5,-1,-1,1,-1,-1,-1
3237,57,1690.9705882352941,495.5,-1,-1,1,-1,-1,-1
3237,58,1008.0294117647059,543.5,-1,-1,1,-1,-1,-1
3238,57,1786.264705882353,487.5,-1,-1,1,-1,-1,-1
3238,58,1111.264705882353,535.5,-1,-1,1,-1,-1,-1
3239,58,1214.5,527.5,-1,-1,1,-1,-1,-1
3240,58,1309.7941176470588,519.5,-1,-1,1,-1,-1,-1
3314,59,70.97058823529412,623.5,-1,-1,1,-1,-1,-1
3315,59,126.55882352941177,631.5,-1,-1,1,-1,-1,-1
3316,59,190.08823529411765,631.5,-1,-1,1,-1,-1,-1
3317,59,253.61764705882354,631.5,-1,-1,1,-1,-1,-1
3318,59,309.20588235294116,639.5,-1,-1,1,-1,-1,-1
3319,59,372.7352941176471,639.5,-1,-1,1,-1,-1,-1
3320,59,436.2647058823529,639.5,-1,-1,1,-1,-1,-1
3321,59,499.79411764705884,639.5,-1,-1,1,-1,-1,-1
3322,59,571.2647058823529,647.5,-1,-1,1,-1,-1,-1
3323,59,634.7941176470588,647.5,-1,-1,1,-1,-1,-1
3324,59,706.2647058823529,647.5,-1,-1,1,-1,-1,-1
3325,59,769.7941176470589,639.5,-1,-1,1,-1,-1,-1
3326,59,833.3235294117648,639.5,-1,-1,1,-1,-1,-1
3327,59,888.9117647058824,631.5,-1,-1,1,-1,-1,-1
3328,59,952.4411764705883,631.5,-1,-1,1,-1,-1,-1
3329,59,984.2058823529412,647.5,-1,-1,1,-1,-1,-1
3330,59,1023.9117647058824,639.5,-1,-1,1,-1,-1,-1
3331,59,1071.5588235294117,647.5,-1,-1,1,-1,-1,-1
3332,59,1111.264705882353,647.5,-1,-1,1,-1,-1,-1
3333,59,1158.9117647058824,631.5,-1,-1,1,-1,-1,-1
3334,59,1214.5,623.5,-1,-1,1,-1,-1,-1
3335,59,1293.9117647058824,615.5,-1,-1,1,-1,-1,-1
3336,59,1373.3235294117646,639.5,-1,-1,1,-1,-1,-1
3337,59,1460.6764705882354,631.5,-1,-1,1,-1,-1,-1
3338,59,1532.1470588235295,607.5,-1,-1,1,-1,-1,-1
3339,59,1611.5588235294117,591.5,-1,-1,1,-1,-1,-1
3340,59,1683.0294117647059,575.5,-1,-1,1,-1,-1,-1
3341,59,1770.3823529411766,559.5,-1,-1,1,-1,-1,-1
3342,59,1841.8529411764707,543.5,-1,-1,1,-1,-1,-1
3459,60,39.205882352941174,655.5,-1,-1,1,-1,-1,-1
3460,60,86.8529411764706,663.5,-1,-1,1,-1,-1,-1
3461,60,126.55882352941177,663.5,-1,-1,1,-1,-1,-1
3462,60,190.08823529411765,663.5,-1,-1,1,-1,-1,-1
3463,60,245.6764705882353,663.5,-1,-1,1,-1,-1,-1
3464,60,301.2647058823529,663.5,-1,-1,1,-1,-1,-1
3465,60,356.8529411764706,663.5,-1,-1,1,-1,-1,-1
3466,60,428.3235294117647,663.5,-1,-1,1,-1,-1,-1
3467,60,483.9117647058824,663.5,-1,-1,1,-1,-1,-1
3468,60,539.5,671.5,-1,-1,1,-1,-1,-1
3469,60,587.1470588235294,671.5,-1,-1,1,-1,-1,-1
3470,60,642.7352941176471,671.5,-1,-1,1,-1,-1,-1
3471,60,698.3235294117648,679.5,-1,-1,1,-1,-1,-1
3471,61,420.38235294117646,639.5,-1,-1,1,-1,-1,-1
3472,60,738.0294117647059,695.5,-1,-1,1,-1,-1,-1
3473,60,785.6764705882354,703.5,-1,-1,1,-1,-1,-1
3474,60,841.2647058823529,711.5,-1,-1,1,-1,-1,-1
3474,61,563.3235294117648,647.5,-1,-1,1,-1,-1,-1
3475,60,888.9117647058824,727.5,-1,-1,1,-1,-1,-1
3476,60,936.5588235294118,743.5,-1,-1,1,-1,-1,-1
3477,60,976.2647058823529,743.5,-1,-1,1,-1,-1,-1
3478,60,1015.9705882352941,743.5,-1,-1,1,-1,-1,-1
3479,60,1071.5588235294117,751.5,-1,-1,1,-1,-1,-1
3480,61,793.6176470588235,671.5,-1,-1,1,-1,-1,-1
3481,60,1135.0882352941176,743.5,-1,-1,1,-1,-1,-1
3481,61,833.3235294117648,671.5,-1,-1,1,-1,-1,-1
3482,60,1174.7941176470588,743.5,-1,-1,1,-1,-1,-1
3482,61,880.9705882352941,663.5,-1,-1,1,-1,-1,-1
3483,60,1230.3823529411766,735.5,-1,-1,1,-1,-1,-1
3483,61,920.6764705882354,663.5,-1,-1,1,-1,-1,-1
3484,60,1270.0882352941176,719.5,-1,-1,1,-1,-1,-1
3484,61,960.3823529411765,663.5,-1,-1,1,-1,-1,-1
3485,60,1317.735294117647,719.5,-1,-1,1,-1,-1,-1
3485,61,1008.0294117647059,655.5,-1,-1,1,-1,-1,-1
3486,60,1365.3823529411766,719.5,-1,-1,1,-1,-1,-1
3486,61,1047.735294117647,655.5,-1,-1,1,-1,-1,-1
3487,60,1420.9705882352941,719.5,-1,-1,1,-1,-1,-1
3487,61,1103.3235294117646,655.5,-1,-1,1,-1,-1,-1
3488,60,1476.5588235294117,719.5,-1,-1,1,-1,-1,-1
3489,60,1540.0882352941178,719.5,-1,-1,1,-1,-1,-1
3490,60,1587.735294117647,719.5,-1,-1,1,-1,-1,-1
3491,60,1643.3235294117646,719.5,-1,-1,1,-1,-1,-1
3492,60,1690.9705882352941,711.5,-1,-1,1,-1,-1,-1
3493,60,1746.5588235294117,711.5,-1,-1,1,-1,-1,-1
3494,60,1810.0882352941178,703.5,-1,-1,1,-1,-1,-1
3496,60,1865.6764705882354,703.5,-1,-1,1,-1,-1,-1
3520,62,198.02941176470588,303.5,-1,-1,1,-1,-1,-1
3537,62,960.3823529411765,439.5,-1,-1,1,-1,-1,-1
3538,62,976.2647058823529,447.5,-1,-1,1,-1,-1,-1
3540,62,1000.0882352941177,423.5,-1,-1,1,-1,-1,-1
3543,62,1015.9705882352941,415.5,-1,-1,1,-1,-1,-1
3545,62,1008.0294117647059,391.5,-1,-1,1,-1,-1,-1
3546,62,1023.9117647058824,407.5,-1,-1,1,-1,-1,-1
3548,62,1023.9117647058824,367.5,-1,-1,1,-1,-1,-1
3549,62,1031.8529411764707,391.5,-1,-1,1,-1,-1,-1
